4.022200975831828
Time 	 Eb 	 Ea 	 Ep 	 phi_d 	 phi_z 	 KED 	 MLD 	 K 	 E_k 	 Eb_D 	 Ea_D 	 Ep_D 	 phi_d_D 	 phi_z_D 	 KED_D 	 K_D 	 Eb_U 	 Ea_U 	 Ep_U 	 phi_d_U 	 phi_z_U 	 KED_U 	 K_U 
931.4999999968353	0.0	29741531463.342804	29741531463.342804	0.0002794219492760685	-2825.3901160040123	2.888886438303573e-06	-8.515974440894569	1.41448616124566	54755.54844430642	0.0	772130149.0636346	772130149.0636346	0.0005078683605616881	814046.2288428444	1.3283878507802054e-05	0.7093508842280764	0.0	1061499990.5473619	1061499990.5473619	0.0029794077464108367	-808461.3032341745	8.327748386907479e-06	4.148447509445882
971.999999996645	0.0	29741472637.574497	29741472637.574497	0.0002826979964794653	-2915.2469282624497	2.8757507634508844e-06	-8.579273162939296	1.4301110453728187	54487.164006475345	0.0	772125725.2770998	772125725.2770998	0.0005425647436598691	818945.2219927257	1.3290747773241692e-05	0.7572896368001015	0.0	1061495287.4019346	1061495287.4019346	0.0027905981111311364	-807165.5511505447	8.2269778688319e-06	3.8838644685077854
1012.4999999964547	0.0	29741418583.042908	29741418583.042908	0.0003022372442468941	-2393.179719579294	2.8519784598792904e-06	-8.617312300319488	1.528418107027164	54055.8789964925	0.0	772122370.1791234	772122370.1791234	0.0006084798768468303	818165.5745768858	1.3190096464235097e-05	0.8493669149991526	0.0	1061490254.275371	1061490254.275371	0.002624343654130208	-804671.5974063836	8.125164427240779e-06	3.650663303976826
1052.9999999968138	0.0	29741366848.835075	29741366848.835075	0.00014850305002943082	-2387.335048209982	2.831734225753239e-06	-8.655650958466454	0.7509187942652703	53628.41746090663	0.0	772119241.332441	772119241.332441	0.0006342380577547485	822958.6047242413	1.3125527730147072e-05	0.8861691299741838	0.0	1061484964.1286176	1061484964.1286176	0.0025629313807910784	-801893.1383655006	8.02541803928218e-06	3.563223779067419
1093.499999997391	0.0	29741316688.584267	29741316688.584267	0.00018673157004142938	-1909.1707943241418	2.816694405292934e-06	-8.700379392971247	0.9437465223672631	53326.40239272678	0.0	772115250.0490352	772115250.0490352	0.000642469500914654	837634.1701124958	1.3115188220516918e-05	0.8985444254090638	0.0	1061479477.4240439	1061479477.4240439	0.002514563117663486	-798159.3112133583	7.931540346557885e-06	3.493842736028783
1133.999999997968	0.0	29741262614.897232	29741262614.897232	0.0004344083293770378	-651.7463125095458	2.7927750843607916e-06	-8.74420926517572	2.1944967434104976	52877.92945520603	0.0	772110660.0202576	772110660.0202576	0.0006684804675306363	840714.3655106772	1.2983198945641798e-05	0.9348484727055483	0.0	1061473860.7002151	1061473860.7002151	0.0024555359724060914	-793230.3471431874	7.847375424333973e-06	3.409617632761247
1174.499999998545	0.0	29741201513.2745	29741201513.2745	0.0001949060734241585	-445.917527965971	2.766999477641101e-06	-8.803314696485623	0.9840890945895684	52347.72591191722	0.0	772105708.7370564	772105708.7370564	0.0006524856382249226	841520.6961049195	1.2821074600099396e-05	0.912984829318718	0.0	1061468094.5644671	1061468094.5644671	0.002419994281486826	-788864.5791290252	7.770119740691033e-06	3.3579967553874934
1214.999999999122	0.0	29741139497.140728	29741139497.140728	0.00014883390943483526	-228.3584133095351	2.767548050199767e-06	-8.865215654952078	0.7514972093869876	52328.29618558234	0.0	772101104.7561873	772101104.7561873	0.0005997571625201967	845157.2880264191	1.2932007427119533e-05	0.8393311450848577	0.0	1061462143.3773621	1061462143.3773621	0.002335249632846073	-784129.6236164677	7.698218232713435e-06	3.238227517557751
1255.4999999996992	0.0	29741079240.621662	29741079240.621662	0.0001842181462533692	-35.02929005887732	2.750151704142452e-06	-8.914037539936102	0.9298483268372036	51958.63937134953	0.0	772097230.0270452	772097230.0270452	0.0005916215128919037	837313.3939095982	1.2837358674688412e-05	0.8280305295883229	0.0	1061456021.7654443	1061456021.7654443	0.0022539439573104536	-778682.9701143329	7.632634950798839e-06	3.1235177027248437
1296.0000000002763	0.0	29741019061.095448	29741019061.095448	0.00010021157034520212	-434.7998696031847	2.7230113898355346e-06	-8.966952875399361	0.5056320873184204	51453.12419121875	0.0	772093324.628228	772093324.628228	0.0005394816400552962	829116.8161026957	1.2657731671319514e-05	0.7551739953384509	0.0	1061449727.2528223	1061449727.2528223	0.0022042996122190045	-774126.2478927387	7.56897859672786e-06	3.0531767415002506
1336.5000000008533	0.0	29740956985.83353	29740956985.83353	7.430299707529545e-05	-476.7046750928699	2.7256132440261547e-06	-9.037140575079873	0.37492912184779287	51494.742996656	0.0	772089513.9291537	772089513.9291537	0.00045655157897885935	835263.1322026583	1.280070646588017e-05	0.6394316611572288	0.0	1061443280.2467563	1061443280.2467563	0.002171952436845272	-770381.1219026435	7.5090628098776726e-06	3.0074095423325122
1377.0000000014304	0.0	29740899538.008804	29740899538.008804	6.454294775006821e-05	-426.1733885723187	2.718770857766472e-06	-9.088957667731629	0.3255847894750518	51279.0231670938	0.0	772086293.3111308	772086293.3111308	0.00041272529026337905	838929.9047958688	1.280142301641935e-05	0.578252362519325	0.0	1061436818.3448684	1061436818.3448684	0.0021616019122304856	-765780.2401144111	7.4535416549656e-06	2.9928173433598833
1417.5000000020075	0.0	29740843981.933426	29740843981.933426	4.648079270834439e-05	-93.09954355531227	2.6926659365222557e-06	-9.141273961661343	0.2343874899768563	50834.693756504246	0.0	772084415.4800482	772084415.4800482	0.0003457624070607658	828177.571455194	1.2576365830064707e-05	0.48464438420007716	0.0	1061430338.5019348	1061430338.5019348	0.0021876308300398497	-761537.3140366166	7.401221985161592e-06	3.029161086989535
1458.0000000025846	0.0	29740787976.591377	29740787976.591377	4.162865874118026e-05	-865.5234740144579	2.6853012415185698e-06	-9.199480830670927	0.20992451338202106	50724.920395211055	0.0	772080799.3764035	772080799.3764035	0.0002531051254796272	821592.5855444412	1.2603522472191152e-05	0.35490628737143065	0.0	1061423818.7801809	1061423818.7801809	0.0022152008416240353	-758203.2468847119	7.34949586980962e-06	3.068041018619338
1498.5000000031616	0.0	29740730480.62208	29740730480.62208	4.1240950198970096e-05	-396.9072019989724	2.6888519928450485e-06	-9.25569089456869	0.20795273694772495	50689.13949506353	0.0	772078183.9515431	772078183.9515431	0.00020230581951398175	830415.0300690186	1.271972988933998e-05	0.28377846250053396	0.0	1061417278.2712963	1061417278.2712963	0.00230867926528675	-754256.5396364316	7.301013091815806e-06	3.198757629073715
1539.0000000037387	0.0	29740677493.584328	29740677493.584328	3.372592875194181e-05	335.98348801689275	2.6627785898467732e-06	-9.308905750798722	0.17007967303310345	50237.73460728655	0.0	772076974.6369059	772076974.6369059	0.0001690197788639831	832948.5879247382	1.2480613091543134e-05	0.2372100706262561	0.0	1061410734.7506754	1061410734.7506754	0.0023870058654442434	-750503.7350760032	7.254146023544302e-06	3.308930249771818
1579.5000000043158	0.0	29740626882.178123	29740626882.178123	3.590122351923915e-05	-587.9290147934812	2.6551520670295618e-06	-9.358326677316294	0.18110746323657226	50144.53967686538	0.0	772073343.8648909	772073343.8648909	0.00013282370292146746	800315.5866493038	1.2478243929700437e-05	0.18642656207572003	0.0	1061404178.6758276	1061404178.6758276	0.0024891361902035685	-747701.025980447	7.206527670989331e-06	3.452295216529651
1620.0000000048929	0.0	29740565397.95211	29740565397.95211	3.069700110607352e-05	-910.3856416328778	2.646912483343334e-06	-9.420826677316294	0.15487603910091943	49888.33244365254	0.0	772073058.8925437	772073058.8925437	0.00011724623254718083	812173.0909129947	1.2517083096876909e-05	0.16454746203406406	0.0	1061397624.450438	1061397624.450438	0.0025237708604905437	-744314.1003670446	7.16033335898899e-06	3.502056371830441
1660.50000000547	0.0	29740522625.59825	29740522625.59825	2.912845519369585e-05	214.07451467314888	2.631416557751739e-06	-9.461861022364218	0.14703503987193267	49639.13043227323	0.0	772072448.5110457	772072448.5110457	0.00010469684869836963	824911.7844737847	1.2375070047443971e-05	0.14699161783612802	0.0	1061391093.917227	1061391093.917227	0.0024983593999945443	-741053.3762526542	7.113939271800592e-06	3.4682093113876644
1701.000000006047	0.0	29740474248.285736	29740474248.285736	3.2315265499258136e-05	-692.5529926475616	2.6093427532494535e-06	-9.510882587859426	0.1631647290714236	49250.64933200025	0.0	772067699.5367632	772067699.5367632	8.590593168712884e-05	789224.7889178899	1.222426609270053e-05	0.12058428810351252	0.0	1061384581.0590659	1061384581.0590659	0.002460245011387082	-738234.2042903983	7.069943527054592e-06	3.4164433953078115
1741.500000006624	0.0	29740416208.16121	29740416208.16121	3.0286874720207434e-05	-645.2894677137771	2.6015270824216015e-06	-9.575379392971247	0.15295794330999954	49071.07592618841	0.0	772068542.0728273	772068542.0728273	7.486604263225066e-05	817598.3592115348	1.2171373955935817e-05	0.10508328867463836	0.0	1061378109.2186553	1061378109.2186553	0.002512007791543869	-735344.536825232	7.0313212486041445e-06	3.4890702143160923
1782.0000000072012	0.0	29740372361.24979	29740372361.24979	3.1737524913183704e-05	53.261077098490176	2.581309833372918e-06	-9.61930910543131	0.16032603006228732	48717.19832360927	0.0	772065868.8049664	772065868.8049664	6.67033588916455e-05	824063.479726553	1.2036560372456511e-05	0.09363797680837857	0.0	1061371683.574457	1061371683.574457	0.0025396574523290486	-732900.487640511	6.999587757723872e-06	3.5275828933142304
1822.5000000077782	0.0	29740311672.542572	29740311672.542572	2.7396518902925572e-05	147.46805016081868	2.528770771033995e-06	-9.667132587859426	0.13835489432839465	47747.66836848027	0.0	772062787.6175923	772062787.6175923	6.026646946399342e-05	778661.4910377301	1.178133622275028e-05	0.08458020827789418	0.0	1061365280.2007868	1061365280.2007868	0.001220040085115801	-731603.304020978	6.980701345878946e-06	1.6944816382180317
1863.0000000083553	0.0	29740252787.445053	29740252787.445053	3.121092021739067e-05	117.10318942376546	2.5219856127393302e-06	-9.73202875399361	0.15764065569414878	47606.74195659386	0.0	772064383.3149825	772064383.3149825	6.080082444957568e-05	801970.2671765782	1.1746566647983275e-05	0.08533198167445238	0.0	1061358900.3059326	1061358900.3059326	0.0009307514596018558	-729319.590322382	6.953112195306596e-06	1.2923261406575457
1903.5000000089324	0.0	29740214937.538284	29740214937.538284	2.8781976226925704e-05	131.37612498003898	2.5005316661829662e-06	-9.76797124600639	0.14536283870326494	47237.3847746738	0.0	772061396.6938504	772061396.6938504	5.2903219226148036e-05	837075.8392629755	1.1511702619632816e-05	0.0742568171637408	0.0	1061352547.3652792	1061352547.3652792	0.0008824055500903216	-727359.2495778415	6.916182378805486e-06	1.2247183218637874
1944.0000000095094	0.0	29740167102.35115	29740167102.35115	2.8412584880158433e-05	137.7060048407034	2.4804142496780214e-06	-9.80870607028754	0.14347975795210513	46888.385131970426	0.0	772060656.2527509	772060656.2527509	5.065303090661149e-05	793573.3643663612	1.1305574734623365e-05	0.07108227931074992	0.0	1061346192.8793561	1061346192.8793561	0.0008489057519542977	-726785.0487506278	6.864448845919351e-06	1.1776621766677284
1984.5000000100865	0.0	29740106433.735435	29740106433.735435	2.8693045625123513e-05	143.86902382828123	2.4567085726380728e-06	-9.86451677316294	0.14485182792351373	46437.73510350454	0.0	772060431.8871369	772060431.8871369	5.433429944863739e-05	806348.0230768119	1.1128032845145212e-05	0.07626877052124291	0.0	1061339695.2119428	1061339695.2119428	0.0008209278329893263	-728069.3681485826	6.804692864251752e-06	1.1381778006809398
2025.0000000106636	0.0	29740065880.801666	29740065880.801666	2.8491158561317402e-05	153.53398182280588	2.439646997186016e-06	-9.903753993610223	0.14379042259352898	46155.49244282894	0.0	772058542.977621	772058542.977621	5.170620529093807e-05	822735.676156624	1.1020561701325737e-05	0.07254542866471658	0.0	1061333207.715578	1061333207.715578	0.0007387547185038357	-725849.8942307329	6.745524533788339e-06	1.0236414928664022
2065.5000000105774	0.0	29740019496.318314	29740019496.318314	2.9162742403551337e-05	169.57953006641975	2.4444429661281333e-06	-9.945886581469649	0.14716250232788963	46173.02689388357	0.0	772057742.1170286	772057742.1170286	5.266460721463806e-05	798731.8817126263	1.1123855011858652e-05	0.073871593965552	0.0	1061326997.2740686	1061326997.2740686	0.0006546983374530041	-724087.000627199	6.71239748013223e-06	0.9067717495474196
2106.0000000096197	0.0	29739961055.685917	29739961055.685917	2.938810799289565e-05	165.46574734040203	2.4621198892684664e-06	-10.005291533546325	0.14830248598133045	46544.67159737643	0.0	772056910.6077728	772056910.6077728	5.5585406717099836e-05	792722.9567968023	1.1219030362651585e-05	0.07797951867733768	0.0	1061320952.893323	1061320952.893323	0.0005793358229884736	-720920.9235797252	6.732501906971681e-06	0.8022927219830255
2146.500000008662	0.0	29739917578.777004	29739917578.777004	4.5839411841169674e-05	161.7810683005406	2.4510094911220085e-06	-10.050519169329073	0.23140942738542897	46398.911844847855	0.0	772056523.655843	772056523.655843	5.415229792397706e-05	793336.9761316213	1.1102708799104216e-05	0.07597382716589902	0.0	1061314887.1710868	1061314887.1710868	0.0005281815940394161	-717526.3622995566	6.777877389404746e-06	0.731745996814285
2187.0000000077043	0.0	29739876994.413795	29739876994.413795	3.9051184892794945e-05	191.37518155910288	2.452095179178753e-06	-10.08716054313099	0.19725661102696398	46339.90006811535	0.0	772055756.4626288	772055756.4626288	5.085354869506891e-05	787895.8527522185	1.1154674308758707e-05	0.0713133685362532	0.0	1061308799.5057526	1061308799.5057526	0.0005068968241986642	-715059.9506881959	6.790239158537032e-06	0.702933863387185
2227.5000000067466	0.0	29739827571.24052	29739827571.24052	3.6748511350492095e-05	158.2909066870747	2.483388348223839e-06	-10.136880990415335	0.1856522414599858	46878.01312070278	0.0	772055962.6429031	772055962.6429031	5.4505359079447783e-05	771685.8975773379	1.1403719428355208e-05	0.07642951606567026	0.0	1061302783.9393162	1061302783.9393162	0.0005024930353822027	-712427.2781392838	6.741575807349494e-06	0.6970027334250083
2268.000000005789	0.0	29739789858.49281	29739789858.49281	3.7774059578197256e-05	175.57520077340226	2.477490548839439e-06	-10.180710862619808	0.19086367788162498	46802.67932896374	0.0	772057420.2322428	772057420.2322428	5.5220919761905835e-05	771063.1432431422	1.1562915965381675e-05	0.07745239746011688	0.0	1061296912.1811723	1061296912.1811723	0.0005055994284674559	-714916.3389441494	6.664405168213849e-06	0.7015880418934156
2308.5000000048312	0.0	29739748133.371124	29739748133.371124	3.7927414047876474e-05	187.36293438890715	2.470603038567226e-06	-10.223043130990416	0.19175154523068547	46636.42640237452	0.0	772056316.8971819	772056316.8971819	5.412812616410784e-05	782085.8303561399	1.1558445138668261e-05	0.07588078466859606	0.0	1061291166.9638039	1061291166.9638039	0.0005061499138688694	-708488.21109852	6.638624875818754e-06	0.7032215802624252
2349.0000000038735	0.0	29739707436.099262	29739707436.099262	4.097127440411201e-05	192.91161953518701	2.493146883597724e-06	-10.263877795527156	0.2073105041438646	47028.00433792897	0.0	772057667.5175984	772057667.5175984	5.853665136386494e-05	786191.2433356274	1.164731712956057e-05	0.08197206499250834	0.0	1061285552.3911974	1061285552.3911974	0.000503171434009023	-712984.4735992437	6.647233498054827e-06	0.700130602080582
2389.500000002916	0.0	29739670427.485832	29739670427.485832	4.235917610447008e-05	202.99187494789413	2.499422099530411e-06	-10.296226038338657	0.21448253624478736	47183.975846262176	0.0	772058875.2351615	772058875.2351615	5.6779044341332404e-05	739565.186839541	1.180907734977237e-05	0.0795328507037092	0.0	1061280082.9875965	1061280082.9875965	0.0005082986951444085	-709713.7630812633	6.654387296915357e-06	0.7082525593120046
2430.000000001958	0.0	29739623915.307083	29739623915.307083	4.5411400274936124e-05	194.5506662188672	2.4730492536454244e-06	-10.342951277955272	0.22998613107131904	46780.69085957199	0.0	772059098.6364464	772059098.6364464	5.676106569639778e-05	768425.7996676587	1.1627490479829346e-05	0.07947199509363269	0.0	1061274603.7340271	1061274603.7340271	0.0005286670936093822	-708794.3706863394	6.618613233147794e-06	0.7371512077708886
2470.5000000010004	0.0	29739592276.160774	29739592276.160774	4.963975215951661e-05	210.6598106157061	2.478529411762662e-06	-10.382887380191693	0.2514574554172788	46830.98657186795	0.0	772061606.4901024	772061606.4901024	6.438587356262737e-05	789604.8546182698	1.1748854422179008e-05	0.0900754553198899	0.0	1061269179.2248675	1061269179.2248675	0.0005383444665575139	-710834.2445605241	6.493138904932485e-06	0.7510188879321503
2511.0000000000427	0.0	29739567528.168472	29739567528.168472	4.992592654105241e-05	191.28798019310045	2.476825883136904e-06	-10.403554313099042	0.25300053316071536	46780.607505017266	0.0	772062784.5130377	772062784.5130377	7.656362588627821e-05	767201.206232951	1.1920057638988205e-05	0.10707949987211964	0.0	1061263972.3603004	1061263972.3603004	0.0005212433286413372	-713038.328925435	6.412819562892923e-06	0.7275937103645846
2551.499999999085	0.0	29739520819.450172	29739520819.450172	5.2673472707838464e-05	221.03021342194396	2.4989179378246154e-06	-10.449380990415335	0.26702178126909487	47243.61806116243	0.0	772062740.541594	772062740.541594	9.332207005961849e-05	741793.3059515409	1.2062508057142327e-05	0.13049313446452526	0.0	1061259069.3907512	1061259069.3907512	0.0005187034912682484	-713927.4357080762	6.404572631172644e-06	0.7244545763564108
2591.9999999981274	0.0	29739483536.92558	29739483536.92558	5.288184993137854e-05	202.2150664833254	2.4851577342898802e-06	-10.483626198083067	0.26813848020082426	47034.00618926747	0.0	772063596.9667487	772063596.9667487	9.944224941904095e-05	762995.8700134156	1.2049355162715582e-05	0.13901841885038652	0.0	1061254375.1575344	1061254375.1575344	0.000518760186524283	-714644.6546763106	6.40127729837455e-06	0.724846617250621
2632.4999999971697	0.0	29739445272.268906	29739445272.268906	5.314427551992383e-05	205.7403033535221	2.4811927443923202e-06	-10.518370607028753	0.2695382470708177	46962.852540458814	0.0	772064269.3994424	772064269.3994424	0.00010452034879503681	787924.2512915254	1.2009909910051722e-05	0.14607631669921842	0.0	1061249638.4412686	1061249638.4412686	0.0005147251891120007	-714931.4431469664	6.378314275826437e-06	0.7195933459269787
2672.999999996212	0.0	29739418938.28425	29739418938.28425	5.674431691137311e-05	208.0059712991391	2.4644222097066623e-06	-10.549321086261982	0.28785174689618664	46717.63651992915	0.0	772060205.2788281	772060205.2788281	9.128068290647706e-05	815141.7680009655	1.1782819723883403e-05	0.12748783337818154	0.0	1061244937.3955514	1061244937.3955514	0.000516370759335951	-713875.0244353157	6.334840321603146e-06	0.7221083194468684
2713.4999999952543	0.0	29739360073.843266	29739360073.843266	5.612644402849546e-05	226.33181138603447	2.4424654443523597e-06	-10.60982428115016	0.2847510955344283	46325.16260875847	0.0	772060774.3324689	772060774.3324689	8.349130280118668e-05	718435.4403607626	1.1689039631918914e-05	0.1165399286457681	0.0	1061240271.9624623	1061240271.9624623	0.000509112084213082	-715354.8137504865	6.239625373286539e-06	0.7121806167715846
2753.9999999942966	0.0	29739310367.825108	29739310367.825108	5.626369272624977e-05	168.19016612734842	2.431998442577156e-06	-10.658446485623003	0.2855044777911641	46120.836645925294	0.0	772062634.3451924	772062634.3451924	9.125419119990312e-05	794156.1879270589	1.1854196328261078e-05	0.1273301586850083	0.0	1061235768.977415	1061235768.977415	0.000498142465903435	-718015.8332725473	6.149850823156802e-06	0.6972067831856733
2794.499999993339	0.0	29739294898.365105	29739294898.365105	5.856662833630088e-05	218.78924947404371	2.4469951538281235e-06	-10.67232428115016	0.2972333833673977	46412.714255673265	0.0	772062056.620422	772062056.620422	0.00011227509418431496	737621.8687252731	1.185465595117197e-05	0.1566018195720615	0.0	1061231425.3578305	1061231425.3578305	0.0004890923685811235	-720808.8501285806	6.110288165662985e-06	0.6847734935750484
2834.999999992381	0.0	29739248300.651894	29739248300.651894	6.042957996258367e-05	196.54874808447636	2.4380436674330468e-06	-10.724840255591054	0.30675226843468184	46247.50480751037	0.0	772065013.8081198	772065013.8081198	0.00013318634769610946	757285.3581279272	1.1904986480293086e-05	0.18572337305777387	0.0	1061227208.4326084	1061227208.4326084	0.0004751755273874434	-723621.7000649022	6.083526017992731e-06	0.6654400483268903
2875.4999999914235	0.0	29739227572.344055	29739227572.344055	6.243174186414905e-05	190.83252642611583	2.4292540008621302e-06	-10.739017571884984	0.3169796669110729	46076.458231160796	0.0	772063157.1084597	772063157.1084597	0.00014229172905025223	821551.3590382444	1.1883379021580617e-05	0.1983829140011788	0.0	1061223097.377718	1061223097.377718	0.0004643441001510132	-726014.0237045706	6.04959360026899e-06	0.6504238786474125
2915.9999999904658	0.0	29739191085.40817	29739191085.40817	6.356730721763748e-05	203.43321369706052	2.433974172236062e-06	-10.774460862619808	0.32281453903668483	46115.91731850261	0.0	772063778.6622936	772063778.6622936	0.0001534722405763506	739997.6457984715	1.1866039989330897e-05	0.21393720528744847	0.0	1061219051.1282438	1061219051.1282438	0.00044779842638022747	-727087.4311630932	6.036093225571319e-06	0.6274293533690963
2956.499999989508	0.0	29739151242.004894	29739151242.004894	6.779236517092523e-05	169.13455629760324	2.4113915683049456e-06	-10.815894568690096	0.3443353634678386	45739.49141716424	0.0	772064151.1697916	772064151.1697916	0.00015073061424660946	821380.6588074564	1.17779527317294e-05	0.21011510557585994	0.0	1061215008.7119894	1061215008.7119894	0.0004328429104772384	-727088.0130001173	6.021500707350417e-06	0.6065806236642577
2996.9999999885504	0.0	29739126204.64913	29739126204.64913	7.007018252563347e-05	188.4793778226952	2.406435284946756e-06	-10.842252396166135	0.3559180502242965	45646.523795935	0.0	772061279.9278666	772061279.9278666	0.00014880093382894056	815270.5817880672	1.1666298005033827e-05	0.20742944803939914	0.0	1061210952.0770657	1061210952.0770657	0.0004207765752102507	-727818.2997203764	5.968362065413542e-06	0.589698618622929
3037.4999999875927	0.0	29739079311.597828	29739079311.597828	7.210798859346584e-05	178.54841415991675	2.3894072992541546e-06	-10.890275559105431	0.36626917587160523	45350.763965618346	0.0	772063159.1797562	772063159.1797562	0.0001675022843257558	760338.6043176212	1.165786715726189e-05	0.2335051722188118	0.0	1061206917.8163637	1061206917.8163637	0.00040109915809535476	-730234.8572526209	5.895682814588957e-06	0.562057389269534
3077.999999986635	0.0	29739047051.88282	29739047051.88282	7.447055683116187e-05	167.27851394211226	2.3860806604370542e-06	-10.919428913738018	0.3783442026252499	45258.46737218554	0.0	772063483.1526937	772063483.1526937	0.00020257415594526719	812735.9971423817	1.1745826118672934e-05	0.28247563903736755	0.0	1061202937.6071	1061202937.6071	0.0003816589075066034	-733404.4741282309	5.847040169493562e-06	0.5348802271317108
3118.4999999856773	0.0	29739024608.223755	29739024608.223755	7.330783369309112e-05	170.79428853682344	2.411220492762036e-06	-10.940894568690096	0.3725550718575809	45721.21423652317	0.0	772064037.2210627	772064037.2210627	0.00025277429619195523	779122.2652442328	1.1873545899880678e-05	0.3526279946330241	0.0	1061199001.7388755	1061199001.7388755	0.0003620103776622673	-735891.1549006511	5.871894787613148e-06	0.5073254501162684
3158.9999999847196	0.0	29738989374.100693	29738989374.100693	7.641084970415012e-05	156.57193566089796	2.413141255728025e-06	-10.974241214057509	0.38829597750315514	45769.94949155701	0.0	772064705.8585515	772064705.8585515	0.0003105187444109547	818294.0450883065	1.1858248342013021e-05	0.4333690267048288	0.0	1061195076.6241145	1061195076.6241145	0.0003423769990179048	-736760.4550974787	5.9800024521287095e-06	0.47962175546524716
3199.499999983762	0.0	29738965843.995598	29738965843.995598	7.773654173452414e-05	168.87815720403165	2.412554084279599e-06	-11.002096645367413	0.39519159029687473	45773.61756584587	0.0	772062489.9961	772062489.9961	0.0003351096855346206	839357.8733293728	1.1643156930181557e-05	0.4678264155177272	0.0	1061191185.8815873	1061191185.8815873	0.00030704215476485305	-736409.2758758052	6.041215353569449e-06	0.43034078409916193
3239.999999982804	0.0	29738924667.5663	29738924667.5663	7.975520818851672e-05	201.13825730484066	2.414245063829836e-06	-11.043929712460065	0.4056060310251476	45786.99023700837	0.0	772062435.9623933	772062435.9623933	0.0003054585786475953	772159.5726142798	1.1602163556604407e-05	0.42651300334393205	0.0	1061187455.5592585	1061187455.5592585	0.0002732375557189116	-734457.7761345424	6.100341684949466e-06	0.38329101921535846
3280.4999999818465	0.0	29738880707.469444	29738880707.469444	9.414608747222932e-05	164.2163723648288	2.4073049187173667e-06	-11.090754792332268	0.47898850559167694	45671.76223851434	0.0	772064004.1943272	772064004.1943272	0.00022449741207377082	822834.7050877936	1.1699245408475919e-05	0.31345019325240764	0.0	1061183284.6149975	1061183284.6149975	0.00029751535608039313	-722748.9820012625	6.047654894114945e-06	0.41746528150397827
3320.999999980889	0.0	29738861845.056656	29738861845.056656	0.0001107807024868755	222.18635549634604	2.408613582826789e-06	-11.11082268370607	0.5633078812078322	45650.159855826	0.0	772063156.9649028	772063156.9649028	0.0006504357616145855	902243.8179502211	1.1565814086430324e-05	0.9085172949570293	0.0	1061181771.5982202	1061181771.5982202	0.00045686103730449833	-824682.5535909375	6.0448156277956555e-06	0.64077370957048
3361.499999979931	0.0	29738823226.230194	29738823226.230194	0.00012242196216708087	209.2596251895494	2.4382473764839782e-06	-11.15335463258786	0.6225465482384106	46155.31641142869	0.0	772061837.6839491	772061837.6839491	0.001511174969699972	883580.5029642243	1.1630556069192386e-05	2.1150772776590303	0.0	1061182069.2411413	1061182069.2411413	0.0005239288271543819	-800258.4365345917	6.28888436877529e-06	0.7341934944720258
3401.9999999789734	0.0	29738796102.722282	29738796102.722282	0.0001738370867837057	187.93059871576688	2.491417705291794e-06	-11.18460463258786	0.8843916259683458	47063.0013424254	0.0	772060254.1196682	772060254.1196682	0.0016587728702596959	888193.7340368063	1.2015482162022984e-05	2.3251889435826203	0.0	1061182004.5619714	1061182004.5619714	0.000717698918195807	-784529.341701326	6.401531970354867e-06	1.0045279299884349
3442.4999999780157	0.0	29738764997.439133	29738764997.439133	0.000202472920338108	263.685920785326	2.5287092484416486e-06	-11.220447284345047	1.0298965459257747	47731.79902295674	0.0	772057740.2974021	772057740.2974021	0.0013907745209533365	861111.8273832696	1.2135081894422358e-05	1.9485890713124212	0.0	1061181724.4136902	1061181724.4136902	0.0009729550982080489	-769260.4229972882	6.534321087993057e-06	1.362559776148143
3482.999999977058	0.0	29738726434.28196	29738726434.28196	0.0003732716791667927	280.84592303949285	2.591035271649632e-06	-11.268170926517572	1.899800394062288	48769.702029523105	0.0	772054507.8710233	772054507.8710233	0.0010651353984331086	840212.6211429948	1.235739376424109e-05	1.4940491427669604	0.0	1061183753.8966861	1061183753.8966861	0.0008745673423542764	-735407.9857726623	6.847738174585851e-06	1.2270675486450626
3523.4999999761003	0.0	29738694450.497684	29738694450.497684	0.0005789837317283362	161.06495517209157	2.608595122411632e-06	-11.31050319488818	2.946979892579249	49276.06316526548	0.0	772054008.9899952	772054008.9899952	0.0003207868351563756	851163.6616326887	1.2752741213077748e-05	0.44975270709994464	0.0	1061181315.5726876	1061181315.5726876	0.000622182319051319	-752626.5036646042	6.628679876414973e-06	0.8719446075126974
3563.9999999751426	0.0	29738653671.658092	29738653671.658092	0.0006743525777793467	289.93204401846117	2.610137016009326e-06	-11.363518370607029	3.4281690652259074	49227.96994991495	0.0	772051857.5065444	772051857.5065444	0.0003473208558945561	946715.4999133323	1.260881514878898e-05	0.48687926485570754	0.0	1061180564.9001932	1061180564.9001932	0.0005567732894401485	-839438.7768386707	6.721328500621533e-06	0.7790834295885225
3604.499999974185	0.0	29738622130.750256	29738622130.750256	0.0007868060862676659	294.37140457477665	2.587992836946901e-06	-11.407248402555911	4.000194891789786	48879.6448948032	0.0	772050772.4974257	772050772.4974257	0.00038535004642413354	930899.9323193615	1.1821316318124259e-05	0.5405932549992548	0.0	1061182104.8290517	1061182104.8290517	0.0004325344203661956	-851151.6262268466	7.077569725230751e-06	0.6049710689479944
3644.999999973227	0.0	29738585548.801083	29738585548.801083	0.0008616294331694517	140.50051969678097	2.61819613497914e-06	-11.458067092651758	4.3840027798699985	49409.93885707555	0.0	772048860.03483	772048860.03483	0.0006008661948713562	920134.604555279	1.179138598528151e-05	0.8425939673947486	0.0	1061183671.0703335	1061183671.0703335	0.0003570851790722372	-818109.2964221323	7.362609517762155e-06	0.49988913253973477
3685.4999999722695	0.0	29738553243.894043	29738553243.894043	0.0005452805524428905	67.92073479820914	2.6342359897735923e-06	-11.493210862619808	2.7720268819985563	49756.787692216785	0.0	772044818.1274464	772044818.1274464	0.0008129782042611162	864697.5771604953	1.1688442530711783e-05	1.1343307384937185	0.0	1061182394.5171418	1061182394.5171418	0.0002972981969890997	-771879.6872486179	7.523747759807639e-06	0.4166788658404562
3725.999999971312	0.0	29738510529.40048	29738510529.40048	0.0003756741448190958	224.6739514978683	2.6538535395102453e-06	-11.541433706070288	1.9115531899973666	50155.83284274218	0.0	772041152.3769693	772041152.3769693	0.0002681042052969512	871557.0125490876	1.2167851162932634e-05	0.3755156650610875	0.0	1061179566.2458869	1061179566.2458869	0.0005510236784767618	-776847.6392140111	7.37206749808117e-06	0.7722725258276314
3766.499999970354	0.0	29738482525.978413	29738482525.978413	0.00045799219186196664	162.26298679306095	2.576984433178358e-06	-11.58905750798722	2.327146316068576	48782.60202381308	0.0	772039929.8273871	772039929.8273871	0.00028675355402982803	933015.3085209716	1.1560655229084165e-05	0.4018929238157129	0.0	1061180695.2994517	1061180695.2994517	0.0007713124232332365	-823826.2676795095	7.248629763632664e-06	1.0782412346581347
3806.9999999693964	0.0	29738441291.26274	29738441291.26274	0.0004607545642548952	-12.006901008050765	2.5524188297280904e-06	-11.630191693290735	2.3281010646499634	48184.99349448423	0.0	772038758.1286893	772038758.1286893	0.00017313862808676666	1009727.5948095582	1.0948448701154705e-05	0.24289140340477908	0.0	1061179160.4951732	1061179160.4951732	0.00038053486598912614	-886739.1116769719	7.377310097072057e-06	0.5258112662558004
3847.4999999684387	0.0	29738413244.860023	29738413244.860023	0.00041372346174790674	-76.91710811218397	2.5129941354350792e-06	-11.656549520766774	2.097519004192365	47507.12116172832	0.0	772031287.2242289	772031287.2242289	0.00017295063540354985	950491.0596997191	1.0909414596011331e-05	0.2406177415377038	0.0	1061173356.1637282	1061173356.1637282	0.000269615118706222	-843727.3194553695	7.205766423665301e-06	0.37681372439057625
3887.999999967481	0.0	29738356518.441715	29738356518.441715	0.0002832022353361405	-118.71860840438936	2.5198271727257453e-06	-11.708166932907348	1.4375693934775733	47465.359433823025	0.0	772023834.1636631	772023834.1636631	0.0004869808433746773	901133.7102583873	1.1041645596952835e-05	0.6811016951011685	0.0	1061167698.2272912	1061167698.2272912	0.00023265874217797002	-795088.4740614404	7.206057558124557e-06	0.3250038237585224
3928.4999999665233	0.0	29738303468.826633	29738303468.826633	0.0001829087751139253	19.050516061346944	2.470610420603075e-06	-11.753893769968052	0.9277656621763692	46724.30458830083	0.0	772017128.601378	772017128.601378	0.0005042416017795029	907629.6735632061	1.0942080301566592e-05	0.7068790754260115	0.0	1061162545.6027944	1061162545.6027944	0.0003510279130485885	-809343.5449713063	6.910593368696395e-06	0.48948840349837697
3968.9999999655656	0.0	29738252504.244164	29738252504.244164	0.0001875442173721766	46.837206349163026	2.4084844498260703e-06	-11.8191892971246	0.95241350489294	45643.98991056696	0.0	772006620.3180869	772006620.3180869	0.0003157666104124271	951563.6911906744	1.0748686331764826e-05	0.44307429701794904	0.0	1061159777.9964864	1061159777.9964864	0.00017647676363707942	-851295.093092442	6.543560331246291e-06	0.2465027444413115
4009.499999964608	0.0	29738180948.12271	29738180948.12271	0.00018137498568438978	130.45847004483784	2.3393312459304974e-06	-11.90535143769968	0.9189922204717057	44326.972007717624	0.0	771997730.7383436	771997730.7383436	0.0004231313012431136	960818.1091936065	1.0392327017814603e-05	0.5913939639184418	0.0	1061156178.3427962	1061156178.3427962	0.00017254533180581847	-802454.1906443837	6.246492012543532e-06	0.24051196174039036
4049.99999996365	0.0	29738131578.518238	29738131578.518238	0.00026109450625769475	157.82519467618647	2.267363495746635e-06	-11.96026357827476	1.3247687194598252	42921.79070687929	0.0	772002643.283366	772002643.283366	0.00024161500648703214	1093030.8613576111	1.0247492853263696e-05	0.3380897161843451	0.0	1061153813.8433902	1061153813.8433902	7.910905656839369e-05	-939556.0976963904	5.726811584095122e-06	0.11033137761603876
4090.4999999626925	0.0	29738124737.20419	29738124737.20419	0.00022769430473751123	0.540871811810419	2.2686487503836193e-06	-11.973941693290735	1.1558528054585553	42895.868945967915	0.0	771996206.7207446	771996206.7207446	0.00032557715828404404	917339.8402560884	1.0621701534096076e-05	0.45596193834131504	0.0	1061152082.8525438	1061152082.8525438	0.00013612710338492784	-815335.5280262554	5.5427894427433825e-06	0.1902369992161161
4130.999999964388	0.0	29738067966.253128	29738067966.253128	0.00023127089866311845	120.74998409004593	2.223101577839996e-06	-12.031549520766774	1.1750418093719026	42124.502285095805	0.0	771994608.1304755	771994608.1304755	0.00038085582100942216	812181.2463590277	1.0258156874028371e-05	0.5333112930648456	0.0	1061147948.9969994	1061147948.9969994	0.00018507856579322068	-752904.7566350014	5.4202678724735845e-06	0.2587830109839038
4171.4999999665	0.0	29738023798.568188	29738023798.568188	0.0001836879442638614	96.63119424781563	2.2056609231436777e-06	-12.05501198083067	0.9345244187674527	41709.79781082118	0.0	771991795.9487343	771991795.9487343	0.0004656612265302606	858628.2058788665	1.0082957576928097e-05	0.6524561219147512	0.0	1061143079.4449668	1061143079.4449668	0.00019388344983643207	-751598.4778212549	5.514205514387958e-06	0.2715197579308177
4211.9999999686115	0.0	29737997189.0757	29737997189.0757	0.00015022965398078873	-27.27794272718836	2.2717267129874766e-06	-12.074580670926517	0.7642752707438045	42898.971712041865	0.0	771989935.3626249	771989935.3626249	0.0004283106040741414	877722.7397523097	1.0773196307123435e-05	0.6002682839264455	0.0	1061139551.9895587	1061139551.9895587	0.00019056402309825966	-737839.6392589024	5.521881638113755e-06	0.2672123901117573
4252.499999970723	0.0	29737977315.140465	29737977315.140465	0.00013263960037823572	170.0663931723565	2.263601315641693e-06	-12.091952875399361	0.6750157128973764	42832.860518299996	0.0	771990722.8580723	771990722.8580723	0.00027416421421603686	882894.4064443229	1.0886510729176375e-05	0.384631757536191	0.0	1061136227.8978295	1061136227.8978295	0.00018900807430919587	-717761.8799907691	5.376045591274453e-06	0.264950585463821
4292.999999972835	0.0	29737957126.342793	29737957126.342793	0.00010935072275439442	110.05276485233223	2.211167854022015e-06	-12.116813099041533	0.5564062999090904	41799.67287411651	0.0	771987834.6405525	771987834.6405525	0.00018079363753978952	918507.7073744544	1.0365457517639008e-05	0.2538728532037433	0.0	1061132923.4849961	1061132923.4849961	0.00018299888088423524	-763306.5147245277	5.335804843864528e-06	0.2564709043564525
4333.499999974947	0.0	29737917377.928448	29737917377.928448	0.00010042699863280425	143.22362617936068	2.18143931341412e-06	-12.149960063897764	0.5107740470754386	41224.75618493212	0.0	771981306.5624156	771981306.5624156	0.00011860097839301134	848021.101945303	1.011029657979542e-05	0.16651138015279526	0.0	1061130599.0151372	1061130599.0151372	0.0001838740007331774	-760438.4987332327	5.342214195247252e-06	0.25735556199559523
4373.999999977059	0.0	29737849380.335335	29737849380.335335	0.00010380411064339445	181.15953392796212	2.215659111434934e-06	-12.217751597444089	0.5284067192384347	41833.93670138357	0.0	771978818.4940543	771978818.4940543	0.00012410880444434382	872770.175699512	1.0353329906453946e-05	0.17416292893319335	0.0	1061129061.7884542	1061129061.7884542	0.0001956070441226039	-758102.0509972766	5.439457035731531e-06	0.2740288277798541
4414.499999979171	0.0	29737817156.024723	29737817156.024723	9.172594021562475e-05	133.2478701083605	2.26234487434613e-06	-12.2566892971246	0.466646166517767	42633.392371640504	0.0	771975485.6483576	771975485.6483576	0.00012322195062507927	853452.208778366	1.0823296372969121e-05	0.1728504679465327	0.0	1061127312.6645266	1061127312.6645266	0.00020945791524620226	-739536.3617580739	5.508917385536533e-06	0.2931646391599925
4454.999999981283	0.0	29737780482.15563	29737780482.15563	9.456004150775507e-05	58.10447217347935	2.2975416368167527e-06	-12.289936102236421	0.48175046325970045	43319.22036259798	0.0	771973368.597966	771973368.597966	7.306772156647647e-05	857704.751883429	1.1147587671937572e-05	0.10246424103632702	0.0	1061123900.3291017	1061123900.3291017	0.0002575903623394134	-719571.3692956984	5.4947899927243695e-06	0.36149566069366684
4495.499999983394	0.0	29737754566.02375	29737754566.02375	9.4774251242453e-05	211.0012930567595	2.332967166858135e-06	-12.313698083067093	0.4829652633200046	43946.55962539863	0.0	771975743.2675886	771975743.2675886	4.224621885368378e-05	827469.9887225714	1.1520775591398232e-05	0.05919905935108389	0.0	1061119029.8897643	1061119029.8897643	0.00032775455944963384	-702295.6165607562	5.477480258542962e-06	0.46039902179553255
4535.999999985506	0.0	29737734527.689472	29737734527.689472	0.00010868657686762627	190.99041295469587	2.307907622485091e-06	-12.33795926517572	0.5538615471679184	43432.629959191225	0.0	771978595.2586133	771978595.2586133	3.214206452212238e-05	860177.0277633124	1.143726098990216e-05	0.04502970205077487	0.0	1061115546.2587839	1061115546.2587839	0.00036685920649463024	-699674.2899016475	5.392216991336134e-06	0.5157809587959438
4576.499999987618	0.0	29737711934.019913	29737711934.019913	0.00014671290559724047	175.57755476791866	2.2615227510575266e-06	-12.358626198083067	0.7481870231885054	42625.67686138555	0.0	771978544.2784648	771978544.2784648	2.5925570411097327e-05	877906.3283447959	1.1110009386155473e-05	0.03636806969434482	0.0	1061113539.3752573	1061113539.3752573	0.00039643313434055443	-721220.9114324185	5.265730531139623e-06	0.5576822201966423
4616.99999998973	0.0	29737681728.588314	29737681728.588314	0.00018144579777732258	205.89693439939094	2.2124451227039964e-06	-12.391373801916933	0.9251243334493288	41766.04914380504	0.0	771977301.9636277	771977301.9636277	5.0962831652276536e-05	871367.355688036	1.0790112835829657e-05	0.07150383226695584	0.0	1061112400.0689645	1061112400.0689645	0.0003837109551442525	-753583.9935942935	5.045449651458389e-06	0.5395767592875571
4657.499999991842	0.0	29737641197.359657	29737641197.359657	0.00017912425864543974	191.31635883071195	2.153903615951389e-06	-12.433206869009584	0.9130275384854227	40625.57561752442	0.0	771978639.1161318	771978639.1161318	0.00011851606063421767	910026.1782570602	1.0616892246767665e-05	0.16634505235205477	0.0	1061111778.9463696	1061111778.9463696	0.00031146235527087054	-777746.0399038543	4.733530738691711e-06	0.43748247562498443
4697.999999993954	0.0	29737621269.624886	29737621269.624886	0.00015692431169189882	137.19594573873326	2.0929989937379565e-06	-12.451477635782748	0.7995635678110525	39548.2760792209	0.0	771980552.6170278	771980552.6170278	0.00016291785498268976	964321.6369472195	9.904752455222037e-06	0.22855120811772356	0.0	1061111394.188275	1061111394.188275	0.0002310332988773506	-801348.7727408	4.75458664382513e-06	0.32433570926296673
4738.4999999960655	0.0	29737608558.546696	29737608558.546696	0.000207323745800416	145.34943101932248	2.086960703591265e-06	-12.466154153354633	1.055593052070135	39444.96405498934	0.0	771978696.0704781	771978696.0704781	0.0002017210019957787	878245.9216068337	9.598125983442972e-06	0.2824316938401141	0.0	1061110893.5098039	1061110893.5098039	0.00020142835569533278	-760817.7875146978	4.898951015867232e-06	0.2828687294205057
4778.999999998177	0.0	29737581101.63229	29737581101.63229	0.0001645857314077728	99.57480701676472	2.068258140915669e-06	-12.511581469648561	0.838532555970654	39121.913432342655	0.0	771973812.7756271	771973812.7756271	0.00022448463708121135	923932.1162763359	9.352803517556588e-06	0.31510308524600583	0.0	1061110238.069464	1061110238.069464	0.00021116550001951936	-737188.5417649976	5.022713150723745e-06	0.2961650616416239
4819.500000000289	0.0	29737545764.553432	29737545764.553432	0.00013743552073164532	66.54069653841916	2.0590390314927596e-06	-12.542931309904153	0.6992924017998671	38988.166654468005	0.0	771969132.8617742	771969132.8617742	0.00020701503452347583	886393.5579102237	8.951179613694951e-06	0.29072577859517246	0.0	1061109263.3659475	1061109263.3659475	0.00023933002478046384	-697425.524374868	5.187551909368089e-06	0.33493707987398624
4860.000000002401	0.0	29737510129.83944	29737510129.83944	0.00013222078292987667	177.58821559949007	2.0524099227753047e-06	-12.575579073482428	0.6727146588760333	38891.36996457586	0.0	771965869.7980082	771965869.7980082	0.00012047686717987583	797306.8061765034	8.77853302847689e-06	0.16921530305432264	0.0	1061106842.1156976	1061106842.1156976	0.0002649685040491393	-648379.2330158658	5.301629755416213e-06	0.3708036540058537
4900.500000004513	0.0	29737474104.898308	29737474104.898308	0.0001531075986151674	121.17600484940853	2.0225032632717877e-06	-12.600239616613418	0.7790696494181223	38322.39457751314	0.0	771963948.604469	771963948.604469	3.5863624567575676e-05	816496.9920156939	8.784647835693147e-06	0.050368441924176825	0.0	1061102317.8697126	1061102317.8697126	0.00023693677106290613	-633738.9283610395	5.119575158291504e-06	0.3317897645942734
4941.000000006625	0.0	29737435949.942932	29737435949.942932	0.000174820936087118	175.07113646323003	2.0419470885861777e-06	-12.644568690095847	0.889811624067075	38605.37531439789	0.0	771959435.0395224	771959435.0395224	2.010981078746592e-05	903440.4565227537	9.301805208753968e-06	0.028238089756346365	0.0	1061098556.1355895	1061098556.1355895	0.000224263816314423	-652350.0113377022	4.879228200068406e-06	0.3141704654415552
4981.500000008737	0.0	29737394341.684513	29737394341.684513	0.0001882725793337151	144.16584621312919	2.0024692938407626e-06	-12.684005591054314	0.9586878908373581	37884.75716183105	0.0	771959063.0161425	771959063.0161425	3.10556990452013e-05	834864.4173004441	8.975082347583553e-06	0.0436210617397365	0.0	1061096125.712175	1061096125.712175	0.00021925605123321215	-670369.1185061123	4.728392053665866e-06	0.3072999462140055
5022.000000010848	0.0	29737345883.119606	29737345883.119606	0.00020058345301293234	173.24780632858233	1.9498588837073595e-06	-12.730331469648561	1.0216866967309417	36917.50023797261	0.0	771961089.8043683	771961089.8043683	4.740079752570032e-05	902686.1885167656	8.65033664955181e-06	0.06660648847301379	0.0	1061094262.841225	1061094262.841225	0.00023853705771483195	-676355.930404197	4.6837561091049456e-06	0.33439072048509283
5062.50000001296	0.0	29737328918.95822	29737328918.95822	0.0001956501367928306	150.58078677372703	1.922446720913611e-06	-12.757987220447284	0.9962332810755843	36470.70930751016	0.0	771956494.9835329	771956494.9835329	8.31862131161895e-05	1049943.4822391374	8.056490324906425e-06	0.11675090618192792	0.0	1061093714.9187678	1061093714.9187678	0.00020045042110405792	-732123.988821717	4.7606971861966e-06	0.2811147771023024
5103.000000015072	0.0	29737293867.48415	29737293867.48415	0.00020857191338058767	156.67170617671368	1.961564619608498e-06	-12.799420926517572	1.0627029767931	37128.062264545195	0.0	771954396.7937671	771954396.7937671	0.0001597952766209839	868517.4690742893	8.076577072919302e-06	0.22436816629100878	0.0	1061093925.6952085	1061093925.6952085	0.0001424737873309448	-663721.3120509974	5.037067205342534e-06	0.19999296899614763
5143.500000017184	0.0	29737254704.10339	29737254704.10339	0.00023993988000279283	140.4784326889631	1.9661596874571063e-06	-12.834564696485623	1.2219108008541668	37193.275908174735	0.0	771954922.7345634	771954922.7345634	0.0001150016176962037	932655.8317337929	8.355369385012179e-06	0.16152582904465507	0.0	1061094029.7414385	1061094029.7414385	0.00014725057565169553	-628458.4477277584	5.006642706727275e-06	0.20640454533087518
5184.000000019296	0.0	29737247437.15361	29737247437.15361	0.0002796918022829071	67.88853012574607	1.9774609873857466e-06	-12.83526357827476	1.426063524723736	37435.20288902153	0.0	771948355.8168247	771948355.8168247	8.429847052585172e-05	906606.3671927111	8.082362529325671e-06	0.11842484096964691	0.0	1061093670.2392366	1061093670.2392366	0.00017388278246249886	-605201.3386022061	5.214323209192766e-06	0.24416890223476273
5224.500000021408	0.0	29737214599.492302	29737214599.492302	0.0003489323909269961	207.07006694710049	1.9807152028356495e-06	-12.862420127795527	1.7787279760892833	37506.53448269459	0.0	771949355.8143202	771949355.8143202	6.334016858485688e-05	862014.4486646767	7.833801712672538e-06	0.08892268673662068	0.0	1061093274.7339822	1061093274.7339822	0.0001953394882373662	-572087.604188736	5.363771083984604e-06	0.2743107800524907
5265.0000000235195	0.0	29737195829.047337	29737195829.047337	0.00044146909194154384	125.68238434800081	1.957820136228014e-06	-12.876397763578275	2.249521382650239	37073.84940136116	0.0	771950041.9138122	771950041.9138122	3.502534851575865e-05	846612.0950132501	7.613818918292171e-06	0.04915803083234685	0.0	1061092253.411491	1061092253.411491	0.00019846798903673844	-550175.3127694393	5.344986589649573e-06	0.2785647696465759
5305.500000025631	0.0	29737176706.659283	29737176706.659283	0.0004536124221422247	139.05839234800447	1.9421665469411605e-06	-12.904153354632587	2.3119235580915207	36760.765799542336	0.0	771949482.3576794	771949482.3576794	1.8266694327390763e-05	904918.2644704108	7.615663211790397e-06	0.025649450066240503	0.0	1061090339.8701735	1061090339.8701735	0.00019975051776364444	-541390.7035001316	5.22055304665343e-06	0.2804232779215225
5346.000000027743	0.0	29737148261.371723	29737148261.371723	0.0004100641918520319	83.05145787614998	1.9163963177367197e-06	-12.922823482428115	2.0885585863910214	36312.232082087976	0.0	771948674.7601004	771948674.7601004	3.072398630651085e-05	872331.4864775911	7.528481804418339e-06	0.04312323494958046	0.0	1061088291.2401739	1061088291.2401739	0.00019499079642126376	-558002.5001583437	5.042760499006074e-06	0.27360064669239104
5386.500000029855	0.0	29737097742.86966	29737097742.86966	0.00035285220368050027	58.60726885464494	1.8701139309010737e-06	-12.976837060702875	1.7958179386837203	35442.17652658922	0.0	771948702.8938109	771948702.8938109	8.589247953218024e-05	937543.2178547683	7.381852531071053e-06	0.12060199040204767	0.0	1061087013.0931458	1061087013.0931458	0.00018130632220079938	-628807.2918062742	4.9288219487958244e-06	0.2541147448545334
5427.000000031967	0.0	29737070943.722305	29737070943.722305	0.0002981409980351925	117.42660172277456	1.864670766005228e-06	-12.999600638977636	1.5165879786135021	35322.63780202507	0.0	771949916.8251097	771949916.8251097	5.427085062784352e-05	1058319.8494246593	7.179930261770185e-06	0.07624996627822316	0.0	1061086050.748305	1061086050.748305	0.00018370710982275727	-665862.4585408014	5.056485869822066e-06	0.25719858804173823
5467.500000034079	0.0	29737069806.388607	29737069806.388607	0.00023425448032238157	50.79520198740379	1.9090021530054993e-06	-12.999900159744408	1.1919223094459312	36137.43744567786	0.0	771950743.1710955	771950743.1710955	6.939617749023536e-05	979774.9014458564	7.203785099589427e-06	0.09746191962386098	0.0	1061085437.4308248	1061085437.4308248	0.0001949158779824111	-574679.4530987311	5.303970591417197e-06	0.2728572159469748
5508.000000036191	0.0	29737052878.483585	29737052878.483585	0.0001652757204135905	-41.08962581040676	1.9176446075581225e-06	-13.017671725239616	0.8416827211865675	36277.55504782639	0.0	771949980.2738917	771949980.2738917	0.00011746292199583831	932440.7718579448	7.333561116861669e-06	0.16498726955561738	0.0	1061085496.2865196	1061085496.2865196	0.00021307087559066585	-537864.3421682261	5.4108646208447325e-06	0.2984324526468129
5548.5000000383025	0.0	29737038760.79432	29737038760.79432	0.00013342347944965513	46.033140739750635	1.9183953496019724e-06	-13.025159744408946	0.6792221822475256	36331.98725775239	0.0	771949142.6395292	771949142.6395292	0.00018894472992954023	941387.6064083356	7.608217166691634e-06	0.2654067994066333	0.0	1061085801.5542558	1061085801.5542558	0.0002237444557007405	-516749.9281364174	5.335850097531507e-06	0.3132263832103339
5589.000000040414	0.0	29737029412.45491	29737029412.45491	0.00012050667504901087	69.26686154663427	1.9371808446294e-06	-13.034844249201278	0.6129274054952202	36722.53145020499	0.0	771948978.2911814	771948978.2911814	0.0002896213912093957	929389.5973932532	7.82766349744748e-06	0.40626683262634233	0.0	1061085605.4003128	1061085605.4003128	0.00023148064292589652	-489853.95130963606	5.31314435269609e-06	0.32393383471012205
5629.500000042526	0.0	29737013419.610577	29737013419.610577	0.0001222463689761546	68.29523040261759	1.9470270345396563e-06	-13.040335463258787	0.6211055912247176	36908.507074305635	0.0	771947217.738798	771947217.738798	0.00025197649860894233	871914.1296924714	7.899820136582152e-06	0.3535891492320935	0.0	1061085477.8022672	1061085477.8022672	0.00021450312225350417	-455648.90694797144	5.327188488866793e-06	0.2995724886284219
5670.000000044638	0.0	29736986996.120117	29736986996.120117	0.000157065336853698	146.5612224586235	1.9650610256663485e-06	-13.067991214057509	0.7979928415779942	37170.85576776604	0.0	771946957.0905662	771946957.0905662	0.00018384166525566112	898858.5772970315	7.899227866841034e-06	0.2579801183457307	0.0	1061085766.095809	1061085766.095809	0.00018124582476253834	-421149.88981746504	5.505748589255258e-06	0.25295931716187137
5710.50000004675	0.0	29736973371.72893	29736973371.72893	0.00020261158712418795	201.43387477396607	2.041046896678056e-06	-13.0870607028754	1.0304965192480193	38513.19924330663	0.0	771943994.9952182	771943994.9952182	0.00013851143996196504	885424.1584684104	8.103827191327259e-06	0.194235414657771	0.0	1061087191.5145253	1061087191.5145253	0.00017245276190803639	-381545.466985906	5.854698917898422e-06	0.24142561125940323
5751.000000048862	0.0	29736945218.42063	29736945218.42063	0.00026379316010996897	236.16377719974193	2.082496670635344e-06	-13.12130591054313	1.3425320013867457	39292.158772401526	0.0	771941306.006252	771941306.006252	6.143042611536883e-05	848466.6191315543	8.443163018338381e-06	0.08610850712293293	0.0	1061088243.2511978	1061088243.2511978	0.00019736208444309496	-368582.8052273571	5.850723944870907e-06	0.27696642022282647
5791.5000000509735	0.0	29736913770.17042	29736913770.17042	0.0003243118403892771	114.1094887070793	2.0480326553812386e-06	-13.15625	1.6483471926729183	38740.57764382564	0.0	771942477.6105472	771942477.6105472	5.661894534456782e-05	886477.525690316	8.512399796867106e-06	0.0794686557454322	0.0	1061090147.5739219	1061090147.5739219	0.00022192184622694513	-408132.59178021154	5.536315799428119e-06	0.31032647065714863
5832.000000053085	0.0	29736906729.31345	29736906729.31345	0.0003372655289929984	257.2327366099174	2.0074948201130735e-06	-13.171525559105431	1.7144057624675009	38026.64658533504	0.0	771942695.3623776	771942695.3623776	0.00011607082741782408	974441.8154166619	8.054159625467994e-06	0.16294294469971687	0.0	1061094304.1638376	1061094304.1638376	0.0002125824403979577	-473904.4403880055	5.478674521604967e-06	0.29750240587955895
5872.500000055197	0.0	29736906846.16165	29736906846.16165	0.0004474174587107714	141.15418417429603	2.0035756360107055e-06	-13.170327476038338	2.2783442744806046	37991.11736511586	0.0	771942140.254937	771942140.254937	0.00031328122491155455	885622.1574841529	7.92149946733509e-06	0.43972410268054607	0.0	1061097906.3408	1061097906.3408	0.00020327092993550493	-375104.50019390637	5.4627898559427085e-06	0.28517929947183496
5913.000000057309	0.0	29736897952.48072	29736897952.48072	0.0005148918717054348	62.50821354391186	2.0070604871236763e-06	-13.180511182108626	2.621050776083021	38029.95767811491	0.0	771943725.0210559	771943725.0210559	0.0002462040616973218	824750.6273338846	8.047011225014368e-06	0.34559651787368195	0.0	1061098465.6791625	1061098465.6791625	0.00022520063821296595	-337873.68093149766	5.43131820674263e-06	0.31547886974797096
5953.500000059421	0.0	29736883381.571293	29736883381.571293	0.0005720800700744149	110.03437065255049	2.0399196600800475e-06	-13.195786741214057	2.913460926477323	38650.70200962199	0.0	771946589.3448107	771946589.3448107	6.167279419132016e-05	849009.6628532642	8.117601518866714e-06	0.08663247746659768	0.0	1061095740.9114943	1061095740.9114943	0.0001968197018554835	-314756.56880964985	5.657488901875192e-06	0.27613316112036446
5994.000000061533	0.0	29736872995.06189	29736872995.06189	0.0006420792454704298	116.33018640967211	2.1063888786210547e-06	-13.209764376996805	3.268318641551764	39812.32971647839	0.0	771945807.2488618	771945807.2488618	2.2607492717019016e-05	861734.3809913773	8.699846658708345e-06	0.031741328912298444	0.0	1061091710.3795738	1061091710.3795738	0.0002036813546196273	-317324.3472495577	5.628535590242134e-06	0.285813660062534
6034.500000063645	0.0	29736837376.713924	29736837376.713924	0.0006992199200527614	14.377933657849518	2.117718494603335e-06	-13.257388178913738	3.5591339101820565	40050.79841322717	0.0	771947590.6710227	771947590.6710227	4.035200130508952e-05	867379.7314511244	8.846892503905468e-06	0.05662146329439422	0.0	1061087874.6280743	1061087874.6280743	0.00024937832835667613	-380828.22527604236	5.544552297379879e-06	0.34993055323809585
