0.9940197192839066
Time 	 Eb 	 Ea 	 Ep 	 phi_d 	 phi_z 	 KED 	 MLD 	 K 	 E_k 	 Eb_D 	 Ea_D 	 Ep_D 	 phi_d_D 	 phi_z_D 	 KED_D 	 K_D 	 Eb_U 	 Ea_U 	 Ep_U 	 phi_d_U 	 phi_z_U 	 KED_U 	 K_U 
0.0	0.0	30068468133.046707	30068468133.046707	3.924722082966214e-07	0.0	0.0	-8.0	0.0020077100833457186	0.0	0.0	158332312.18798643	158332312.18798643	3.1345624783907995e-06	0.0	0.0	0.00200437526584884	0.0	217706929.25848132	217706929.25848132	3.1345624783908016e-06	0.0	0.0	0.0020043752658488413
40.50000000000131	0.0	30068469595.13604	30068469595.13604	5.586712459583853e-07	8.89760073098143	2.9700083749850005e-11	-8.0	0.0028523445566739497	0.5429251273884622	0.0	158332724.15644407	158332724.15644407	5.3382024998343925e-06	397.8276137469353	2.6807892722298445e-10	0.0034084320281903145	0.0	217707493.02429256	217707493.02429256	4.513550269675456e-06	-397.60647620690645	2.3779032233597097e-10	0.002883852965640545
81.00000000000284	0.0	30068471066.86328	30068471066.86328	7.156685646587435e-07	103.91114013270644	5.41100870985143e-10	-7.999600638977636	0.0036499009714492437	10.182430328822212	0.0	158333146.49667898	158333146.49667898	5.927636736311148e-06	1500.8039718426303	4.642831225241399e-09	0.003782636939409411	0.0	217708047.84111217	217708047.84111217	5.460088899286177e-06	-1495.8757372206671	4.295370953677394e-09	0.0034862515585069743
135.0000000000049	0.0	30068473053.148254	30068473053.148254	9.872945565936303e-07	390.41193287609883	4.110275272425403e-09	-7.9974041533546325	0.005026512295509456	78.05680902857841	0.0	158333735.0073886	158333735.0073886	6.127358859897988e-06	3721.531024942231	3.4610227764836605e-08	0.003915236181118557	0.0	217708761.89418578	217708761.89418578	6.489819339557475e-06	-3688.4486008171534	3.2693207548431443e-08	0.004150501983994704
175.50000000000642	0.0	30068474577.596703	30068474577.596703	1.2940323623784328e-06	582.527633985705	1.0956919288107051e-08	-7.99520766773163	0.006579145851150042	208.63543783863346	0.0	158334197.71993423	158334197.71993423	6.687248243925522e-06	5726.212515561546	9.22763896039529e-08	0.00428775829605566	0.0	217709273.57020205	217709273.57020205	7.562128887070196e-06	-5642.865749342904	8.74319715658789e-08	0.004855545886005791
243.00000000000898	0.0	30068477142.49714	30068477142.49714	1.8289243223324735e-06	722.2556788211405	3.390871628418562e-08	-7.994508785942492	0.009278642447750254	647.1416931721587	0.0	158335012.45755637	158335012.45755637	5.947299293135728e-06	9546.303626802775	2.8863326815697877e-07	0.003849287012709566	0.0	217710076.57771376	217710076.57771376	1.086275350663871e-05	-9287.13045886294	2.692092382211327e-07	0.007049668460922851
296.9999999998168	0.0	30068479142.558002	30068479142.558002	1.462073403049587e-06	748.3648740374514	6.358989003312017e-08	-7.990115814696486	0.007408530779732752	1214.7590414526937	0.0	158335711.10059124	158335711.10059124	5.026113255463319e-06	12804.150239198192	5.490432960826697e-07	0.003283688356919508	0.0	217710671.69604194	217710671.69604194	9.419734594744775e-06	-12290.461879138702	4.98886158872504e-07	0.0061799074348404355
350.99999999956304	0.0	30068481025.490807	30068481025.490807	1.1595244079399721e-06	752.4152186759218	1.0168789782865813e-07	-7.986222044728435	0.005872404915379003	1943.0606649026363	0.0	158336458.96866518	158336458.96866518	4.329885480612476e-06	16168.827386588353	8.972463426272612e-07	0.0028555762085787427	0.0	217711228.10908014	217711228.10908014	6.117499182767117e-06	-15281.944042937786	7.828883269278036e-07	0.0040640545294813105
418.49999999924586	0.0	30068483086.64268	30068483086.64268	9.718695536804975e-07	747.712618273825	1.5553864686076302e-07	-7.981130191693291	0.004925060078476175	2972.043050991129	0.0	158337472.34336773	158337472.34336773	3.995432528898678e-06	20591.28751861654	1.4067405357588433e-06	0.002654707394983566	0.0	217711878.49373507	217711878.49373507	3.83418924538785e-06	-19074.235391066253	1.1697117033519288e-06	0.002598489869619863
472.4999999989921	0.0	30068484340.277973	30068484340.277973	9.232303443355938e-07	747.0312305975144	1.980611485970173e-07	-7.978534345047923	0.0046835115677537256	3785.1054207654215	0.0	158338357.46398792	158338357.46398792	3.718461112095334e-06	24102.510420755978	1.8211595613887983e-06	0.002467857802469266	0.0	217712362.5317489	217712362.5317489	3.3510128654889796e-06	-21979.51281287249	1.462462316507655e-06	0.0023074114073089705
512.9999999988019	0.0	30068484966.18999	30068484966.18999	9.178227836202432e-07	747.728584936368	2.264218920719202e-07	-7.9764376996805115	0.004658332512246412	4328.186285872818	0.0	158339065.41467935	158339065.41467935	3.6823627145821295e-06	26720.911582628003	2.0999855690001477e-06	0.002424089546784102	0.0	217712705.7221504	217712705.7221504	3.166864555136644e-06	-24117.50114019145	1.6503555129319246e-06	0.0022036436361054937
553.4999999986115	0.0	30068485286.73622	30068485286.73622	9.210014871329406e-07	750.4638161795755	2.5088151312202607e-07	-7.974341054313099	0.004675562365309984	4796.949466584054	0.0	158339800.91480654	158339800.91480654	3.7072847184319435e-06	29146.66519263155	2.346234292136522e-06	0.0024090313255156802	0.0	217713036.05163887	217713036.05163887	3.041038710454991e-06	-26077.72075291956	1.8033358337489707e-06	0.002136650547702152
607.4999999983578	0.0	30068485191.898483	30068485191.898483	9.105167955646814e-07	755.842127633729	2.776718076350259e-07	-7.968250798722044	0.0046234550414782395	5308.284365899736	0.0	158340807.18962917	158340807.18962917	3.7264499796575315e-06	31876.391323102653	2.639901547145508e-06	0.0023657748527706715	0.0	217713458.2393776	217713458.2393776	2.9133452844034567e-06	-28268.241632084944	1.950212354142853e-06	0.002071945968692461
661.499999998104	0.0	30068484459.83088	30068484459.83088	8.870985816242523e-07	756.2455220534933	2.986047612764089e-07	-7.970447284345048	0.004505872117841364	5704.598729015132	0.0	158341838.74907875	158341838.74907875	3.6161373203307188e-06	33984.59494156578	2.910957997773163e-06	0.002246410498352045	0.0	217713857.83375308	217713857.83375308	2.8234021971608187e-06	-29943.58405910736	2.0359659771652856e-06	0.0020313302954103867
715.4999999978503	0.0	30068483054.246597	30068483054.246597	8.605813824261329e-07	747.2867524261894	3.14419858309432e-07	-7.970846645367412	0.004371824780226843	6001.576944517588	0.0	158342890.9208687	158342890.9208687	3.6044212308953967e-06	35548.279328701756	3.160445509171165e-06	0.002211663249819847	0.0	217714233.15638766	217714233.15638766	2.7392139340773497e-06	-31125.78659078717	2.0705108850437606e-06	0.001992883821899088
782.9999999975331	0.0	30068480285.951992	30068480285.951992	8.299397455568661e-07	698.6244687749572	3.269615877985138e-07	-7.974041533546326	0.0042167941304230945	6236.894201580558	0.0	158344195.79129124	158344195.79129124	3.5741597184123558e-06	36843.4692291207	3.405654810477136e-06	0.002180890182233454	0.0	217714668.32065287	217714668.32065287	2.657620510035007e-06	-32050.349129855793	2.0603994832691165e-06	0.0019595521318802257
850.4999999972159	0.0	30068476281.32895	30068476281.32895	7.95926505459826e-07	607.122349537781	3.326362321112422e-07	-7.982727635782748	0.00404415634657963	6342.790940461573	0.0	158345461.6760183	158345461.6760183	3.488733907378252e-06	37463.56759800905	3.56165744223159e-06	0.0021385403602078154	0.0	217715064.42862993	217715064.42862993	2.5831765669778826e-06	-32546.123317637015	2.0130402720380703e-06	0.0019290467334219501
917.9999999968987	0.0	30068470805.414093	30068470805.414093	7.70653848773794e-07	469.2488712906155	3.3380683806214396e-07	-7.989217252396166	0.003916003095259835	6364.713138517526	0.0	158346707.6063389	158346707.6063389	3.3910027047553805e-06	37522.33767430615	3.6477312425080816e-06	0.0021028890492122195	0.0	217715407.13219333	217715407.13219333	2.520096779421852e-06	-32928.38813639672	1.9479424788740217e-06	0.0019050444313143148
958.4999999967084	0.0	30068466645.528946	30068466645.528946	7.603297840295567e-07	377.30526349664837	3.329711749881856e-07	-7.994408945686901	0.0038641675600822882	6349.246362276326	0.0	158347439.6931957	158347439.6931957	3.330096002453998e-06	37436.612704126666	3.6722622446875394e-06	0.0020792189783185064	0.0	217715574.1114938	217715574.1114938	2.4836844605045403e-06	-33127.46814006582	1.9066418914725534e-06	0.001891518290535252
998.9999999965181	0.0	30068461727.20522	30068461727.20522	7.519419322678454e-07	297.6024772013618	3.313271650159959e-07	-7.998702076677317	0.00382244556438864	6318.506189489788	0.0	158348151.83306807	158348151.83306807	3.271238655567406e-06	37428.08799625165	3.6829983635648437e-06	0.0020548276545758483	0.0	217715712.22832024	217715712.22832024	2.4497197953145202e-06	-33224.379802012256	1.866143929194845e-06	0.0018791806419440188
1039.4999999966215	0.0	30068456038.28109	30068456038.28109	7.454444575121025e-07	249.3583109975791	3.293482257537749e-07	-8.002296325878595	0.0037904763086380293	6281.235018691009	0.0	158348843.5487915	158348843.5487915	3.217929886904586e-06	37630.84099970184	3.6874618541061906e-06	0.002032675955178387	0.0	217715825.8071762	217715825.8071762	2.42109517013701e-06	-33245.89050334837	1.8274571352163887e-06	0.0018708551202426095
1079.9999999971985	0.0	30068449681.64528	30068449681.64528	7.410006403564185e-07	243.79820167205588	3.2739152144873194e-07	-8.00469249201278	0.003768998634926298	6244.207390469328	0.0	158349520.45307216	158349520.45307216	3.1814432355811213e-06	38074.767880911444	3.6919770168591523e-06	0.002019160999626274	0.0	217715917.81374508	217715917.81374508	2.396135974874894e-06	-33211.84255434352	1.7911534795534092e-06	0.001865431972213704
1120.4999999977756	0.0	30068442872.43509	30068442872.43509	7.432519390461185e-07	274.2018387332083	3.2571084160682833e-07	-8.015475239616613	0.003781567932139177	6212.288547394555	0.0	158350192.80500916	158350192.80500916	3.1723940604974937e-06	38616.53023768033	3.701733371888628e-06	0.0020202860217992846	0.0	217715990.86286265	217715990.86286265	2.3714876162834863e-06	-33139.46587662557	1.757484354642457e-06	0.0018601146109354714
1160.9999999983527	0.0	30068435851.693863	30068435851.693863	7.504498901523215e-07	314.5234194947691	3.2444179814667876e-07	-8.025758785942491	0.0038192936376526265	6188.144589994874	0.0	158350868.00817752	158350868.00817752	3.1870090422091355e-06	39011.16450554828	3.7192528449948073e-06	0.0020340475665221462	0.0	217716047.02503747	217716047.02503747	2.3506886223416904e-06	-33046.61121035721	1.72648186971838e-06	0.0018571279935695785
1201.4999999989298	0.0	30068428734.098164	30068428734.098164	7.615338003884015e-07	334.5786851355337	3.236278700608586e-07	-8.030151757188499	0.003876848931500358	6172.66396616737	0.0	158351537.40416282	158351537.40416282	3.226893199082319e-06	39140.99376526023	3.7452862861024787e-06	0.0020637269445742366	0.0	217716088.15470085	217716088.15470085	2.3302373366062597e-06	-32944.291075090936	1.6980205204891719e-06	0.0018530740311045889
1241.9999999995068	0.0	30068421425.19449	30068421425.19449	7.768030490026407e-07	325.4139652342456	3.2315310999117994e-07	-8.035543130990416	0.003955727941898523	6163.666653698151	0.0	158352181.84007317	158352181.84007317	3.2662756608499745e-06	39149.57396688894	3.7765734389127894e-06	0.0020927461637392764	0.0	217716115.92690712	217716115.92690712	2.3078344208572034e-06	-32841.54134937712	1.671894649121213e-06	0.001845583038788752
1282.500000000084	0.0	30068413736.361523	30068413736.361523	7.910047107240447e-07	305.5117989259759	3.2271717358369753e-07	-8.043530351437699	0.004029154214081912	6155.432339378726	0.0	158352793.1030845	158352793.1030845	3.274751450956264e-06	39222.028165092255	3.804697273934523e-06	0.0021001470291293588	0.0	217716131.78106248	217716131.78106248	2.2846915789072054e-06	-32743.89671979744	1.6478676884003747e-06	0.0018358144880780704
1323.000000000661	0.0	30068405602.66308	30068405602.66308	7.973679482721598e-07	293.6052458823564	3.220551229083106e-07	-8.053714057507987	0.0040626607502055176	6142.917762702977	0.0	158353380.91369367	158353380.91369367	3.244626961785053e-06	39285.82569943012	3.822405234093438e-06	0.0020824395959976438	0.0	217716136.88044474	217716136.88044474	2.2623781579972153e-06	-32652.519175377016	1.6256990299259547e-06	0.0018256582123892843
1363.500000001238	0.0	30068397108.975697	30068397108.975697	7.97328830815835e-07	285.4270145713869	3.210639276060686e-07	-8.065794728434504	0.0040635481471707	6124.179680377485	0.0	158353960.28683487	158353960.28683487	3.180595654412935e-06	39223.28493474451	3.827199757537552e-06	0.0020428374220974096	0.0	217716132.024647	217716132.024647	2.241525707111342e-06	-32565.06135729289	1.605173484471508e-06	0.0018160545231833596
1404.0000000018151	0.0	30068388273.832012	30068388273.832012	7.935565868506176e-07	275.7348398838203	3.197886974451088e-07	-8.074281150159745	0.004045320224357613	6100.094970849243	0.0	158354542.41955504	158354542.41955504	3.1111176260113184e-06	39310.637958881794	3.820829199659163e-06	0.0019995086146740175	0.0	217716117.60398805	217716117.60398805	2.2215605118972925e-06	-32480.24302313937	1.586125202396482e-06	0.001806876666122253
1444.5000000023922	0.0	30068379015.633743	30068379015.633743	7.887238341950093e-07	287.61516665240913	3.1833287484568973e-07	-8.082667731629392	0.004021627545724768	6072.6367470048945	0.0	158355137.5919539	158355137.5919539	3.0537492606661665e-06	39775.51009156712	3.8063565584491285e-06	0.001964824628312224	0.0	217716093.7817102	217716093.7817102	2.2023289001427e-06	-32394.615069420295	1.5684447572757631e-06	0.0017981383941296889
1485.0000000029693	0.0	30068369472.202614	30068369472.202614	7.81929617210957e-07	334.956333786149	3.167008678966053e-07	-8.092951277955272	0.003987861986296503	6041.862420864553	0.0	158355746.80323845	158355746.80323845	3.0028943345208715e-06	40284.754941204796	3.7851512509805183e-06	0.0019389491416990181	0.0	217716060.59312138	217716060.59312138	2.184121052938504e-06	-32260.8762541272	1.5520256776312153e-06	0.0017902835188577867
1525.5000000035463	0.0	30068359969.584713	30068359969.584713	7.755289502252411e-07	384.56153366144633	3.1488213206906323e-07	-8.102535942492013	0.003956044065865341	6007.545116584771	0.0	158356352.03395915	158356352.03395915	2.9592089704694266e-06	40616.10484686663	3.7599425947234025e-06	0.001919276785072647	0.0	217716016.84528264	217716016.84528264	2.1663423675037017e-06	-32103.932338703526	1.5367592273685812e-06	0.0017831542164434462
1566.0000000041234	0.0	30068350580.92838	30068350580.92838	7.729755408980391e-07	410.33619145575096	3.129627376907762e-07	-8.110623003194888	0.003943809570442697	5971.317732438607	0.0	158356937.67816955	158356937.67816955	2.932469936209269e-06	40600.13583383443	3.7348776652112667e-06	0.001909440668939788	0.0	217715964.81050706	217715964.81050706	2.1495039752902516e-06	-32199.538813814655	1.5226169521652503e-06	0.0017774614953652618
1606.5000000047005	0.0	30068341184.582947	30068341184.582947	7.862713591009183e-07	407.5793970563351	3.1114864090651744e-07	-8.11451677316294	0.004012395890785528	5937.119278261006	0.0	158357497.7515782	158357497.7515782	2.9292916844782754e-06	40293.50561878124	3.7149749839709793e-06	0.0019136382257620309	0.0	217715907.87499383	217715907.87499383	2.1340529224908867e-06	-32310.29569533372	1.5094456233131133e-06	0.0017734078600447863
1647.0000000052776	0.0	30068331526.63289	30068331526.63289	8.295074072674329e-07	381.3437164944199	3.0973915565575996e-07	-8.120706869009584	0.0042337992283748085	5910.691939354327	0.0	158358037.65383586	158358037.65383586	2.9498373800617264e-06	40014.87049320132	3.7050282068682047e-06	0.0019325862409379673	0.0	217715845.9608789	217715845.9608789	2.1194699997656406e-06	-32153.449000605586	1.496989232634471e-06	0.0017705598658417582
1687.5000000058546	0.0	30068321344.10026	30068321344.10026	8.997736284239543e-07	356.7959511016692	3.088723850303271e-07	-8.13448482428115	0.004593238920162875	5894.680583382653	0.0	158358558.41980112	158358558.41980112	2.983699065077161e-06	39733.46171853527	3.7058774984016358e-06	0.001960003244006623	0.0	217715779.07327515	217715779.07327515	2.1057237400949797e-06	-31775.367795403057	1.4849672846129165e-06	0.0017688055630599123
1728.0000000064317	0.0	30068310624.550697	30068310624.550697	9.52354353256496e-07	327.69351563562714	3.083967816787394e-07	-8.150059904153355	0.004862460705578746	5886.165410515516	0.0	158359047.77142093	158359047.77142093	3.008754821874842e-06	39355.54614230055	3.7137600764691067e-06	0.0019815584767676198	0.0	217715708.00912473	217715708.00912473	2.0921779022005195e-06	-31322.74468155695	1.4730551720276069e-06	0.0017671421893659463
1768.5000000070088	0.0	30068299369.371597	30068299369.371597	9.7880716357774e-07	299.3667465248537	3.0810302287718585e-07	-8.164337060702875	0.004998313757128609	5881.119465919082	0.0	158359489.67385846	158359489.67385846	3.010870875427705e-06	39077.5645457005	3.724842793143926e-06	0.0019880365706216392	0.0	217715633.6936571	217715633.6936571	2.079369864992265e-06	-30879.666330202846	1.4609507108255331e-06	0.0017657253317577696
1809.0000000075859	0.0	30068282673.40077	30068282673.40077	9.201548460993173e-07	53.14174407343609	3.05177436020615e-07	-8.177316293929712	0.00469239967372645	5825.331490365733	0.0	158359894.16427258	158359894.16427258	2.989230639073707e-06	39530.04134684135	3.737253265663475e-06	0.001978828210816766	0.0	217715556.7961133	217715556.7961133	2.067509379489679e-06	-30520.177797205688	1.4500022945306235e-06	0.0017647865514049494
1849.500000008163	0.0	30068270139.56816	30068270139.56816	9.207835453060554e-07	52.278054775972784	3.063823180393559e-07	-8.188598242811501	0.004694402534558379	5849.117342588601	0.0	158360290.02708215	158360290.02708215	2.9527214972100164e-06	40206.518850689274	3.7438922109842707e-06	0.001958832955689136	0.0	217715477.3431277	217715477.3431277	2.0574868372173976e-06	-30131.612011989404	1.438506197852895e-06	0.0017650905251610388
1890.00000000874	0.0	30068257118.67678	30068257118.67678	9.198712206030147e-07	53.6847959579857	3.0675451185470905e-07	-8.204073482428115	0.004689071829421337	5856.761281849143	0.0	158360703.11988103	158360703.11988103	2.9113676149024944e-06	40974.205160939746	3.742158085235879e-06	0.0019353287845786235	0.0	217715395.53575382	217715395.53575382	2.045123111409869e-06	-29757.15479508377	1.425549259011491e-06	0.0017631483294070981
1930.500000009317	0.0	30068244205.07054	30068244205.07054	9.196136299145468e-07	53.33120913113042	3.059768539051964e-07	-8.214656549520766	0.004687344316374908	5842.228804634787	0.0	158361137.56990808	158361137.56990808	2.8708702163384416e-06	41483.59074792567	3.7359471614313036e-06	0.0019124695588757467	0.0	217715310.86120486	217715310.86120486	2.0344447393674845e-06	-29401.31546010698	1.41212046612201e-06	0.0017624461850138454
1971.0000000098942	0.0	30068231497.114075	30068231497.114075	9.217537041180671e-07	53.63738755901828	3.053505870832956e-07	-8.229932108626198	0.004697852601221683	5830.534394375071	0.0	158361575.01848665	158361575.01848665	2.837814843305347e-06	41726.315620117755	3.7294500682012107e-06	0.0018967989963963037	0.0	217715222.49349046	217715222.49349046	2.024991232919204e-06	-29082.09492433633	1.3984785400626592e-06	0.0017626574983820905
2011.5000000104712	0.0	30068218915.381794	30068218915.381794	9.270841664818011e-07	53.57672651646057	3.0464990684690266e-07	-8.24151357827476	0.004724705774060306	5817.361113685547	0.0	158361996.12224045	158361996.12224045	2.8178546340150816e-06	41731.33914483772	3.7254637430654947e-06	0.0018903195127684756	0.0	217715128.76469997	217715128.76469997	2.0160412843416225e-06	-28854.923212699247	1.3848016221456905e-06	0.001763403561296618
2052.0000000108967	0.0	30068206222.76514	30068206222.76514	9.348882487281243e-07	53.03902562186888	3.0417680703658894e-07	-8.25279552715655	0.004764260210736704	5808.529101126641	0.0	158362383.7550624	158362383.7550624	2.8131460656165425e-06	41623.753703101174	3.7265667733517314e-06	0.001892980538238649	0.0	217715026.29905647	217715026.29905647	2.006864839286874e-06	-28823.899242525385	1.371387917276533e-06	0.001764608769699666
2092.500000009939	0.0	30068193263.888206	30068193263.888206	9.438409822783588e-07	53.46737355354401	3.0374666836724324e-07	-8.262879392971247	0.0048097331081638234	5800.5023003416945	0.0	158362729.51785576	158362729.51785576	2.8164594052405464e-06	41437.97991320555	3.735045471823242e-06	0.0019007581474554517	0.0	217714909.22553873	217714909.22553873	1.9973287409101682e-06	-29094.818469204292	1.358761968105852e-06	0.001767308036332975
2133.0000000089813	0.0	30068179881.20985	30068179881.20985	9.597269928173586e-07	52.84437902889462	3.0369202003867654e-07	-8.275658945686901	0.0048906323001082	5799.66650668323	0.0	158363032.4201083	158363032.4201083	2.8291242057086673e-06	41170.6046530531	3.7511001483920887e-06	0.0019147440874417202	0.0	217714771.50749844	217714771.50749844	1.987775094718319e-06	-29489.985990081936	1.3475071306924952e-06	0.0017745621944883013
2173.5000000080236	0.0	30068165957.15268	30068165957.15268	9.71470454308991e-07	53.469391597080374	3.0397638266434123e-07	-8.288238817891374	0.004950391501427211	5805.331527041145	0.0	158363296.53487307	158363296.53487307	2.846555710631796e-06	41058.289458613	3.7726140229859535e-06	0.001931470589982699	0.0	217714618.26799735	217714618.26799735	1.9782275960267515e-06	-29175.58166283568	1.3374649959059594e-06	0.0017880322268091426
2214.000000007066	0.0	30068151425.357132	30068151425.357132	9.787055351784486e-07	53.21424332899127	3.043935989533431e-07	-8.303414536741213	0.0049871862999749635	5813.553604873237	0.0	158363534.6904096	158363534.6904096	2.8560645592463984e-06	41268.174063074	3.7954618828907622e-06	0.0019426785379711097	0.0	217714475.2234078	217714475.2234078	1.969861152709862e-06	-27699.360263867988	1.3270155875778165e-06	0.0018011128052119899
2254.500000006108	0.0	30068136505.286934	30068136505.286934	9.80486200793042e-07	53.56490380073795	3.0487517819536904e-07	-8.318390575079873	0.0049962908740495	5823.0176869969055	0.0	158363764.73651838	158363764.73651838	2.852405642334522e-06	41683.48214850594	3.8161720614592665e-06	0.001944511917859843	0.0	217714355.04287666	217714355.04287666	1.9632774158512984e-06	-27011.823243154802	1.3149189865252739e-06	0.0018072679971763814
2295.0000000051505	0.0	30068121606.54847	30068121606.54847	9.822056948431506e-07	53.85854194204533	3.0518950433529074e-07	-8.332767571884984	0.005005041624515609	5829.269364839447	0.0	158363993.19132662	158363993.19132662	2.8379557142811127e-06	42079.519138071366	3.833302456584118e-06	0.001937794776380295	0.0	217714222.8742324	217714222.8742324	1.956909433444564e-06	-27520.339422099853	1.3025754724656799e-06	0.0018173752378882282
2335.5000000041928	0.0	30068106904.15265	30068106904.15265	9.819835773421578e-07	54.17003790237196	3.053712164825544e-07	-8.344149361022364	0.005003888676441586	5832.973423140919	0.0	158364218.94650757	158364218.94650757	2.816530053224818e-06	42255.566078196964	3.846209625946982e-06	0.0019260601152947584	0.0	217714085.7743087	217714085.7743087	1.9509220908934577e-06	-26533.650283902323	1.290597328695029e-06	0.0018332207339304353
2376.000000003235	0.0	30068092390.839966	30068092390.839966	9.80186185128265e-07	54.79104378229835	3.0533220404649014e-07	-8.357228434504792	0.004994689640230087	5832.435212064878	0.0	158364432.80491555	158364432.80491555	2.7943720035413884e-06	42278.83039426971	3.855368700542723e-06	0.0019138611942320913	0.0	217713956.3616	217713956.3616	1.9442673758126155e-06	-26668.171597472134	1.2783247373471488e-06	0.001842739711280601
2416.5000000022774	0.0	30068077948.92898	30068077948.92898	9.819190265294562e-07	54.669705845009716	3.052498034643197e-07	-8.366713258785943	0.005003465466411501	5831.053718637467	0.0	158364631.14431882	158364631.14431882	2.7735972761376597e-06	42176.1704589027	3.86361111160225e-06	0.0019026117690831219	0.0	217713821.99522752	217713821.99522752	1.936536413648235e-06	-26003.478937561544	1.2664809987016685e-06	0.0018531561484989023
2457.0000000013197	0.0	30068063468.687836	30068063468.687836	9.8828459512886e-07	54.84651098939395	3.052373153311238e-07	-8.378095047923322	0.005035863238673906	5831.001862056035	0.0	158364817.33893308	158364817.33893308	2.7592347615657934e-06	42287.20284497476	3.872859494310277e-06	0.0018975606508763428	0.0	217713678.61795425	217713678.61795425	1.928665615183069e-06	-25849.425904351607	1.2555372342849326e-06	0.0018710290588774348
2497.500000000362	0.0	30068048967.640022	30068048967.640022	9.973971022756968e-07	54.73537587794289	3.0530653590938395e-07	-8.398562300319488	0.005082282331338267	5832.5049480207435	0.0	158364991.92070913	158364991.92070913	2.751916813954633e-06	42374.16726419858	3.883683907151417e-06	0.0018974169434679807	0.0	217713534.56709635	217713534.56709635	1.922696615800481e-06	-25504.753769186933	1.2452292291801398e-06	0.0018909705994866355
2537.9999999994043	0.0	30068034466.27596	30068034466.27596	1.0039514779377806e-06	54.72566646024646	3.055308762485961e-07	-8.410343450479234	0.005115717935457025	5836.965114588469	0.0	158365159.11952195	158365159.11952195	2.750544387042423e-06	42427.960571574666	3.897220844991523e-06	0.0019006259379431675	0.0	217713384.63614613	217713384.63614613	1.917986358181698e-06	-24975.16800229365	1.2359201178227397e-06	0.001916711012384262
2578.4999999984466	0.0	30068020126.415043	30068020126.415043	1.0150997206149219e-06	54.9094831188198	3.0586407645485175e-07	-8.424021565495208	0.0051725981314488115	5843.481182516947	0.0	158365321.41819897	158365321.41819897	2.7546511104816936e-06	42282.19204737054	3.913413192113724e-06	0.0019072390008588987	0.0	217713237.30036414	217713237.30036414	1.9129586113394366e-06	-24424.563022488106	1.2270918553364828e-06	0.0019360283781135043
2618.999999997489	0.0	30068005869.669632	30068005869.669632	1.0217339188706466e-06	55.01360712477425	3.0630665675975715e-07	-8.4375	0.005206476179945628	5852.049571699847	0.0	158365475.36150554	158365475.36150554	2.75986457145586e-06	42228.896529437305	3.931470842694934e-06	0.001914222981651388	0.0	217713091.26214057	217713091.26214057	1.906768107809997e-06	-23836.618872306175	1.2189883990956997e-06	0.0019537692730016644
2659.499999996531	0.0	30067991709.888313	30067991709.888313	1.0297295032354144e-06	55.35717469375098	3.0681592724579254e-07	-8.446785143769969	0.005247278545087953	5861.838194717356	0.0	158365614.53468025	158365614.53468025	2.763989136695052e-06	42200.017863163266	3.9507632439965395e-06	0.0019195970634644165	0.0	217712951.1246699	217712951.1246699	1.9018292857718194e-06	-23217.89577554594	1.2113726363903441e-06	0.0019744135048236364
2699.9999999955735	0.0	30067977636.68389	30067977636.68389	1.032545975091363e-06	55.64086453662051	3.0734078518105894e-07	-8.463258785942491	0.005261673402564074	5871.869127240325	0.0	158365736.94461703	158365736.94461703	2.7658272330161506e-06	42287.532497082546	3.970196612699345e-06	0.001922546550384201	0.0	217712818.20366853	217712818.20366853	1.8954925956838326e-06	-22578.740927383573	1.2041599795961204e-06	0.0019927660225378847
2740.499999994616	0.0	30067963694.553226	30067963694.553226	1.0377925857566576e-06	56.0175007085859	3.078414828129859e-07	-8.472743610223642	0.0052884451527666024	5881.388944830323	0.0	158365839.87057045	158365839.87057045	2.7630526163993336e-06	42281.808059065734	3.988745046944059e-06	0.0019211015563194982	0.0	217712692.61453494	217712692.61453494	1.8884968355618465e-06	-21793.42002464294	1.1973531633211504e-06	0.0020052651633407142
2780.999999993658	0.0	30067949879.40062	30067949879.40062	1.039376328834252e-06	56.26315634983417	3.0830961236700266e-07	-8.484724440894569	0.005296531739331643	5890.244595681875	0.0	158365920.56416586	158365920.56416586	2.7552848150841525e-06	42176.2274537595	4.006523546281556e-06	0.001915426389671934	0.0	217712572.60327634	217712572.60327634	1.8823550613381742e-06	-20647.04820679511	1.1908873154794615e-06	0.002018899903576152
2821.4999999927004	0.0	30067936167.086647	30067936167.086647	1.040553772442152e-06	56.53873369273964	3.0878052914225e-07	-8.49530750798722	0.005302517038830089	5899.122730255489	0.0	158365983.97233063	158365983.97233063	2.7440395525434587e-06	41902.79919519012	4.023732565185369e-06	0.0019074116757204975	0.0	217712454.92803317	217712454.92803317	1.8746930426842887e-06	-19584.1734073274	1.1851066660741128e-06	0.0020293247959328846
2861.9999999917427	0.0	30067922504.208443	30067922504.208443	1.0410769176922803e-06	56.81051697482477	3.0926469240960494e-07	-8.509185303514377	0.005305152938230822	5908.232928184847	0.0	158366041.2812237	158366041.2812237	2.7311169994578835e-06	41507.935200370295	4.040688158720119e-06	0.001897827227097481	0.0	217712343.83943444	217712343.83943444	1.867334466032938e-06	-18778.29565901868	1.1800285582092813e-06	0.0020371421984640955
2902.499999990785	0.0	30067908914.374672	30067908914.374672	1.0425282055754942e-06	56.9990042927446	3.098202650918083e-07	-8.52086661341853	0.005312515739252535	5918.705690436713	0.0	158366095.4259998	158366095.4259998	2.719219166817789e-06	41069.936004401025	4.058282185748124e-06	0.0018894255612923062	0.0	217712239.43444756	217712239.43444756	1.8597015718077e-06	-18100.704293574992	1.17579791589604e-06	0.002041491621541932
2942.9999999898273	0.0	30067895360.95607	30067895360.95607	1.0528587213452356e-06	57.301786173847155	3.104707999792619e-07	-8.53214856230032	0.005365122715701971	5931.0021107609455	0.0	158366145.68795717	158366145.68795717	2.7107508133920316e-06	40549.890722930504	4.077516089759959e-06	0.0018843557297214993	0.0	217712142.67007327	217712142.67007327	1.8524139396338016e-06	-17408.530456901637	1.1723100462947412e-06	0.002045526941392549
2983.4999999888696	0.0	30067881860.054646	30067881860.054646	1.0544203268679331e-06	57.543100836267286	3.1124959665704394e-07	-8.541533546325878	0.005373028690561054	5945.757878226223	0.0	158366190.27021882	158366190.27021882	2.7066913863510144e-06	40035.595746378865	4.098934785339643e-06	0.0018833952151684585	0.0	217712052.8963682	217712052.8963682	1.845044685401394e-06	-16636.247466911278	1.1695481426986069e-06	0.002048094109542674
3023.999999987912	0.0	30067868369.353737	30067868369.353737	1.0555136385262972e-06	57.87234578423062	3.1215979153094004e-07	-8.549920127795527	0.005378523873915406	5963.028077354915	0.0	158366225.8875125	158366225.8875125	2.7058300513097526e-06	39583.40173483244	4.122576881179671e-06	0.0018849023850149578	0.0	217711969.7628293	217711969.7628293	1.8389929792599285e-06	-15784.440027521214	1.1674470233829707e-06	0.0020518269486662277
3064.499999986954	0.0	30067854872.0273	30067854872.0273	1.0620401301182638e-06	58.18011272705136	3.1316752978249176e-07	-8.561301916932907	0.0054116866494339395	5982.166161499098	0.0	158366246.91931102	158366246.91931102	2.70688590764869e-06	39274.26582263257	4.147786526432368e-06	0.0018875826261157088	0.0	217711894.27708206	217711894.27708206	1.8333033687857474e-06	-14878.483155101238	1.1657975568324707e-06	0.002053490090972429
3104.9999999859965	0.0	30067841382.356716	30067841382.356716	1.0721674730545093e-06	58.479521875727734	3.142437640123088e-07	-8.574281150159745	0.005463159776630804	6002.624933056845	0.0	158366248.54476005	158366248.54476005	2.707321582708656e-06	39105.802301984244	4.173482434334361e-06	0.001889376204197014	0.0	217711825.49071252	217711825.49071252	1.8269413237827037e-06	-13950.364642257467	1.1644955645311416e-06	0.00205333388916929
3145.499999985039	0.0	30067827929.92165	30067827929.92165	1.0693101194189552e-06	58.750836904049095	3.153443946550366e-07	-8.586761182108626	0.005448454338153402	6023.581404931373	0.0	158366231.03138477	158366231.03138477	2.7059445307648523e-06	39017.85967204784	4.198983438708587e-06	0.0018896056541254477	0.0	217711763.93773544	217711763.93773544	1.8203689659485892e-06	-13047.340001860193	1.1632239249150574e-06	0.0020507396417408148
3212.9999999834426	0.0	30067805672.455284	30067805672.455284	1.070896151045846e-06	59.026162841493736	3.171461093785984e-07	-8.61172124600639	0.005456237629574797	6058.003524238613	0.0	158366174.41919988	158366174.41919988	2.700465470443224e-06	39294.04853735676	4.239322627811722e-06	0.0018870993286082113	0.0	217711670.58147046	217711670.58147046	1.8126658753527443e-06	-11759.034705929527	1.1609467031192981e-06	0.0020487678380531446
