1.083973170634551
Time 	 Eb 	 Ea 	 Ep 	 phi_d 	 phi_z 	 KED 	 MLD 	 K 	 E_k 	 Eb_D 	 Ea_D 	 Ep_D 	 phi_d_D 	 phi_z_D 	 KED_D 	 K_D 	 Eb_U 	 Ea_U 	 Ep_U 	 phi_d_U 	 phi_z_U 	 KED_U 	 K_U 
944.9999999967719	30068514989.92313	-46876.61869722605	30068468113.30443	7.63395858679124e-07	407.54562344267197	3.3336172888124e-07	-7.9923123003194885	0.003879505345909867	6356.497737552618	2072682425.157159	1357.9317352091894	2072683783.0888946	1.1511490883166608e-06	98814.50274872483	1.0314210726950917e-06	0.002635737122327169	2849794937.4032307	501.9866023054346	2849795439.389833	9.255896333173977e-07	-75931.62608892076	5.343810183600031e-07	0.002124070394593258
985.4999999965816	30068468415.50079	-4961.787937015295	30068463453.712845	7.544064922555944e-07	321.572238739677	3.3193509275814465e-07	-7.9973043130990416	0.003834652824582297	6329.904973159391	2072686022.4141316	1483.7624184330925	2072687506.1765504	1.165808963157962e-06	99082.18626679666	1.0374478944741065e-06	0.0026704441199737737	2849790981.211969	515.4099021432921	2849791496.6218715	9.214587747651516e-07	-75108.91389613444	5.231251492239311e-07	0.0021146035333417584
1025.999999996429	30068423578.025433	34438.46334683895	30068458016.488777	7.467815506199964e-07	260.95867974254827	3.300199856635327e-07	-8.000299520766774	0.0037969088661940777	6293.9098334841665	2072689433.7169182	1607.4452064456416	2072691041.162125	1.1862101116029652e-06	99891.95135674773	1.040289581799731e-06	0.0027180945869645884	2849786915.1506324	524.7041968107224	2849787439.85483	9.192436954456781e-07	-74238.72259917359	5.123039137829797e-07	0.0021095387764946748
1066.4999999970062	30068383146.86411	68716.36031755805	30068451863.224426	7.425345521809238e-07	240.88287041632884	3.280237742745133e-07	-8.001297923322683	0.0037764201247553306	6256.188857534676	2072692766.6145601	1719.2775348280554	2072694485.892095	1.206057904367858e-06	101421.61280042068	1.0419582944443302e-06	0.0027644362265162423	2849782751.654299	529.9920265451074	2849783281.646325	9.177333541587368e-07	-73453.99796755031	5.021097595158841e-07	0.002106120047180352
1106.9999999975832	30068347584.195057	97592.30624106526	30068445176.501297	7.416610583010276e-07	261.365998116822	3.2622940884237575e-07	-8.011980830670927	0.0037731112002942083	6222.146189108271	2072696134.2564294	1810.521940403152	2072697944.77837	1.218776948952604e-06	103326.86369606548	1.043956563886871e-06	0.0027943706141651307	2849778501.754492	530.9119033841416	2849779032.666394	9.158593343473135e-07	-72917.71255359214	4.926348291568491e-07	0.002101872070061578
1147.4999999981603	30068309929.77117	128274.40258717537	30068438204.17376	7.479376621776639e-07	302.04617534357214	3.2481484221684297e-07	-8.025359424920127	0.0038061404677749316	6195.2435847945	2072699576.3768528	1878.918601490557	2072701455.2954543	1.2053557988660875e-06	104881.9724880742	1.0474285182894219e-06	0.00276434137991343	2849774173.693284	527.8658500127494	2849774701.5591335	9.1439294112337e-07	-72844.03002691595	4.839076875909871e-07	0.0020985719841878302
1187.9999999987374	30068277497.659588	153621.57570317388	30068431119.23529	7.571309151354186e-07	331.3606835297395	3.2385069208307286e-07	-8.027955271565496	0.0038540550159374336	6176.89881612589	2072703023.4508426	1926.535579207819	2072704949.986422	1.1796630369654205e-06	105601.93897140211	1.053042515235377e-06	0.0027060851091316937	2849769772.96286	522.1445628833026	2849770295.1074224	9.129735251064944e-07	-73164.55948665028	4.759084419842258e-07	0.002095384280087172
1228.4999999993145	30068247134.591873	176760.4575651884	30068423895.049435	7.716265062509164e-07	330.9461754002422	3.232905588608042e-07	-8.03314696485623	0.003928987464670328	6166.26642975998	2072706367.9761927	1953.6307088960893	2072708321.6069012	1.1564002000019333e-06	105766.1709063311	1.0606586647221645e-06	0.002653288928151884	2849765303.5340986	515.0367922680452	2849765818.5708914	9.113244875143011e-07	-73241.2381196839	4.6858301242441507e-07	0.0020916677178178275
1268.9999999998915	30068216649.781384	199699.99384373426	30068416349.775234	7.868469317139651e-07	311.77921103537165	3.228777136673042e-07	-8.040535143769969	0.004007619433565798	6158.464691993189	2072709576.3531616	1962.8802837110125	2072711539.2334454	1.140887401358452e-06	106012.56881702534	1.0685329972193072e-06	0.0026181731296041812	2849760766.5872746	508.0315903793089	2849761274.6188645	9.10090301979486e-07	-73155.43688582248	4.6186267559925267e-07	0.0020889087503622845
1309.5000000004686	30068189675.06632	218684.15079295635	30068408359.217113	7.961227401591471e-07	296.50912890612244	3.2231086125746274e-07	-8.050419329073483	0.004055951298318481	6147.7528032191585	2072712683.0558493	1965.9447368741965	2072714649.0005865	1.1274036583898392e-06	106412.2379345418	1.074582349806897e-06	0.0025876335224050318	2849756162.458034	502.6727289948612	2849756665.1307635	9.088103470614157e-07	-73049.79860958355	4.556757872545923e-07	0.002086056855125049
1350.0000000010457	30068167650.106857	232325.174823463	30068399975.281685	7.975323113395641e-07	288.5508471242122	3.2143109841074856e-07	-8.058506389776358	0.004064231926592594	6131.119528018438	2072715674.3418	1981.2529665618204	2072717655.5947666	1.1138179718856944e-06	106628.13136652386	1.0778941744508533e-06	0.0025567778695575884	2849751492.230948	499.95775320008397	2849751992.188701	9.07830295785684e-07	-72981.45421873912	4.4995773470118094e-07	0.0020839097930717117
1390.5000000016228	30068142780.631657	248482.18747588995	30068391262.819138	7.944794769856137e-07	278.21279783600926	3.2023821911618265e-07	-8.07198482428115	0.004049696542178905	6108.58081794952	2072718506.793507	2022.0306034300008	2072720528.8241105	1.1010650175186897e-06	107133.14657032081	1.0786483051821228e-06	0.002527795095130077	2849746758.0740194	500.50527055468405	2849747258.5792904	9.072901725131692e-07	-72953.62670632005	4.44656988952213e-07	0.002082800548670082
1431.0000000021998	30068120610.19291	261537.59790140393	30068382147.790813	7.898041659442677e-07	279.40409843025793	3.1883578366127345e-07	-8.078873801916933	0.004026831636776515	6082.1191370761335	2072721280.5430348	2086.1033252300695	2072723366.6463597	1.0946371240904215e-06	108760.78259659646	1.0773332175279742e-06	0.002513294821375707	2849741964.1593723	504.1979277012869	2849742468.3573003	9.069989978123511e-07	-72942.78293485689	4.3974045685634126e-07	0.00208227727589275
1471.500000002777	30068101351.197052	271312.04269987345	30068372663.23975	7.84932240914899e-07	316.64924213293057	3.1726677259302807e-07	-8.088757987220447	0.004002885524036374	6052.535327658797	2072724157.0117688	2163.5754182019737	2072726320.587187	1.0927455052682032e-06	110906.1475845128	1.0740091013570226e-06	0.002509183113168485	2849737119.2376	510.2062299144454	2849737629.443829	9.06910941854539e-07	-72896.78446703588	4.3518481961697914e-07	0.0020822387058423014
1512.000000003354	30068080291.49448	282829.2800581157	30068363120.774536	7.780605552330505e-07	370.2425190752833	3.1550609769580975e-07	-8.098742012779553	0.003968686710441492	6019.320949626763	2072727140.8738892	2241.849192107562	2072729382.7230814	1.0931268686611647e-06	112477.2576728779	1.0688174104980667e-06	0.0025102761191372535	2849732223.988121	517.4761922238395	2849732741.464314	9.06910842994387e-07	-72694.66527243829	4.309578454825821e-07	0.002082401424354635
1552.500000003931	30068061469.43698	292235.04167598486	30068353704.47866	7.727712272368133e-07	404.5714149536053	3.1360364665126886e-07	-8.109624600638977	0.003942508996496044	5983.413555128087	2072730156.6831546	2306.24441733351	2072732462.927572	1.0955706127388377e-06	112973.24937119758	1.062413799438799e-06	0.0025161014223989623	2849727281.8145366	524.7986986385658	2849727806.6132345	9.069607972993494e-07	-72618.94988179176	4.270487083120107e-07	0.0020826994453401965
1593.0000000045081	30068043861.701893	300466.70631438494	30068344328.40821	7.797793886354177e-07	412.12505126000906	3.117236984743452e-07	-8.112719648562301	0.003979024226435074	5947.949233843318	2072733034.7919874	2352.5340448084753	2072735387.3260322	1.0964437990528612e-06	112234.23510710594	1.0560776851301648e-06	0.002518341659058696	2849722365.2941647	531.8142246222124	2849722897.108389	9.071465358041064e-07	-72635.21306019326	4.2344495389158276e-07	0.0020833201266090896
1633.5000000050852	30068026993.2403	307804.1988258064	30068334797.43912	8.105781079996465e-07	390.7302541483	3.1014787035660946e-07	-8.11841054313099	0.00413693635545556	5918.327646809195	2072735663.9325426	2382.7167562255636	2072738046.6492987	1.0938354257203034e-06	110999.41502804784	1.0516937127769322e-06	0.0025126019352203926	2849717499.260606	538.661876513157	2849718037.9224825	9.074052700612011e-07	-72215.6318434915	4.2008559676429134e-07	0.0020841082608525855
1674.0000000056623	30068009512.69198	315286.2336113453	30068324798.92559	8.766721769654882e-07	364.83886662167066	3.091076354818911e-07	-8.130191693290735	0.004475051345788158	5898.98829530497	2072738038.638559	2399.307647897862	2072740437.946207	1.0908839557132735e-06	109347.07562745482	1.0504717695397725e-06	0.00250609053227249	2849712672.135084	544.5682820719667	2849713216.703366	9.076957038134065e-07	-71247.50190095665	4.168960617765708e-07	0.0020849739415411306
1714.5000000062394	30067992390.612583	321867.1993523538	30068314257.811935	9.37401296391386e-07	338.01614855742093	3.0852442401495804e-07	-8.144568690095847	0.004785855845345627	5888.412766529795	2072740120.4139938	2406.3040163540277	2072742526.7180104	1.0877393419467949e-06	107375.76812062171	1.0518986004572663e-06	0.0024991435207611045	2849707881.46058	549.1181120988913	2849708430.5786924	9.078393083323833e-07	-69975.39671583044	4.137929034649174e-07	0.0020855142714809967
1755.0000000068164	30067976438.876907	326741.2951283902	30068303180.172035	9.732155371418433e-07	307.88430068897674	3.0819374663826944e-07	-8.160642971246006	0.004969500175149723	5882.6662453935205	2072741837.77465	2406.3335722088814	2072744244.1082222	1.0826748513548648e-06	105700.45290516553	1.0548827857893415e-06	0.0024877919922918225	2849703131.556175	552.9272724404	2849703684.483447	9.080092947330027e-07	-68653.5542963235	4.1068778458711495e-07	0.002086125921104417
1795.5000000073935	30067961801.797234	329753.32013729215	30068291555.11737	9.842159554217282e-07	289.68209954202075	3.0791518811962465e-07	-8.168730031948881	0.005026451107656454	5877.892489227533	2072743252.0195987	2403.9000239728484	2072745655.919623	1.075327562653258e-06	105214.05313246112	1.0581696164159912e-06	0.0024711748960454527	2849698424.9924064	556.1983562153764	2849698981.1907635	9.082713280043351e-07	-67424.63868895205	4.0751790682303895e-07	0.002086948827942348
1836.0000000079706	30067978800.807037	295618.7774002254	30068274419.584435	9.204422177236269e-07	52.879666784488954	3.0590958215828985e-07	-8.185103833865815	0.004692917119456905	5839.83449291712	2072744607.0198715	2411.1261670240197	2072747018.1460385	1.0683769831959245e-06	108318.89630797447	1.0618994834153992e-06	0.0024554230606470984	2849693752.8136654	559.4768778914586	2849694312.290543	9.08628117558258e-07	-66526.53159115199	4.0501531323261155e-07	0.002087972936694129
1876.5000000085477	30067980560.133324	280902.8355151117	30068261462.968834	9.2061705692583e-07	52.91705385455227	3.0685097041367585e-07	-8.199081469648561	0.004693092493964087	5858.460982838791	2072746023.1005628	2438.234015907626	2072748461.3345788	1.0629223143513921e-06	110088.95930768971	1.063173705236706e-06	0.0024431348271434514	2849689115.1085997	563.3401231411844	2849689678.448723	9.086098441821726e-07	-65635.05356662878	4.0179996361529536e-07	0.0020881358839408616
1917.0000000091247	30067979890.551777	268593.86738960445	30068248484.41916	9.190899272935559e-07	53.81036659691681	3.0622973618522737e-07	-8.210163738019169	0.004684814495479838	5846.959794367605	2072747536.0415626	2485.3221312388773	2072750021.3636937	1.0588395514044952e-06	111204.05721208882	1.0629217367242717e-06	0.0024339984646701146	2849684508.9308968	567.9967635050416	2849685076.927661	9.088143484988955e-07	-64872.15971624882	3.984390919507971e-07	0.002088813746337425
1957.5000000097018	30067977565.08951	258146.94982221726	30068235712.039337	9.207822312070102e-07	53.20864579404349	3.0556826968251127e-07	-8.225539137380192	0.00469303233989632	5834.61063258254	2072749064.4683163	2540.0458074552007	2072751604.5141244	1.0544912417953334e-06	111558.00634690696	1.0620075869718303e-06	0.002424237914798794	2849679931.686224	573.3459623488598	2849680505.0321865	9.091851722131765e-07	-64280.87993582394	3.950228018558881e-07	0.0020898615116890324
1998.0000000102789	30067974635.4446	248475.0397858322	30068223110.484383	9.245464087842834e-07	53.94071936004123	3.0486576967070785e-07	-8.23761980830671	0.00471185728605098	5821.41653316094	2072750517.6750977	2591.3833528659306	2072753109.0584507	1.0516145866012051e-06	111334.65927045456	1.0611716251180239e-06	0.002417838478772695	2849675370.504607	578.8462837920524	2849675949.350891	9.09610689186659e-07	-64036.008833423315	3.9159720362494997e-07	0.0020910351524296056
2038.500000010856	30067972044.080032	238432.21373802426	30068210476.293774	9.321623751806535e-07	52.9402076921653	3.043211378288554e-07	-8.249800319488818	0.004750427340795629	5811.218635563772	2072751802.759025	2633.0687007955275	2072754435.827726	1.0506461722931517e-06	110825.69498109279	1.0610196977093518e-06	0.0024158363633710453	2849670780.5851793	583.8357649650425	2849671364.420944	9.101522607333068e-07	-64462.395889795305	3.8822504348244725e-07	0.002092464957655127
2079.000000010258	30067969771.929554	227850.48572324216	30068197622.41528	9.394686510714114e-07	53.5043992671076	3.0387462334645026e-07	-8.259185303514377	0.004787486516484133	5802.883920547314	2072752873.2677732	2661.1241307165474	2072755534.3919039	1.049419356530171e-06	111769.72376078642	1.0623776903404411e-06	0.002413230981059835	2849666062.8759856	587.041968863923	2849666649.917954	9.103881832305081e-07	-65830.2369097017	3.8502434876726773e-07	0.0020931777111924564
2119.5000000093005	30067966325.690727	218072.8505728245	30068184398.541298	9.53397359945729e-07	52.955076840444306	3.036516162356672e-07	-8.270567092651758	0.00485839644284348	5798.821306859421	2072753690.4486117	2675.9605990615673	2072756366.4092112	1.0487636834293342e-06	113162.27533347222	1.06577546990005e-06	0.002411936741231353	2849661076.9854956	587.0748577951454	2849661664.0603538	9.103976858914037e-07	-67651.77518241413	3.8215808206559053e-07	0.002093360359729254
2160.000000008343	30067962049.08523	208615.16571940482	30068170664.25095	9.691907124426312e-07	53.2291876959973	3.0386812656598954e-07	-8.283047124600639	0.004938803933203913	5803.184412580422	2072754229.5475652	2679.9249582709745	2072756909.4725237	1.0496630295224418e-06	112404.45456169934	1.0710744841892242e-06	0.0024142176020732066	2849655813.4563656	584.1643718820997	2849656397.620738	9.10237157541711e-07	-67664.44571274928	3.7968828503206163e-07	0.002093145643214952
2200.500000007385	30067957910.301765	198422.40279592574	30068156332.704563	9.774149086875115e-07	53.38113328684729	3.042347778706542e-07	-8.29632587859425	0.0049806181497193	5810.432668139001	2072754585.1684613	2673.970183086116	2072757259.1386447	1.050286290503143e-06	111032.19208952112	1.0773647821408343e-06	0.0024158458563407572	2849650694.030123	581.8011594898999	2849651275.8312836	9.100167132130613e-07	-63795.80057528656	3.7732061767463713e-07	0.0020927893299457156
2241.0000000064274	30067954206.786514	187286.31366540492	30068141493.100174	9.81788313821186e-07	53.32645952419263	3.047289280258784e-07	-8.313099041533546	0.0050029127478807165	5820.136995871643	2072754918.4443378	2664.705750654917	2072757583.1500885	1.0485219551193411e-06	111909.23807880977	1.0834994191110968e-06	0.0024119705577758314	2849646185.9746428	586.9009031765162	2849646772.8755465	9.101210626357861e-07	-59855.558632624336	3.7458266689330137e-07	0.0020931773668606364
2281.5000000054697	30067947606.04103	178948.8494811654	30068126554.89051	9.816506348447414e-07	53.869186711398	3.051003800149467e-07	-8.32767571884984	0.005002219144403626	5827.486181329577	2072755316.4096065	2656.155999057926	2072757972.5656056	1.0447275286527128e-06	115368.7419504541	1.0888474407608747e-06	0.002403417502936266	2849641720.870585	597.6427910542114	2849642318.513376	9.106229326059448e-07	-60230.37261528078	3.715995086173891e-07	0.00209446871685525
2322.000000004512	30067943103.46808	168678.8233705908	30068111782.29145	9.817380639260916e-07	53.925568035045245	3.05331171378626e-07	-8.34095447284345	0.0050026451011950706	5832.133015131785	2072755766.494508	2652.050113512203	2072758418.5446217	1.0395237235455084e-06	116902.68696037997	1.0931520726649077e-06	0.0023916143574972152	2849636981.8013816	607.2136119958012	2849637589.014994	9.112051176115176e-07	-58601.4003498892	3.687859602135332e-07	0.0020959442579207488
2362.5000000035543	30067936893.735634	160314.9151518643	30068097208.650784	9.798412624717932e-07	54.70401997420707	3.0536509088359345e-07	-8.35333466453674	0.0049929497994974864	5832.997266579315	2072756229.8783176	2653.501240155194	2072758883.379558	1.0344670365763276e-06	116730.59698786437	1.0963272526081245e-06	0.0023801295303385074	2849632575.453936	621.2195028113201	2849633196.673439	9.11956434651612e-07	-57210.12591883226	3.6593392550206723e-07	0.0020978095826375866
2403.0000000025966	30067932635.80351	150134.37267838418	30068082770.17618	9.81349649170737e-07	54.703773900866075	3.052683061658475e-07	-8.365215654952078	0.005000579375705274	5831.343467662584	2072756631.21186	2655.2171836527996	2072759286.4290435	1.029531081377626e-06	116325.42764417233	1.098908318227076e-06	0.0023689032341695847	2849627993.414414	639.2659967984072	2849628632.680411	9.128637426071244e-07	-55734.16849510576	3.6309845768561867e-07	0.002100024983528104
2443.500000001639	30067926124.251022	142169.77991768718	30068068294.030937	9.857354308459798e-07	54.775982572353655	3.0523607016054306e-07	-8.374301118210862	0.005022882850736088	5830.916771025905	2072756995.831943	2653.6175869354042	2072759649.4495301	1.0254854325425215e-06	116846.48208116328	1.101577847013459e-06	0.0023597092823836032	2849623556.539903	654.390562322922	2849624210.9304657	9.136141538674814e-07	-54707.81377964392	3.6064138751872333e-07	0.0021018656864245063
2484.000000000681	30067920888.071117	132922.50293274224	30068053810.57405	9.938983201665527e-07	54.81569398048103	3.052679067509327e-07	-8.388877795527156	0.005064453641982719	5831.707038188141	2072757334.6578257	2647.7420804593708	2072759982.3999066	1.0226372232244394e-06	117921.3827686	1.104469180949372e-06	0.002353256211409319	2849619123.165931	671.6873794696293	2849619794.85331	9.145173490973722e-07	-52914.74313191699	3.583309391770814e-07	0.0021040452716572775
2524.4999999997235	30067916188.33349	123093.49455489218	30068039281.82804	1.0014128475966174e-06	54.6705830051523	3.054403096838808e-07	-8.406349840255592	0.005102764994109015	5835.17846292122	2072757731.5786762	2635.442417051177	2072760367.0210931	1.020654625679726e-06	118795.3587587247	1.1078748000710412e-06	0.002348777985703966	2849614703.409413	681.1858845176175	2849615384.595298	9.152595967281561e-07	-50722.56494548801	3.5635864953018806e-07	0.002105826164292768
2564.999999998766	30067910866.529774	114030.63531987369	30068024897.1651	1.0125108836339949e-06	54.874949237202635	3.057428424612092e-07	-8.420926517571885	0.0051593797964012405	5841.118504549997	2072758160.527382	2615.722006080672	2072760776.2493882	1.0193817479536925e-06	119010.12937126239	1.1119660683183576e-06	0.002345927213433007	2849610357.1934414	689.0283619416878	2849611046.2218037	9.158540678097009e-07	-47746.706180748726	3.5455125769595696e-07	0.002107232944754039
2605.499999997808	30067905538.629242	105070.05676323177	30068010608.68601	1.0190044037136582e-06	54.9498059491497	3.0614681129723836e-07	-8.434904153354633	0.005192543543983659	5848.963223276313	2072758592.4126182	2591.344822161365	2072761183.7574399	1.0183434584316983e-06	119307.37876646216	1.1166118400855105e-06	0.002343626584882987	2849606090.5093627	696.4388786940835	2849606786.9482417	9.164220324798775e-07	-45273.56355072392	3.5293593199763196e-07	0.0021085859880558646
2645.9999999968504	30067900589.724598	95834.61298385262	30067996424.33758	1.0283268579010009e-06	55.2406093862748	3.0664408705899246e-07	-8.44329073482428	0.005240114424522092	5858.542142464834	2072759011.673235	2562.7573871440254	2072761574.4306219	1.0171640164079837e-06	120085.65629573488	1.1216745546749345e-06	0.0023409969067682054	2849601907.4084196	703.9714916604571	2849602611.379911	9.16819247839999e-07	-43524.97002985254	3.5149262900739416e-07	0.0021095593092202753
2686.4999999958927	30067894617.68967	87692.35780400038	30067982310.047474	1.0312784149687194e-06	55.54328998602699	3.071649414641484e-07	-8.459065495207668	0.005255199561392877	5868.5140550638735	2072759424.9369698	2533.1023466303013	2072761958.0393167	1.015901478569784e-06	121221.21443296669	1.1269334992759759e-06	0.0023381902962510506	2849597823.683152	716.8156933826393	2849598540.498846	9.176033438343201e-07	-41700.29457482672	3.5011791119085813e-07	0.0021114464343213513
2726.999999994935	30067888303.865276	80028.78297272325	30067968332.648243	1.0370900509417665e-06	55.89099099902807	3.076806315394089e-07	-8.46964856230032	0.005284853499297673	5878.336524527994	2072759791.928615	2506.2936388389207	2072762298.222254	1.014145776793325e-06	122284.47861390353	1.1320344184763597e-06	0.0023342574365289815	2849593872.109108	729.5747821480036	2849594601.6838894	9.182499171025726e-07	-39477.636412767504	3.4891453162816804e-07	0.002113035264780492
2767.4999999939773	30067882464.221207	72002.37417142093	30067954466.595383	1.0383330883105888e-06	56.198731772446415	3.0815375714024604e-07	-8.481429712460065	0.0052912145634214525	5887.300121760026	2072760093.159791	2482.7223387067206	2072762575.88213	1.0116266686172498e-06	123066.40081434602	1.136897124173107e-06	0.00232855753671009	2849590045.955179	744.5244176536798	2849590790.4795966	9.190253767208135e-07	-36269.78459636621	3.4779080791018056e-07	0.0021149184254472477
2807.9999999930196	30067877036.134304	63696.86559562386	30067940732.9999	1.0406672966267993e-06	56.42786552838163	3.0862344862194896e-07	-8.492811501597444	0.005303102723173193	5896.164289393856	2072760318.893012	2461.500143446494	2072762780.3931556	1.008604271824636e-06	123248.78663837865	1.1415757566433911e-06	0.0023216979734788363	2849586281.172069	758.0197546947746	2849587039.191824	9.197006756993217e-07	-32499.65480781141	3.468560628659836e-07	0.0021165567099299017
2848.499999992062	30067870435.01665	56616.19515378774	30067927051.2118	1.0414350885846574e-06	56.74304564244597	3.0909852373957943e-07	-8.505391373801917	0.0053069898170849394	5905.106069110107	2072760507.7606385	2443.5012662438676	2072762951.2619052	1.0051758037163569e-06	122724.7102247694	1.1461207328679296e-06	0.002313899271004945	2849582634.0198035	773.1556896846741	2849583407.175493	9.205346619790964e-07	-28753.815187553493	3.4611769844205e-07	0.0021185422401732035
2888.9999999911042	30067864788.49048	48648.90956686438	30067913437.40005	1.0423368947014559e-06	56.92103285009595	3.0962475506381433e-07	-8.516273961661343	0.005311548242704995	5915.0167876738205	2072760670.0641959	2427.525333737023	2072763097.5895295	1.0018940941417642e-06	121878.04237065343	1.150740987793247e-06	0.0023064424782594105	2849579158.6188498	788.6795820198021	2849579947.298431	9.214849756276992e-07	-24968.29775526385	3.456120429274907e-07	0.002120789232568197
2929.4999999901465	30067859399.27645	40475.77314276993	30067899875.04959	1.0491323034546873e-06	57.203300303083324	3.1024204397050044e-07	-8.530251597444089	0.005346150143564221	5926.674573298065	2072760793.2745752	2412.1266545352987	2072763205.4012296	9.99242420131553e-07	120693.51164608533	1.1557101074539107e-06	0.00230043695780848	2849575875.4619894	803.7849077777936	2849576679.2468967	9.225380561249517e-07	-20933.440017573565	3.4534781714958287e-07	0.0021232717148438407
2969.999999989189	30067855212.731537	31142.597145080566	30067886355.328682	1.0555982870661003e-06	57.46217877828315	3.109738719602318e-07	-8.539536741214057	0.005379049639694015	5940.530540986137	2072760872.1357174	2396.660063556395	2072763268.795781	9.974001191526397e-07	119396.41860709342	1.1612309106296715e-06	0.0022962759836160818	2849572793.3127637	820.3769561513326	2849573613.6897197	9.235543320824348e-07	-16528.65387399291	3.452677752854812e-07	0.00212566229083531
