3.157802502713711
Time 	 Eb 	 Ea 	 Ep 	 phi_d 	 phi_z 	 KED 	 MLD 	 K 	 E_k 	 Eb_D 	 Ea_D 	 Ep_D 	 phi_d_D 	 phi_z_D 	 KED_D 	 K_D 	 Eb_U 	 Ea_U 	 Ep_U 	 phi_d_U 	 phi_z_U 	 KED_U 	 K_U 
931.4999999968353	0.0	29889364641.336197	29889364641.336197	2.8920213541534635e-05	-2173.915579659047	2.8130150263965733e-06	-8.36082268370607	0.14676867742118552	53476.99930946973	0.0	703309042.6925154	703309042.6925154	0.0004587927182777947	631720.4778264172	1.3167191575016231e-05	0.6127290845656803	0.0	966918312.897694	966918312.897694	0.00031871746258082726	-625573.6924947486	8.771501621534818e-06	0.4239485617674811
971.999999996645	0.0	29889322360.291878	29889322360.291878	2.5479499247197092e-05	-2350.919459662828	2.7877546261551046e-06	-8.395167731629392	0.12927035896998187	53020.98131935883	0.0	703307235.2613175	703307235.2613175	0.0004094834723300559	635220.3805412389	1.3052590812169385e-05	0.5468316359094504	0.0	966914102.7216575	966914102.7216575	0.0003087336884401397	-625040.881052434	8.6564002419409e-06	0.41052304523538713
1012.4999999964547	0.0	29889280393.578983	29889280393.578983	2.6002959094781282e-05	-2003.265467043636	2.774874682434882e-06	-8.431908945686901	0.13186828991025554	52722.75951863139	0.0	703305553.1753688	703305553.1753688	0.0004262859425150975	634506.3830770281	1.3091664435992971e-05	0.5694383422948619	0.0	966909574.4017546	966909574.4017546	0.0003045517608879254	-623680.9371992205	8.535563436971305e-06	0.4048135849603924
1052.9999999968138	0.0	29889237591.819855	29889237591.819855	2.233135857333727e-05	-2228.4404917684806	2.737640857021565e-06	-8.464556709265176	0.11318335932030496	52045.76052157402	0.0	703303585.4199768	703303585.4199768	0.0004643288424909695	632997.9793744831	1.2860288679641915e-05	0.6200919214589654	0.0	966904838.0219748	966904838.0219748	0.0003142796755072376	-620866.2972286011	8.4162257039346e-06	0.41758611144867597
1093.499999997391	0.0	29889192716.28565	29889192716.28565	2.622105726529861e-05	-1900.0096007382774	2.7105941629246497e-06	-8.502496006389777	0.1328896515575944	51539.74933061796	0.0	703301889.5805918	703301889.5805918	0.00040921206363140483	636150.6645329098	1.2714261127506718e-05	0.5471307634920721	0.0	966899993.050467	966899993.050467	0.00034169688036270526	-618425.2187209261	8.297446427224412e-06	0.453841402318202
1133.999999997968	0.0	29889148828.076576	29889148828.076576	2.5165477255783406e-05	-1322.3191115788266	2.699208125579219e-06	-8.54642571884984	0.1274685773482985	51245.77611651107	0.0	703299172.5251609	703299172.5251609	0.0003820325316607555	659702.3423519607	1.2788760191070153e-05	0.5108820977150925	0.0	966895087.7006621	966895087.7006621	0.0003677868535973295	-615381.6373902515	8.181936791388828e-06	0.4883140101958943
1174.499999998545	0.0	29889102182.89776	29889102182.89776	2.608454819512824e-05	-202.2930858637024	2.6610363429497953e-06	-8.59754392971246	0.13207713781287767	50555.0194723341	0.0	703295592.0972722	703295592.0972722	0.0003413240081667871	662723.2238646521	1.2520190464656906e-05	0.4562346130559455	0.0	966890114.8057142	966890114.8057142	0.0003945795671113528	-611757.7841900376	8.072455148028604e-06	0.5237122729135953
1214.999999999122	0.0	29889045877.98115	29889045877.98115	2.3794265304219545e-05	-108.0082015658885	2.635289274201404e-06	-8.648562300319488	0.12044800650387409	50091.288655409124	0.0	703291402.6545707	703291402.6545707	0.000262232741078068	664362.7702460582	1.238444675329482e-05	0.3508029957311519	0.0	966885041.2613959	966885041.2613959	0.0004274714063323751	-609325.0154282326	7.965314349925826e-06	0.567196075636811
1255.4999999996992	0.0	29888988758.17545	29888988758.17545	2.0745277241200963e-05	-44.312347172297606	2.6221988798389767e-06	-8.702975239616613	0.10494904635866124	49792.30532888732	0.0	703287742.469747	703287742.469747	0.00022242021632683535	659867.1232475883	1.2391898603140893e-05	0.29761216189753054	0.0	966879871.5090923	966879871.5090923	0.00046150820230411006	-606839.4327151278	7.862179178395679e-06	0.6122161755264789
1296.0000000002763	0.0	29888932048.14579	29888932048.14579	1.8933357707857553e-05	-265.49531186934183	2.5864057294150862e-06	-8.757687699680512	0.09576682518784381	49128.05769528673	0.0	703284570.6447284	703284570.6447284	0.00017730000575107063	655972.4599000963	1.2151114320558702e-05	0.23713589716486916	0.0	966874629.4546045	966874629.4546045	0.0004670923875494221	-603889.1408496107	7.764615512080649e-06	0.6195080473453974
1336.5000000008533	0.0	29888875306.32296	29888875306.32296	1.8194154282153265e-05	-426.70143531672807	2.5605492474546427e-06	-8.811900958466454	0.09200146030716527	48692.5656064743	0.0	703280959.3059498	703280959.3059498	0.0001295939463228272	659371.2249086178	1.2014245476902715e-05	0.17346487314912787	0.0	966869336.5401502	966869336.5401502	0.00045964839802665813	-602117.4318713633	7.669896578479488e-06	0.6095737579840305
1377.0000000014304	0.0	29888820999.352474	29888820999.352474	1.4785341273550511e-05	-315.0502464214499	2.5431347726455617e-06	-8.863917731629392	0.0747236033211389	48310.351740773825	0.0	703277759.6043947	703277759.6043947	9.797706861644189e-05	656703.8344113186	1.195157435285694e-05	0.13120694959918494	0.0	966864094.1990292	966864094.1990292	0.0004940366550065217	-600065.9094486199	7.5788475734772165e-06	0.6551609269779253
1417.5000000020075	0.0	29888768263.03257	29888768263.03257	1.4306453231911555e-05	-584.0103816463406	2.5147009713814563e-06	-8.920327476038338	0.07230608846922104	47776.698546804546	0.0	703274782.3323685	703274782.3323685	7.336917705161776e-05	657291.7276531624	1.1763576955699117e-05	0.09818600401686162	0.0	966858898.173929	966858898.173929	0.0005330792330015552	-597746.7972580316	7.4914439735052544e-06	0.7069092059933257
1458.0000000025846	0.0	29888714911.494045	29888714911.494045	1.4602203844349862e-05	52.565485019138706	2.4860181041386085e-06	-8.968150958466454	0.07377864047396084	47289.94376074861	0.0	703272961.5485971	703272961.5485971	5.748735310950063e-05	664029.449555214	1.156385127880079e-05	0.07700099944506439	0.0	966853729.4109815	966853729.4109815	0.0005693408174507076	-596105.5401036193	7.404623083224944e-06	0.7549768718109883
1498.5000000031616	0.0	29888670243.79839	29888670243.79839	1.2954159563274875e-05	-655.309624378142	2.454594078031568e-06	-9.011781150159745	0.06543590022877556	46685.00733388236	0.0	703269174.2463	703269174.2463	4.547954322668841e-05	652358.1725169016	1.1357540086423463e-05	0.060934912545915605	0.0	966848583.8359199	966848583.8359199	0.0006086995491576168	-594559.052368397	7.3214185658827695e-06	0.8071861023268273
1539.0000000037387	0.0	29888616326.74897	29888616326.74897	1.3023509075305604e-05	-224.46853626452958	2.4354497946534012e-06	-9.065994408945686	0.06578971772867125	46303.2150808374	0.0	703266918.282687	703266918.282687	3.718984447346929e-05	654838.9786970402	1.1235635746269766e-05	0.049815688889177055	0.0	966843472.2709049	966843472.2709049	0.0006551771728176107	-592917.885570013	7.2408801593998175e-06	0.8688852478780905
1579.5000000043158	0.0	29888567160.51914	29888567160.51914	1.285922211294575e-05	349.6657806476926	2.4083456502732127e-06	-9.112120607028753	0.06495234382407471	45809.72546416004	0.0	703265878.8918796	703265878.8918796	3.0086794271952276e-05	658886.6892886235	1.1055333671738126e-05	0.04031051198128239	0.0	966838401.0508735	966838401.0508735	0.0007007418744414718	-591305.8539727763	7.163130824789529e-06	0.9294449221130293
1620.0000000048929	0.0	29888527055.245228	29888527055.245228	1.2557492390054879e-05	-670.7637966274261	2.3638263997835324e-06	-9.14866214057508	0.06343096232516332	45037.31612819479	0.0	703262046.909482	703262046.909482	2.6382829402189292e-05	646951.8801119506	1.0673847721541475e-05	0.035351154200402655	0.0	966833363.2509793	966833363.2509793	0.0007062320711161843	-590001.5821850229	7.089872055793276e-06	0.9368898159687952
1660.50000000547	0.0	29888474903.69078	29888474903.69078	1.1916602212037652e-05	-576.0331487643966	2.3274044062553542e-06	-9.1941892971246	0.06019750522593606	44368.996867609596	0.0	703260079.6609795	703260079.6609795	2.3230115882820063e-05	668992.9181693274	1.0373555820875227e-05	0.031113010467396122	0.0	966828350.4229834	966828350.4229834	0.0006580908566397121	-588594.0801871851	7.0186795572343966e-06	0.8732001759539423
1701.000000006047	0.0	29888431157.87699	29888431157.87699	1.1730280179553728e-05	838.8216726992936	2.3118361648122008e-06	-9.240615015974441	0.05925904829376188	44030.39715076743	0.0	703256943.3157301	703256943.3157301	1.8675892964375694e-05	659841.1602564112	1.0224167655735348e-05	0.025005419637530536	0.0	966823378.2188252	966823378.2188252	0.0006348622225281649	-586598.1675579427	6.952528115998524e-06	0.8425582293266168
1741.500000006624	0.0	29888379629.512386	29888379629.512386	1.1240643519632477e-05	27.175519099778395	2.2952570673640506e-06	-9.287440095846645	0.05679008567949741	43698.7875798648	0.0	703253044.576343	703253044.576343	1.5788149051274156e-05	647225.68572429	1.018095438766779e-05	0.02111761678449633	0.0	966818456.3000088	966818456.3000088	0.0006086076662115433	-584559.8883398179	6.8900202532251835e-06	0.8079004564932547
1782.0000000072012	0.0	29888322689.50298	29888322689.50298	1.0905812368637334e-05	-539.2069298327531	2.282301327285855e-06	-9.343949680511182	0.05509973127804234	43430.773986294036	0.0	703251370.6725426	703251370.6725426	1.3625971433419434e-05	642718.7426969878	1.015635577412415e-05	0.018232003209091022	0.0	966813579.5515703	966813579.5515703	0.0006043084818763162	-582556.4779347762	6.830123306593298e-06	0.8024043884527956
1822.5000000077782	0.0	29888275606.025715	29888275606.025715	1.1369001719343567e-05	93.98145813505066	2.232036341446267e-06	-9.38917731629393	0.05741807286831602	42507.386671699125	0.0	703248971.6948884	703248971.6948884	1.2228728703102846e-05	678610.216407846	9.958067021670391e-06	0.016376585029190066	0.0	966808746.6761533	966808746.6761533	0.0005072276317263609	-581610.8237415957	6.777721927613488e-06	0.673657216305376
1863.0000000083553	0.0	29888235452.002888	29888235452.002888	1.075752616100326e-05	110.61872821938948	2.2045291077487984e-06	-9.419428913738018	0.054337661843849645	41994.05229169271	0.0	703245607.5359194	703245607.5359194	1.1889633344542488e-05	623818.3048021039	9.659163497407738e-06	0.015920886172599118	0.0	966803947.1912019	966803947.1912019	0.00038034101852473553	-580478.2025748875	6.72153014655675e-06	0.5052440083451541
1903.5000000089324	0.0	29888180253.70929	29888180253.70929	1.0494092164721765e-05	91.41452736967753	2.1780577682684866e-06	-9.479333067092652	0.053014641140758476	41510.01668229543	0.0	703246065.6485689	703246065.6485689	1.1951137874358772e-05	658256.5191728849	9.49195443587431e-06	0.016003691790480352	0.0	966799176.8494442	966799176.8494442	0.00034327885618387085	-579568.331088275	6.6622373707585665e-06	0.4561133599076896
1944.0000000095094	0.0	29888150223.897003	29888150223.897003	1.0551551532533793e-05	111.7979597724553	2.17203274750076e-06	-9.507987220447284	0.053310903463256315	41404.03414548014	0.0	703242788.3614551	703242788.3614551	1.114138413627865e-05	671167.6933877851	9.406321509172581e-06	0.01491442436175716	0.0	966794427.2077143	966794427.2077143	0.0003232189595314584	-579161.5490404799	6.602030124239304e-06	0.4295357344277988
1984.5000000100865	0.0	29888101956.07794	29888101956.07794	1.0275724543829504e-05	113.29369186819065	2.154498299359707e-06	-9.546825079872205	0.051924717795523996	41074.3673899708	0.0	703241263.8355281	703241263.8355281	1.0876891589492627e-05	632994.4403096806	9.26178549839321e-06	0.014547083010134857	0.0	966789531.609806	966789531.609806	0.000298897601606252	-579877.0897376861	6.546117164239084e-06	0.3972358578713006
2025.0000000106636	0.0	29888054759.64598	29888054759.64598	1.0394208513547485e-05	108.54595778743249	2.139548968292455e-06	-9.600938498402556	0.05253022018210016	40788.20225759903	0.0	703241140.9348912	703241140.9348912	1.0916786933515862e-05	659822.581494582	9.203907985216902e-06	0.014603458667126873	0.0	966784576.1725421	966784576.1725421	0.00025623403772968937	-576906.7374991399	6.499078593854999e-06	0.3405481618752946
2065.5000000105774	0.0	29888027425.67394	29888027425.67394	1.0593344648299615e-05	119.54281771230268	2.1306905096632e-06	-9.622703674121405	0.053544747442128976	40631.56997104727	0.0	703238975.4324994	703238975.4324994	1.0680300974602337e-05	650012.6966910184	9.086360231854263e-06	0.014286415765956373	0.0	966779757.1598369	966779757.1598369	0.0002195589801829871	-575630.7911463166	6.4594317246001125e-06	0.2918123308052591
2106.0000000096197	0.0	29887979882.94727	29887979882.94727	1.0856695740627166e-05	126.37396344868588	2.1200685417468166e-06	-9.667731629392971	0.05488438112158603	40431.78080406305	0.0	703237999.1559285	703237999.1559285	1.0435739258803953e-05	639150.7238993823	9.080392461524065e-06	0.013954321474432228	0.0	966774995.8225403	966774995.8225403	0.00018941956744164475	-573230.8343438907	6.424796426885981e-06	0.25175047930837025
2146.500000008662	0.0	29887939882.022575	29887939882.022575	1.1126342869385381e-05	119.52760099208939	2.1142095316817175e-06	-9.70826677316294	0.05625894628473987	40324.79438298041	0.0	703237632.5058753	703237632.5058753	1.084642631096985e-05	644484.2354333545	9.036053651052686e-06	0.014495724464876385	0.0	966770216.1942463	966770216.1942463	0.0001735632394857457	-570810.1453465039	6.387305030503315e-06	0.23066321805040532
2187.0000000077043	0.0	29887910619.934807	29887910619.934807	1.1413914800122642e-05	124.65783162438818	2.1097811915221786e-06	-9.736321884984026	0.05772024944367173	40244.06203665369	0.0	703238357.5339906	703238357.5339906	1.108451799850174e-05	646493.0340020971	9.023145514222703e-06	0.01480756716996914	0.0	966765494.2288138	966765494.2288138	0.00016520930594341772	-570185.8966775545	6.344060252874443e-06	0.21953031648255433
2227.5000000067466	0.0	29887878030.57488	29887878030.57488	1.2040806517255816e-05	131.25600090195138	2.1026100682243834e-06	-9.768370607028753	0.06089308800736371	40107.34806798132	0.0	703237462.0624998	703237462.0624998	1.1110418558468237e-05	654275.1348057876	9.019087089501305e-06	0.014835694897496067	0.0	966760895.0855945	966760895.0855945	0.00016271018024775102	-568729.5173541897	6.29932754239033e-06	0.21614577019524234
2268.000000005789	0.0	29887841688.95018	29887841688.95018	1.2529336219753209e-05	136.57506971102214	2.097911577505165e-06	-9.797623801916933	0.06336207584294673	40019.131261551025	0.0	703237297.3059189	703237297.3059189	1.1499114845730415e-05	630873.8874143476	9.017846862762928e-06	0.01534885180691981	0.0	966756386.1993774	966756386.1993774	0.0001640918576372645	-570040.2780496601	6.256889603028942e-06	0.21789356907228827
2308.5000000048312	0.0	29887805865.94351	29887805865.94351	1.305910891634002e-05	137.0041058461722	2.0938976523480182e-06	-9.83416533546326	0.06603489765506516	39939.9640598706	0.0	703237631.385545	703237631.385545	1.1723192161596418e-05	634838.852482679	9.054311337054743e-06	0.015642777924431955	0.0	966751888.5707237	966751888.5707237	0.00016364031975073002	-562919.2451012378	6.227029387631235e-06	0.2172007726076227
2349.0000000038735	0.0	29887775587.517277	29887775587.517277	1.3666180262754176e-05	139.7021710913018	2.0944905496579747e-06	-9.866313897763579	0.06909502731431691	39949.36563203346	0.0	703238366.6479555	703238366.6479555	1.235565170108188e-05	629370.3786460876	9.06022098830342e-06	0.016482094886850977	0.0	966747435.0452058	966747435.0452058	0.00016692005512405257	-566820.3204094172	6.187240696871189e-06	0.22145912487194597
2389.500000002916	0.0	29887748920.049	29887748920.049	1.4207306308194657e-05	147.11206832419663	2.0883297305891856e-06	-9.894369009584665	0.07181655831353678	39831.350340874866	0.0	703238133.9635252	703238133.9635252	1.2037116584949726e-05	661390.4853178284	9.074660344718442e-06	0.016055033796643556	0.0	966743134.6547037	966743134.6547037	0.0001715611483048404	-565841.5641703731	6.143864013608036e-06	0.22751286397309897
2430.000000001958	0.0	29887715835.923653	29887715835.923653	1.5100588003545764e-05	153.06866200219952	2.0841591930870665e-06	-9.923921725239616	0.07631613497996347	39752.3026490242	0.0	703236657.8972787	703236657.8972787	1.199532936272135e-05	633202.2807634751	9.054401245991994e-06	0.016000403578031716	0.0	966738948.6495805	966738948.6495805	0.00017761412015091297	-565992.6484538241	6.093862856734738e-06	0.23542211696855175
2470.5000000010004	0.0	29887672894.901543	29887672894.901543	1.569331607042858e-05	152.79845363121768	2.0747107756687224e-06	-9.967152555910543	0.07929679056018778	39572.85838579867	0.0	703238342.7876134	703238342.7876134	1.2912358151638593e-05	606909.0966231863	9.10989816950984e-06	0.017226327433564653	0.0	966734867.1541928	966734867.1541928	0.0001866447112740881	-566210.4635200204	6.042507787612319e-06	0.24725876051065726
2511.0000000000427	0.0	29887646084.93138	29887646084.93138	1.6337864718938414e-05	149.7118042654377	2.0729482784365655e-06	-9.98951677316294	0.08254035186883484	39541.81949574063	0.0	703239139.5123591	703239139.5123591	1.4145229282475463e-05	643806.2546092954	9.172011805856761e-06	0.018873364458468586	0.0	966730880.5941851	966730880.5941851	0.00019102026655147	-565926.5827775316	5.9940739177650114e-06	0.25294086689953194
2551.499999999085	0.0	29887624775.367107	29887624775.367107	1.7097372037376467e-05	160.27063071439318	2.076659697629181e-06	-10.014476837060704	0.08637070758006979	39615.458626861684	0.0	703239209.8078245	703239209.8078245	1.5621533966239614e-05	619391.5313636798	9.183598441763858e-06	0.020844539355983974	0.0	966727032.5991138	966727032.5991138	0.00018544197786635492	-565016.06014129	5.951875239269889e-06	0.24549738145337902
2591.9999999981274	0.0	29887591417.902164	29887591417.902164	1.7498819276819754e-05	156.33555002047413	2.0714908885935664e-06	-10.049420926517572	0.08839625223024354	39516.130397539804	0.0	703240289.6454563	703240289.6454563	1.610274910885182e-05	619427.0473196524	9.255273033441927e-06	0.021487018129153067	0.0	966723321.1411532	966723321.1411532	0.00018612095443929107	-564442.8617071373	5.918768368860536e-06	0.24639427724873558
2632.4999999971697	0.0	29887567674.744152	29887567674.744152	1.8113466588019873e-05	156.15218810130003	2.076617581269741e-06	-10.071186102236421	0.09150705315129637	39610.44416594789	0.0	703240741.8177665	703240741.8177665	1.4920699675138027e-05	640287.1527235704	9.332659570627507e-06	0.019908403831934186	0.0	966719574.6743689	966719574.6743689	0.00018647608038884235	-564113.6101634826	5.893141275107555e-06	0.24690612238455048
2672.999999996212	0.0	29887544258.914993	29887544258.914993	1.8860388302679973e-05	161.93436608085284	2.0855671814585615e-06	-10.09085463258786	0.09528647232491022	39775.32159279192	0.0	703240776.7636774	703240776.7636774	1.53504245607514e-05	634286.9827350955	9.403318566350082e-06	0.020481573061908318	0.0	966715864.730305	966715864.730305	0.00018684191605290306	-562388.635191604	5.878098774092276e-06	0.2474223705754631
2713.4999999952543	0.0	29887513880.091152	29887513880.091152	1.9434097515159607e-05	164.72273325256893	2.0899952736359316e-06	-10.122603833865815	0.09818506322009264	39852.06398257057	0.0	703241148.6468512	703241148.6468512	1.468720803660811e-05	622468.0291664607	9.500318522357863e-06	0.019596357932534246	0.0	966712167.1864619	966712167.1864619	0.00018723827169739846	-561419.6422745668	5.865414626093235e-06	0.24792521460210318
2753.9999999942966	0.0	29887484056.108345	29887484056.108345	2.0010796393830006e-05	165.5396064315576	2.096857639130782e-06	-10.151257987220447	0.10108581182149383	39973.58666939049	0.0	703241671.6487328	703241671.6487328	1.4679072350678011e-05	629279.4410879146	9.625562536100245e-06	0.01958366200661905	0.0	966708492.9957453	966708492.9957453	0.00018796893760587036	-560390.721061962	5.846553686285562e-06	0.24880918032182636
2794.499999993339	0.0	29887457822.94357	29887457822.94357	2.07472195673499e-05	168.34445744277423	2.103745163668961e-06	-10.176317891373802	0.10479616918534658	40106.15536058663	0.0	703241921.8666873	703241921.8666873	1.4731299183059173e-05	637121.9620094412	9.722032718058027e-06	0.019651056501636607	0.0	966704837.4239295	966704837.4239295	0.0001871646036647495	-559808.109483619	5.816855979415584e-06	0.2477065360251097
2834.999999992381	0.0	29887430342.167038	29887430342.167038	2.150413588281102e-05	172.0976619348268	2.108720893484992e-06	-10.206269968051119	0.10862353152256955	40197.95766453983	0.0	703242095.1159651	703242095.1159651	1.4965346169727623e-05	634851.5264601964	9.797368969720587e-06	0.019964529159619434	0.0	966701227.1719266	966701227.1719266	0.00018810482009877733	-559855.756819366	5.787361134259741e-06	0.24900848402308717
2875.4999999914235	0.0	29887400922.010975	29887400922.010975	2.2160486204836034e-05	174.7107518063788	2.111039407419115e-06	-10.232727635782748	0.11195594180642215	40242.904693256234	0.0	703242419.9248304	703242419.9248304	1.548728686018772e-05	632596.677164601	9.859083629226943e-06	0.020659725453977526	0.0	966697677.280631	966697677.280631	0.00018744589324162756	-559894.2961610595	5.767918310758831e-06	0.24824799434581538
2915.9999999904658	0.0	29887372459.458675	29887372459.458675	2.291193403316657e-05	176.38860232426353	2.113513839147465e-06	-10.2633785942492	0.11576527663410341	40288.195428468774	0.0	703242830.7182622	703242830.7182622	1.5877720714683013e-05	633963.6402968809	9.914029934468055e-06	0.021180407416769496	0.0	966694171.8171374	966694171.8171374	0.0001862007339249547	-559500.2440285189	5.752761493577597e-06	0.24664612447064285
2956.499999989508	0.0	29887345250.7045	29887345250.7045	2.3707369420257092e-05	178.2032132198698	2.115153857376848e-06	-10.289836261980831	0.1197908103797931	40322.21974377763	0.0	703243273.826256	703243273.826256	1.602334932882567e-05	638086.2344902153	9.95735283502206e-06	0.021374689186311045	0.0	966690698.0608586	966690698.0608586	0.00018581868707861197	-559076.1991094439	5.732516768359107e-06	0.24613793709145845
2996.9999999885504	0.0	29887318711.5175	29887318711.5175	2.4504142585407516e-05	179.46326608499035	2.116313505089499e-06	-10.316094249201278	0.12382379806144694	40344.61812009248	0.0	703243620.5899131	703243620.5899131	1.60900958085213e-05	639935.2929554824	9.99353362656596e-06	0.021462675899036488	0.0	966687254.0341799	966687254.0341799	0.00018544736996449766	-559057.687926425	5.7090055940867875e-06	0.24564719312052383
3037.4999999875927	0.0	29887291293.560047	29887291293.560047	2.526869484347191e-05	179.94280279993546	2.117867621712663e-06	-10.341653354632587	0.12769361954824548	40369.803828603006	0.0	703243834.7894918	703243834.7894918	1.6623200897325864e-05	636341.4484670431	1.0038292312335645e-05	0.022172744990296554	0.0	966683841.4412494	966683841.4412494	0.000183999009136082	-559287.3445625473	5.687778097494684e-06	0.2437197488634489
3077.999999986635	0.0	29887262282.560585	29887262282.560585	2.6054464639527996e-05	179.45692686557055	2.1186534168274683e-06	-10.368710063897764	0.13167200119682956	40383.125017843864	0.0	703243968.0944366	703243968.0944366	1.7372271906839877e-05	636044.8124871177	1.0089807319389106e-05	0.023170860680987188	0.0	966680458.3415781	966680458.3415781	0.00018245535955684728	-559468.4941152083	5.661719028148388e-06	0.24163819370525116
3118.4999999856773	0.0	29887233760.315662	29887233760.315662	2.6931696624567585e-05	178.3171831452609	2.1172113009482383e-06	-10.399860223642172	0.13612851373643103	40359.45885514912	0.0	703244202.9471233	703244202.9471233	1.825294935679631e-05	637693.9363718688	1.0129839425632202e-05	0.024344754136870265	0.0	966677112.393513	966677112.393513	0.00018020635613971527	-560021.7727517558	5.621232949576576e-06	0.23870614127280967
3158.9999999847196	0.0	29887206093.64509	29887206093.64509	2.7915013919991478e-05	178.00391311923536	2.1134628546948032e-06	-10.429213258785943	0.14116227292796218	40293.884982131174	0.0	703244285.7618903	703244285.7618903	1.9486006220487683e-05	640574.5670147584	1.0150774914176595e-05	0.025990370005153994	0.0	966673833.7800009	966673833.7800009	0.00017725271904884838	-561704.2026686331	5.5736568857289784e-06	0.2349846444769248
3199.499999983762	0.0	29887178042.473125	29887178042.473125	2.8736192139872217e-05	180.48834366432237	2.110241847045172e-06	-10.457867412140574	0.14541202977886653	40234.328715450014	0.0	703244274.5878003	703244274.5878003	2.1454254964119294e-05	643027.6612903544	1.0157302207188571e-05	0.02861933817845845	0.0	966670657.2172513	966670657.2172513	0.00017385636630924342	-563884.6232667352	5.540915137144755e-06	0.23076571525054787
3239.999999982804	0.0	29887149631.057606	29887149631.057606	2.9367746855676857e-05	181.98234095472156	2.109040086967256e-06	-10.486321884984026	0.1487271477974987	40211.44953427301	0.0	703244083.1527642	703244083.1527642	2.4078398284470263e-05	644685.2781217096	1.0153894574764736e-05	0.0321243503491981	0.0	966667582.5650797	966667582.5650797	0.0001689064150781056	-565113.4206137401	5.533839316274643e-06	0.2245086815627831
3280.4999999818465	0.0	29887120955.330006	29887120955.330006	2.9829949144767852e-05	181.48880891813525	2.109433029898579e-06	-10.514976038338657	0.15119931801375788	40218.59582924603	0.0	703243762.7632577	703243762.7632577	2.5615695666448304e-05	644915.2308486581	1.0142729886122847e-05	0.03417970317811996	0.0	966664559.9247096	966664559.9247096	0.00016311543952545122	-564792.7086169648	5.5456691881978565e-06	0.21717017780228623
3320.999999980889	0.0	29887092131.73983	29887092131.73983	3.0333477368549803e-05	178.04100380903688	2.1098505300101354e-06	-10.5446285942492	0.1538502192751559	40227.814540488005	0.0	703243413.3020227	703243413.3020227	2.542784032215577e-05	643680.6752886795	1.0140826008332028e-05	0.03393305081571761	0.0	966661513.0628582	966661513.0628582	0.00015647039548485038	-563458.4957849223	5.5497325468004e-06	0.2085676379129093
3361.499999979931	0.0	29887063285.683945	29887063285.683945	3.0937052667878785e-05	173.536477465498	2.110908709307163e-06	-10.573382587859426	0.15693569552089134	40244.99622482982	0.0	703243095.8044772	703243095.8044772	2.4197864920545726e-05	643207.6515408542	1.0178021384344804e-05	0.03229510610601299	0.0	966658423.2171484	966658423.2171484	0.0001490845098535456	-563007.821087535	5.53056315319794e-06	0.1987164433036134
3401.9999999789734	0.0	29887034596.470074	29887034596.470074	3.176247452959339e-05	171.84241534757345	2.112997635835169e-06	-10.601936900958467	0.16113158996747723	40281.2070091027	0.0	703242810.1686736	703242810.1686736	2.452363722989573e-05	645129.9464024861	1.0233276073955863e-05	0.032730223905901426	0.0	966655378.324666	966655378.324666	0.00014311168902948873	-564755.9710257433	5.506473933461134e-06	0.19073899806609398
3442.4999999780157	0.0	29887006236.214138	29887006236.214138	3.318778093892789e-05	174.401178103546	2.1198079785957364e-06	-10.629992012779553	0.16839606658367437	40395.47625232581	0.0	703242495.0631189	703242495.0631189	2.6645556817081077e-05	648034.4889028212	1.0305155027324432e-05	0.03556338603131098	0.0	966652531.0882347	966652531.0882347	0.00014545075628675911	-567732.0079351361	5.508230160678363e-06	0.19393642286866705
3482.999999977058	0.0	29886978239.155407	29886978239.155407	3.565990610955827e-05	177.089239180226	2.128102421565837e-06	-10.659345047923322	0.18096725175270875	40553.571114516686	0.0	703242077.0229753	703242077.0229753	3.059224544751241e-05	650785.6207207097	1.032963905958925e-05	0.04083243530880003	0.0	966650007.9609426	966650007.9609426	0.0001683418250468521	-570741.5770232514	5.556200322029211e-06	0.22448904879447104
3523.4999999761003	0.0	29886950461.5449	29886950461.5449	3.9688169586750015e-05	178.06933562934785	2.136412482532042e-06	-10.688598242811501	0.2014095863646844	40715.529129316696	0.0	703241573.7304375	703241573.7304375	3.323910775912002e-05	653878.7430140397	1.027812392248683e-05	0.04437551284271167	0.0	966647814.455891	966647814.455891	0.00021900322744177592	-573481.655413932	5.660270612429118e-06	0.29197194024448847
3563.9999999751426	0.0	29886922977.196564	29886922977.196564	4.576449616574203e-05	184.78191830723728	2.144658858444417e-06	-10.718250798722044	0.23222893938734038	40862.57676014219	0.0	703240997.9712188	703240997.9712188	3.4564097437150826e-05	657881.4720923076	1.0169673645848797e-05	0.04614525362292359	0.0	966645817.5354569	966645817.5354569	0.00030740621860140014	-576186.7939814844	5.8041873411508955e-06	0.4097033264286001
3604.499999974185	0.0	29886895659.15356	29886895659.15356	5.3576220693701124e-05	198.32406143987046	2.153673080657543e-06	-10.745706869009584	0.2717509765578203	41033.970481615484	0.0	703240454.4881055	703240454.4881055	3.394319797849734e-05	661473.3748746095	1.0055642448142256e-05	0.045309216513934374	0.0	966643874.683067	966643874.683067	0.00045234524367626986	-578587.686314118	5.954854456999258e-06	0.602508311100586
3644.999999973227	0.0	29886868463.555202	29886868463.555202	6.673982941155433e-05	206.22747926220717	2.1653078950728954e-06	-10.77665734824281	0.3384109027517428	41233.0604834211	0.0	703240156.7927053	703240156.7927053	3.2550141509488316e-05	661681.4766399846	9.986486351004628e-06	0.04345030652287967	0.0	966642098.3437787	966642098.3437787	0.0006498409435267157	-578489.4886995489	6.089148648034159e-06	0.864884004910154
3685.4999999722695	0.0	29886842256.530563	29886842256.530563	0.00010896283759135896	243.1478096209869	2.1889785806059106e-06	-10.806309904153355	0.552710819030482	41654.51362915788	0.0	703240303.1975636	703240303.1975636	2.9737804647339024e-05	655696.4333149162	9.991023695332463e-06	0.039689032228079596	0.0	966641104.3855454	966641104.3855454	0.0008771515673281506	-572217.0860309927	6.260407843467922e-06	1.1676077880852869
3725.999999971312	0.0	29886818191.87563	29886818191.87563	0.00017473905377180348	284.0750895157198	2.21241803738646e-06	-10.83626198083067	0.8865934210876991	42080.967639578186	0.0	703241654.01938	703241654.01938	1.805983695604773e-05	648594.1736582624	1.0126057346613634e-05	0.024100989708837544	0.0	966640965.0981246	966640965.0981246	0.001272408169910528	-564529.2936492218	6.3228414557914904e-06	1.6973752277219893
3766.499999970354	0.0	29886794624.261093	29886794624.261093	0.0001751599113827949	286.12306530437036	2.202361597722744e-06	-10.86541533546326	0.8884344830060651	41923.19320738867	0.0	703242168.1421773	703242168.1421773	9.57632774751897e-05	753413.1957961334	1.002066748967065e-05	0.12785676644312943	0.0	966642200.2162194	966642200.2162194	0.0013984618932031537	-669636.6648966487	6.295665830234621e-06	1.8658687419382425
3806.9999999693964	0.0	29886768732.573837	29886768732.573837	0.0001976629899513831	195.8523278652194	2.249199928488655e-06	-10.89666533546326	1.0034840005251406	42705.91412654557	0.0	703239834.9864455	703239834.9864455	0.0004921833515658805	719209.6015517304	1.0111038278803645e-05	0.6565483990059419	0.0	966644157.9962846	966644157.9962846	0.0013535707389054498	-634816.2647617329	6.602102862323126e-06	1.8062322491036513
3847.4999999684387	0.0	29886740536.200867	29886740536.200867	0.000238931934426452	203.3490568264212	2.3316884088315123e-06	-10.931210063897764	1.2131140554352648	44155.13569986423	0.0	703239877.9672086	703239877.9672086	0.000293085753683076	654240.9136482044	1.0555454398630158e-05	0.3908091053699681	0.0	966641361.4004351	966641361.4004351	0.0012187578061890788	-568865.5667829909	6.9396883526912915e-06	1.6289544927893393
3887.999999967481	0.0	29886711335.24865	29886711335.24865	0.00019252243246043	-10.838363687256493	2.3311128836046276e-06	-10.962759584664537	0.9777596182088168	44188.843146964806	0.0	703242737.2766834	703242737.2766834	6.53319984436072e-05	693410.4286072346	1.1385624290242794e-05	0.0871355009426042	0.0	966634646.5338137	966634646.5338137	0.0006767261008112063	-607857.3331331188	6.337039300111798e-06	0.9055794221916262
3928.4999999665233	0.0	29886682312.192368	29886682312.192368	0.0001874391958256715	196.6967801867132	2.3199157850334493e-06	-10.99720447284345	0.9511952269295606	43913.91677142728	0.0	703240383.9099468	703240383.9099468	0.0004179189945114206	779351.0235073043	1.128269919079326e-05	0.5571063523855115	0.0	966633131.3885262	966633131.3885262	0.000714948353260766	-693582.4229081043	6.319727877188449e-06	0.9554233809512939
3968.9999999655656	0.0	29886655270.01949	29886655270.01949	0.00017556670825616578	148.5240751123372	2.288153473626329e-06	-11.037440095846645	0.892467240567945	43366.05269702345	0.0	703236791.7271312	703236791.7271312	0.00122751129185464	747892.6365756178	1.110417798260977e-05	1.6395302009573578	0.0	966635025.7872552	966635025.7872552	0.0005541533989024235	-662326.355763569	6.207025225043158e-06	0.7411328372037974
4009.499999964608	0.0	29886623035.082825	29886623035.082825	0.00015537570487057762	83.56787715835597	2.2998602699690167e-06	-11.074680511182109	0.7892747106209154	43492.65791202149	0.0	703231773.2848256	703231773.2848256	0.0010790308403008794	751497.9931376455	1.1148880479263958e-05	1.4404066478914246	0.0	966634164.6935362	966634164.6935362	0.00034587044836775776	-667304.9388534555	6.264518697186982e-06	0.4620363026343827
4049.99999996365	0.0	29886587870.447353	29886587870.447353	0.00014900586669520368	228.18121594259839	2.3168851587650507e-06	-11.10792731629393	0.7573377569881712	43903.77772605963	0.0	703227617.1379646	703227617.1379646	0.00047108956512867026	638401.5105952261	1.1402422240486787e-05	0.6293843166557583	0.0	966631011.6300597	966631011.6300597	0.00044770504670628056	-555676.6661404789	6.2106800550553585e-06	0.5980035268931393
4090.4999999626925	0.0	29886552440.452415	29886552440.452415	0.00015957429742912072	89.54414974139019	2.293862260910519e-06	-11.140974440894569	0.8105657014141568	43485.299080863	0.0	703227437.8760594	703227437.8760594	0.0001330742627034863	636978.6961395822	1.1949502390730505e-05	0.1779125936513694	0.0	966625141.8766098	966625141.8766098	0.0003483588819096208	-555090.4402933375	5.632506369743025e-06	0.46547977421896136
4130.999999964388	0.0	29886519234.84223	29886519234.84223	0.00015650944428784476	106.67263425132461	2.2562805183301965e-06	-11.18460463258786	0.7949574621333994	42800.839966557505	0.0	703226727.7342658	703226727.7342658	2.501074607182701e-05	717038.8563364401	1.210351048241245e-05	0.033467739753118814	0.0	966622185.2680947	966622185.2680947	0.000330502351932952	-634773.75847198	5.207752146102536e-06	0.44128342545874844
4171.4999999665	0.0	29886486946.146507	29886486946.146507	0.00016690498492325157	213.07202174961392	2.23188623657032e-06	-11.223142971246006	0.847928012222743	42310.85089043464	0.0	703223977.5881755	703223977.5881755	0.00010941425362923435	753821.5516463864	1.1796857277931594e-05	0.14641241674228	0.0	966621550.3792123	966621550.3792123	0.000322642665984661	-669722.9715158918	5.234142111138262e-06	0.43025443820617
4211.9999999686115	0.0	29886453362.425495	29886453362.425495	0.0001450376455988474	113.78952164908993	2.209122390033987e-06	-11.257887380191693	0.7377835792541072	41922.28928575524	0.0	703221588.227834	703221588.227834	0.00013884801237677502	710304.106685829	1.1387481063047361e-05	0.1856373283596187	0.0	966619803.1875947	966619803.1875947	0.00029858282090737217	-621905.3418773983	5.350278502053503e-06	0.39887313718975914
4252.499999970723	0.0	29886419825.444664	29886419825.444664	0.0001514949218533184	204.73968533506337	2.168814271207175e-06	-11.29642571884984	0.7716556612751344	41202.62041612042	0.0	703221045.8659946	703221045.8659946	8.814015206076894e-05	697046.5813754941	1.090937621025049e-05	0.11783757380858734	0.0	966617205.9589554	966617205.9589554	0.0002815691692975456	-602014.7595121043	5.3606297064049e-06	0.3777931495391754
4292.999999972835	0.0	29886393007.983864	29886393007.983864	0.00015562977942725685	124.0888628246407	2.161434910152058e-06	-11.322184504792332	0.7932493904501339	41028.68329888494	0.0	703219670.712148	703219670.712148	3.478119647243543e-05	687230.5906671346	1.0873734246044867e-05	0.04651765237463863	0.0	966613587.8731599	966613587.8731599	0.0002826425493999071	-609048.9332626775	5.336765347420996e-06	0.3795914694339492
4333.499999974947	0.0	29886351965.524033	29886351965.524033	0.00016873395730360885	151.20561325998432	2.138230321906483e-06	-11.360423322683706	0.8602593245313198	40589.19648834242	0.0	703218076.9255058	703218076.9255058	2.733496655088222e-05	720239.0781347977	1.0786326504961373e-05	0.03656716061237203	0.0	966609687.5823857	966609687.5823857	0.00028951924337081267	-637737.50971383	5.200073629236347e-06	0.38902397862133287
4373.999999977059	0.0	29886316010.468006	29886316010.468006	0.00019612539170528063	115.34399064446532	2.083322433363066e-06	-11.400059904153355	0.9998972392087601	39541.37911862452	0.0	703219648.1810383	703219648.1810383	4.676938188646659e-05	808275.7586663383	1.0437512720867953e-05	0.06257741533690674	0.0	966607391.5862129	966607391.5862129	0.00031260358601250534	-674891.7784596061	4.9934792638968634e-06	0.41986831263455965
4414.499999979171	0.0	29886305172.48213	29886305172.48213	0.00021603739208630104	80.67310322014256	2.0406332393929254e-06	-11.401457667731629	1.1012942318053545	38765.973849435046	0.0	703222829.3929065	703222829.3929065	8.053884224767847e-05	807861.2930579699	1.0018467080274417e-05	0.10776199309521282	0.0	966605902.3705684	966605902.3705684	0.0003346751777752976	-717980.8231866813	4.9207563571882805e-06	0.4495842601066732
4454.999999981283	0.0	29886293656.181	29886293656.181	0.0001984270716721872	116.08803066067205	1.9789894679947386e-06	-11.414936102236421	1.0109546722760265	37631.84364223456	0.0	703215931.2944816	703215931.2944816	9.49347129602736e-05	879195.9563837176	9.489998147096863e-06	0.12716883009690833	0.0	966604821.3450705	966604821.3450705	0.00033660127668124233	-777099.5670903381	4.846774401586803e-06	0.45132564531277736
4495.499999983394	0.0	29886241020.02174	29886241020.02174	0.00014570426421053377	129.6662468964152	1.947436012971584e-06	-11.458765974440894	0.7406392558639479	37082.6059529876	0.0	703213000.3814075	703213000.3814075	0.0001269486793797876	798890.7890595404	9.176323280791224e-06	0.16999684011545002	0.0	966604274.5178223	966604274.5178223	0.0003691223402852181	-717572.2923800582	4.864844804958872e-06	0.49284762063936066
4535.999999985506	0.0	29886210353.48206	29886210353.48206	9.852297557774236e-05	55.58553249489979	1.9267799062013856e-06	-11.481529552715655	0.5019429302801016	36657.52485327506	0.0	703206930.9769125	703206930.9769125	0.00019982785258972603	820698.3046943378	9.25289658096265e-06	0.26769628893970265	0.0	966603462.4932098	966603462.4932098	0.00037575825606418875	-715748.0437526808	4.683077966858729e-06	0.5032822017601906
4576.499999987618	0.0	29886165652.172737	29886165652.172737	0.0001039260040391197	36.011107014387534	1.8920322861778728e-06	-11.528254792332268	0.5294725462816592	36061.723272537114	0.0	703202885.9416732	703202885.9416732	0.00019199556439288316	761704.609653779	8.862324020703808e-06	0.2573544937239311	0.0	966602539.6073599	966602539.6073599	0.00034114556608839236	-689892.1150473917	4.557484666501546e-06	0.4571215287890139
4616.99999998973	0.0	29886128552.88199	29886128552.88199	0.00014937371775883144	67.67943053359309	1.8520494182532499e-06	-11.568789936102236	0.760324118843851	35308.10769518562	0.0	703198410.1285496	703198410.1285496	8.682586682845516e-05	768049.3549368342	8.815969174614733e-06	0.11639265238699441	0.0	966601208.392991	966601208.392991	0.00028871847034516926	-692079.5420790565	4.408607393407014e-06	0.3865373437544918
4657.499999991842	0.0	29886101187.674217	29886101187.674217	0.00015639142552486692	106.54869138989746	1.8255110645495722e-06	-11.590255591054314	0.795390798364864	34824.443337782024	0.0	703196722.526639	703196722.526639	5.109717389907367e-05	849523.7733548945	8.487904973511603e-06	0.06850334039971985	0.0	966599800.6072677	966599800.6072677	0.00024265196838564845	-717281.8062141116	4.320350076440604e-06	0.32475380999183573
4697.999999993954	0.0	29886079541.51991	29886079541.51991	0.0001814189685714209	125.39887137097492	1.8072856443168516e-06	-11.60513178913738	0.9222345606017712	34479.23473206864	0.0	703190358.1116228	703190358.1116228	7.675559896595333e-05	825455.2521906851	8.224267080852617e-06	0.1028124514629191	0.0	966598693.783672	966598693.783672	0.0001845490399090314	-735095.6435237027	4.353928740252495e-06	0.24665121956234567
4738.4999999960655	0.0	29886027412.10005	29886027412.10005	0.00023547893895695397	64.84767112515898	1.8097716141367424e-06	-11.654952076677317	1.1972901785500574	34519.74477894506	0.0	703185805.8107259	703185805.8107259	7.981376490359045e-05	766706.9828557549	8.111734352967342e-06	0.10693319738730787	0.0	966597491.9356533	966597491.9356533	0.0001323412047289809	-706709.0766103163	4.4357628126789004e-06	0.1766062945817536
4778.999999998177	0.0	29885984539.65828	29885984539.65828	0.0002759070470631903	59.755702693419146	1.797076453686167e-06	-11.691793130990416	1.4026969292014233	34289.22720662428	0.0	703181023.4830815	703181023.4830815	6.097007279303459e-05	774073.2636006168	8.045107967747812e-06	0.08174099741722049	0.0	966595700.9808348	966595700.9808348	0.00010857936056474275	-706968.024425535	4.415523384990052e-06	0.14496598399155797
4819.500000000289	0.0	29885946620.53076	29885946620.53076	0.0002759941617036309	4.929265543098554	1.773840421237554e-06	-11.73382587859425	1.4032472556755398	33852.213291092165	0.0	703178887.7575729	703178887.7575729	6.843400595327055e-05	835717.6723733619	7.856466709720374e-06	0.09177231856801857	0.0	966593840.5608935	966593840.5608935	9.152926705188717e-05	-741344.6247989596	4.314803926362215e-06	0.1223254644908784
4860.000000002401	0.0	29885928216.052303	29885928216.052303	0.0002428048340504941	104.19077376787548	1.750899840228683e-06	-11.757687699680512	1.2346264560681288	33424.71655188125	0.0	703173903.5213678	703173903.5213678	7.315473879338599e-05	903173.1264631539	7.572492717898332e-06	0.09812300565481757	0.0	966592473.4404603	966592473.4404603	8.391101872724591e-05	-822643.6904134541	4.313149651595163e-06	0.11214528010895253
4900.500000004513	0.0	29885886837.619865	29885886837.619865	0.0002423602245836665	76.29592404460382	1.7523849312495452e-06	-11.796625399361023	1.2328939840472666	33422.950273489274	0.0	703169642.8298659	703169642.8298659	6.677206780578646e-05	895438.8937369462	7.574612775294275e-06	0.08946766455237753	0.0	966591138.9988996	966591138.9988996	8.415360121156293e-05	-773103.7815521279	4.4210286810588526e-06	0.11240564121233272
4941.000000006625	0.0	29885859473.18176	29885859473.18176	0.0001555503089432674	-55.760016859245845	1.7794961409737955e-06	-11.823083067092652	0.7919068833862034	33895.644760774696	0.0	703165098.9903889	703165098.9903889	0.00010583299866179848	831478.2784083155	7.681901083406939e-06	0.1418596011784883	0.0	966589705.1597835	966589705.1597835	8.303464177543652e-05	-737790.7000033647	4.464509069017855e-06	0.11092076455338841
4981.500000008737	0.0	29885823957.67	29885823957.67	0.00011134740578724422	0.8015825995274284	1.7646287468959075e-06	-11.853734025559106	0.5672143006753233	33645.93874725928	0.0	703162630.8197116	703162630.8197116	0.00014040206076661855	785184.7691826135	7.696593484797909e-06	0.18781081805416647	0.0	966588195.1809502	966588195.1809502	7.959653275929535e-05	-727839.9322093574	4.4887000432582554e-06	0.10667641232990019
5022.000000010848	0.0	29885802841.76235	29885802841.76235	8.135009055896232e-05	-11.958494603308898	1.770148203895652e-06	-11.871805111821086	0.4148344265933364	33730.99742959178	0.0	703159184.049096	703159184.049096	0.0001984454244524611	797968.7176567498	7.794940207886464e-06	0.26594225998026816	0.0	966586556.78082	966586556.78082	6.914316362876608e-05	-716189.8667486045	4.5202921621039935e-06	0.09273726444987272
5062.50000001296	0.0	29885786005.159664	29885786005.159664	5.388034149597721e-05	-13.582654647633268	1.789220672224061e-06	-11.878294728434504	0.2746135920557309	34074.986168713775	0.0	703156540.8187947	703156540.8187947	0.0002628056041147257	790754.1334715803	7.851830065145658e-06	0.3525059092496513	0.0	966584928.3880621	966584928.3880621	5.4060342197530675e-05	-701867.9261014026	4.576093004868623e-06	0.07242552850693447
5103.000000015072	0.0	29885769229.04957	29885769229.04957	3.9238581190634884e-05	4.468300966864625	1.799016089546841e-06	-11.894369009584665	0.19983511704493967	34242.41992832036	0.0	703154642.5707616	703154642.5707616	0.0002843332460869324	777709.6901387674	7.885829070262904e-06	0.38111258776776535	0.0	966583186.1295699	966583186.1295699	4.081865188746008e-05	-679476.8066376029	4.6582038915591895e-06	0.054623762065260845
5143.500000017184	0.0	29885754212.8874	29885754212.8874	3.1271434444838326e-05	24.311073236705294	1.80957101478696e-06	-11.905850638977636	0.15927145548459665	34444.57311532443	0.0	703151695.7504065	703151695.7504065	0.00020704197632500938	751107.8387351375	7.93166846589039e-06	0.27731801100675324	0.0	966581181.4081893	966581181.4081893	3.7058181467316546e-05	-649904.7415637479	4.761012926162109e-06	0.04960516917637378
5184.000000019296	0.0	29885729347.551735	29885729347.551735	2.6192815084478372e-05	30.46997718288356	1.8214076840263975e-06	-11.925718849840255	0.13321192384140934	34656.23914309939	0.0	703148776.4063066	703148776.4063066	0.00010084658562578372	737873.2537199176	7.920067397806988e-06	0.13499738299404648	0.0	966578787.3464836	966578787.3464836	4.108891175065562e-05	-622865.4545109267	4.8798960329624925e-06	0.05489888599069933
5224.500000021408	0.0	29885706085.41366	29885706085.41366	2.520846871027291e-05	8.422781693415159	1.8266672333866871e-06	-11.942991214057509	0.12808320991650396	34755.750015293655	0.0	703146664.3520117	703146664.3520117	4.1124374029822435e-05	725068.8921468146	7.83401831952225e-06	0.055101578914055205	0.0	966576274.0104432	966576274.0104432	5.217145153572019e-05	-616156.5536207659	4.939671810856274e-06	0.06961343912565532
5265.0000000235195	0.0	29885683810.95211	29885683810.95211	2.914745733548948e-05	22.94534912021988	1.8185641164572806e-06	-11.965355431309904	0.1480434666025248	34617.27391548826	0.0	703146891.0108256	703146891.0108256	2.042233108386081e-05	723405.5021051812	7.671267920013433e-06	0.027379757442274732	0.0	966574375.9562327	966574375.9562327	7.365526413190493e-05	-635477.6498283877	5.003653148310135e-06	0.09826654702219997
5305.500000025631	0.0	29885672225.082127	29885672225.082127	4.078102535103102e-05	127.09521246594946	1.789673264523684e-06	-11.97344249201278	0.20716234508375592	34079.0340784537	0.0	703147978.6964557	703147978.6964557	2.706565838012788e-05	793939.7153810554	7.467130019137992e-06	0.03629510766018398	0.0	966573625.6067383	966573625.6067383	0.00011239894677168269	-690991.5643638186	4.93947375106401e-06	0.14990722917541452
5346.000000027743	0.0	29885670272.75067	29885670272.75067	6.754644600117747e-05	210.72778026329726	1.77817074754163e-06	-11.974940095846645	0.34326757730631946	33840.129714803035	0.0	703145433.2325201	703145433.2325201	0.00011967970795721006	840990.1892381274	7.206071991100276e-06	0.16052330090093564	0.0	966574495.7391405	966574495.7391405	0.00012326533144675603	-723116.8363100436	4.985096294267988e-06	0.16442628726509587
5386.500000029855	0.0	29885648379.76656	29885648379.76656	6.988304114413131e-05	43.23423273187323	1.7929944231916234e-06	-11.999201277955272	0.3554114828850994	34080.0928941354	0.0	703144113.3802743	703144113.3802743	0.00033690742336053446	758195.8532025291	7.636914612236844e-06	0.4501278421792553	0.0	966575144.1336954	966575144.1336954	0.00010537726628487665	-641552.575578772	4.829390798536798e-06	0.14090785827673463
5427.000000031967	0.0	29885631307.441315	29885631307.441315	9.834508912339991e-05	151.06016364086602	1.7896966028704195e-06	-12.018570287539935	0.5001845639863731	34082.165230421895	0.0	703141783.8510393	703141783.8510393	0.0001093605686651515	724156.0302053369	7.500112029999547e-06	0.14640074002353826	0.0	966574842.1950941	966574842.1950941	8.213583063704593e-05	-594550.5855882016	4.861698150637767e-06	0.10965751014937489
5467.500000034079	0.0	29885609769.075966	29885609769.075966	0.0001067076359149658	136.5679086723436	1.808894484997153e-06	-12.045626996805112	0.5429285472894348	34399.43746675185	0.0	703142976.3654733	703142976.3654733	4.8430439951229665e-05	642220.1330563133	7.5107633337686816e-06	0.06486557847839118	0.0	966571490.4048204	966571490.4048204	9.623385811910248e-05	-543705.6762296022	4.9795392920587665e-06	0.1287204408225269
5508.000000036191	0.0	29885586894.720467	29885586894.720467	7.768707171048282e-05	-130.765691232365	1.7929610236657448e-06	-12.06998801916933	0.3953914625860286	34109.21121078712	0.0	703146280.0728974	703146280.0728974	2.2916561382273935e-05	749998.4575274519	8.163504834657408e-06	0.03071154501594171	0.0	966567066.1910201	966567066.1910201	0.0001145227176077328	-638989.2477328789	4.4688882207562e-06	0.15342616060593578
5548.5000000383025	0.0	29885576842.901215	29885576842.901215	8.870172050301945e-05	174.73211185614045	1.7493823394925553e-06	-12.079872204472844	0.4514656168699302	33267.702064505946	0.0	703145276.19951	703145276.19951	5.942077777782334e-05	865495.7807054984	7.724047345657305e-06	0.07955109784556098	0.0	966567106.8779262	966567106.8779262	5.738221514586322e-05	-739826.8465968065	4.398614499393531e-06	0.07686734009895704
5589.000000040414	0.0	29885563451.87218	29885563451.87218	9.458318834775743e-05	54.99801952356304	1.7660968610780275e-06	-12.096345846645367	0.4816017841249596	33596.332178059594	0.0	703142704.5401459	703142704.5401459	6.816485393546084e-05	791201.9142581306	7.785720538525754e-06	0.09117713291127169	0.0	966567148.5671387	966567148.5671387	3.437293152881323e-05	-668538.8920945562	4.4715571190088e-06	0.046052303744349106
5629.500000042526	0.0	29885546770.943413	29885546770.943413	6.617927297727925e-05	5.031880267083226	1.771623730395123e-06	-12.10992412140575	0.3371101214925784	33682.26190690865	0.0	703140360.306924	703140360.306924	9.71201386871379e-05	760185.6246405225	8.043775523665388e-06	0.12994707140399392	0.0	966566410.6454067	966566410.6454067	2.713969219909624e-05	-635821.4320597721	4.369163465977793e-06	0.03635247504354263
5670.000000044638	0.0	29885531002.756516	29885531002.756516	5.160785019460804e-05	71.69397767591818	1.7724524589376078e-06	-12.130191693290735	0.2629348639777797	33726.02221897656	0.0	703138712.2934777	703138712.2934777	0.0001096203675341917	738282.9609666364	8.093908534435256e-06	0.14686125884959672	0.0	966565551.2346127	966565551.2346127	1.816753284669404e-05	-612377.2889220135	4.375639069727112e-06	0.024317439807997915
5710.50000004675	0.0	29885514188.23697	29885514188.23697	3.663770538134697e-05	25.636230703579947	1.7735407260827356e-06	-12.14486821086262	0.18672190144806025	33738.9748862523	0.0	703137330.3040363	703137330.3040363	0.0001318167614214087	730316.130999771	8.125756177048772e-06	0.17671138217776847	0.0	966564521.5010388	966564521.5010388	1.1946379729552248e-05	-590913.5768363513	4.38239912719624e-06	0.015991799178269896
5751.000000048862	0.0	29885504329.024242	29885504329.024242	2.8387483726118573e-05	50.83298408038437	1.7683929297496008e-06	-12.152855431309904	0.14468392647229286	33630.067299670285	0.0	703135484.5435276	703135484.5435276	0.00011598502340873432	754348.1501561917	8.060259159103581e-06	0.15541595075580045	0.0	966563336.1541054	966563336.1541054	8.995668512873291e-06	-572082.8402076212	4.398148460964635e-06	0.012047558571612493
5791.5000000509735	0.0	29885487302.551567	29885487302.551567	2.374384866976476e-05	57.07291559795698	1.7762400363571436e-06	-12.170127795527156	0.1209981703099437	33766.44609692026	0.0	703132359.2170484	703132359.2170484	7.66016416595361e-05	729577.5037515518	8.070602942442527e-06	0.102592919812036	0.0	966562059.555043	966562059.555043	7.67610500128916e-06	-555826.6980293929	4.426299687040427e-06	0.010284534535252562
5832.000000053085	0.0	29885459260.175014	29885459260.175014	1.9326295137195232e-05	26.095899290332127	1.7574472510877893e-06	-12.195587060702875	0.0984263666209375	33436.58737668297	0.0	703130906.6761467	703130906.6761467	5.0659303341856846e-05	718509.7303423351	7.888456460193319e-06	0.06783502309293973	0.0	966560770.6577352	966560770.6577352	7.060865784915293e-06	-540902.532961809	4.4735683533639935e-06	0.00945776327890287
5872.500000055197	0.0	29885441487.441345	29885441487.441345	1.747590839416608e-05	62.69807166193098	1.7581384930026575e-06	-12.21415734824281	0.0889376006595565	33478.98184245352	0.0	703126255.59071	703126255.59071	3.491728449470451e-05	701794.1396192564	7.745656687297579e-06	0.04673467603180706	0.0	966559527.7972394	966559527.7972394	6.97428503980956e-06	-525881.968363656	4.5516477696278485e-06	0.00933425853185297
5913.000000057309	0.0	29885412622.284386	29885412622.284386	1.74145065407954e-05	36.250277000021676	1.7615580187532253e-06	-12.241413738019169	0.08859283728674339	33549.58053059969	0.0	703127204.8825943	703127204.8825943	2.5743891533722593e-05	674391.7637324026	7.64523942101332e-06	0.0344459462451282	0.0	966558329.902276	966558329.902276	7.348209863344916e-06	-509203.39857103507	4.674067255074417e-06	0.009825990552539743
5953.500000059421	0.0	29885404165.488605	29885404165.488605	1.6086763137980205e-05	71.80176064555282	1.7794648667209749e-06	-12.24530750798722	0.08187052841179496	33861.355182147265	0.0	703126429.5599174	703126429.5599174	2.0455106922902122e-05	698844.5373673319	7.705451282873234e-06	0.027386829854590105	0.0	966557119.489641	966557119.489641	8.002089790964752e-06	-491291.09882290283	4.82168554850822e-06	0.010697739747468812
5994.000000061533	0.0	29885398573.699196	29885398573.699196	1.6028917826875435e-05	96.63893491467107	1.7955156798682804e-06	-12.26128194888179	0.08159958922159974	34131.64350438858	0.0	703125016.7348465	703125016.7348465	1.5747499671654523e-05	682768.2575972572	7.618745778638111e-06	0.02108320721023311	0.0	966555886.400754	966555886.400754	9.02603839168896e-06	-475164.92330447317	4.952719981725817e-06	0.012071209626294392
6034.500000063645	0.0	29885378518.66118	29885378518.66118	1.6603395469264036e-05	127.07577869612908	1.7993147259452458e-06	-12.27665734824281	0.08444890065071992	34179.81553984404	0.0	703127203.572265	703127203.572265	1.3043754234776043e-05	655759.2377540936	7.591995061719482e-06	0.017457534101731228	0.0	966554714.5707242	966554714.5707242	1.0841456563239885e-05	-458646.9255403689	5.051646941095172e-06	0.014494060148610507
