4.026358773665082
Time 	 Eb 	 Ea 	 Ep 	 phi_d 	 phi_z 	 KED 	 MLD 	 K 	 E_k 	 Eb_D 	 Ea_D 	 Ep_D 	 phi_d_D 	 phi_z_D 	 KED_D 	 K_D 	 Eb_U 	 Ea_U 	 Ep_U 	 phi_d_U 	 phi_z_U 	 KED_U 	 K_U 
944.9999999967719	29737814230.955505	3696544.7520670597	29741510775.70758	0.0002769534666679257	-3456.6128451376876	2.883581041828056e-06	-8.538338658146964	1.4017056914997073	54640.64782312045	2072672266.4294863	25209.567785985768	2072697475.9972725	0.0012239144032654308	1350095.8981741522	8.119175456731797e-06	2.797348454721498	2849605714.94212	13508.316263183951	2849619223.258383	0.0022671585690051625	-1332560.3605558951	5.070814007743524e-06	5.163378131996573
985.4999999965816	29737785312.35324	3669026.1467905645	29741454338.50003	0.00028735175570215475	-2672.5206586385643	2.8731619315982953e-06	-8.592252396166135	1.453385008399904	54453.10087201983	2072663369.6126912	25562.682924389836	2072688932.2956154	0.0011666204956667114	1358118.6084814484	8.142378980236252e-06	2.664333935563031	2849595926.8465033	13310.439269691706	2849609237.285772	0.0020946979463691883	-1332243.8197028611	5.00842332383317e-06	4.768525475861687
1025.999999996429	29737685230.619423	3716047.7770552933	29741401278.396477	0.00024462727544741214	-2375.843208603218	2.843159466948933e-06	-8.630191693290735	1.237029276969905	53878.548250461696	2072655847.8286228	25837.434317916628	2072681685.2629406	0.0008309399278854638	1366520.221319085	8.039570626962452e-06	1.8981397331639247	2849585307.5626616	13208.25632830709	2849598515.8189893	0.001889089847067141	-1330458.619926862	4.946249361102804e-06	4.2982773013562525
1066.4999999970062	29737611770.121643	3739072.5574115813	29741350842.679058	0.00013090517915037515	-1979.8140296939616	2.8270729470897506e-06	-8.668829872204473	0.6618689232979303	53525.00543303366	2072649113.060105	26049.846664167937	2072675162.9067693	0.000963016534598401	1377692.8949354633	8.02548153982963e-06	2.2026261544397503	2849573988.898754	13203.204675175248	2849587192.10343	0.0018102007419849584	-1327975.628807233	4.886014587096757e-06	4.116390977928735
1106.9999999975832	29737637649.87538	3662497.0765599012	29741300146.951942	0.000249208009754686	-1246.4096649046865	2.815616074266569e-06	-8.714656549520766	1.2593006107272091	53321.05046884052	2072639738.7705734	26264.872196279463	2072666003.6427693	0.0007983734577473893	1397105.6224307297	8.038720846769706e-06	1.8249936011621952	2849562238.955957	13228.799413457513	2849575467.7553706	0.0016613759632202719	-1322604.7987620924	4.830474386381824e-06	3.7755382471561636
1147.4999999981603	29737597991.924587	3644984.047790915	29741242975.972374	0.0003564329473496002	-504.61870888458094	2.7812255267710247e-06	-8.765974440894569	1.8002055554337033	52665.77440337358	2072629403.6227434	26528.874580822885	2072655932.4973242	0.0008050190904082668	1397619.6460782788	7.886752304910456e-06	1.8393430908223132	2849550277.8335986	13234.187082849441	2849563512.020682	0.0016223590802249787	-1316439.861659833	4.780639930967023e-06	3.684414035389551
1187.9999999987374	29737518834.395508	3661857.320481152	29741180691.71599	0.00015948100850029866	-391.2734863430227	2.7661752716970366e-06	-8.823182907348242	0.80520850852752	52322.44344659692	2072619547.6683407	26213.538493342698	2072645761.2068343	0.0005821962668049259	1400698.5480736098	7.857267146957133e-06	1.3318364124915092	2849537911.689029	13256.501434460282	2849551168.1904635	0.0015457546312105763	-1310881.7967962364	4.734497514719991e-06	3.507919298053292
1228.4999999993145	29737566480.24247	3552654.6703078747	29741119134.912777	0.0001536120467918437	-133.1310357823856	2.7687668989125997e-06	-8.882188498402556	0.7756096836677512	52330.21420378969	2072610373.5917268	26001.055173046887	2072636374.6468995	0.000480128081805617	1402601.0315942238	7.934976671448923e-06	1.0979624384492113	2849525070.079803	13316.573927722871	2849538386.653731	0.0013302426428068368	-1303680.4169764963	4.691598531125427e-06	3.0167555117050466
1268.9999999998915	29737647177.27667	3412500.039491743	29741059677.31617	0.00014744652078926666	-82.26031378859352	2.7397890901978428e-06	-8.929612619808307	0.7441098229905564	51763.27176733991	2072602300.666837	26021.812459677454	2072628322.4792967	0.00047117045526730956	1385667.3943879653	7.803655573868154e-06	1.0774181318761964	2849511734.6977434	13431.083175674079	2849525165.780919	0.0012256475610174942	-1295627.9962431649	4.6522515618969014e-06	2.7778935162102685
1309.5000000004686	29737709514.856243	3287984.463611156	29740997499.319855	8.275002303998263e-05	-412.1563635892281	2.7169593045686723e-06	-8.991713258785943	0.4175297271488744	51363.535190862094	2072595314.2496476	25163.63569592684	2072620477.8853436	0.00031524832160876074	1384255.3619873615	7.723780772616916e-06	0.7216151616974953	2849497772.707795	13646.271806560457	2849511418.9796014	0.0010626416683096052	-1290405.015458679	4.6136249248924716e-06	2.4072399605454855
1350.0000000010457	29737865052.669315	3072317.37562266	29740937370.044937	6.359175689915676e-05	-489.3874729032518	2.733749653745915e-06	-9.055411341853036	0.3208654585275437	51617.166469979966	2072588525.2664814	24500.71056719869	2072613025.9770489	0.00022032319068658474	1392225.9113583076	7.899073574503816e-06	0.504300841634194	2849483260.2073216	13976.156468451023	2849497236.3637905	0.0008874003055162348	-1285911.485570648	4.577988642102791e-06	2.009625353923242
1390.5000000016228	29738030317.946377	2850514.127439946	29740880832.073807	6.246149289798454e-05	-291.7588974216211	2.7081573458841465e-06	-9.10613019169329	0.31503672675034344	51081.833482088	2072582738.620131	24502.766483195122	2072607241.386614	0.00022518298774531524	1393288.346295502	7.76767608533484e-06	0.515476158579386	2849468607.446814	14334.58360671997	2849482942.0304213	0.0008013417065005119	-1279112.3733926918	4.54485195538688e-06	1.8145951781514271
1431.0000000021998	29738223513.89732	2602536.3486668468	29740826050.245987	4.52717187684215e-05	-274.8951508464294	2.685511507195923e-06	-9.15824680511182	0.22829178839982214	50739.52164951835	2072577882.1591659	24152.025661766525	2072602034.1848273	0.00013403493243994288	1370708.7279305647	7.663980363665217e-06	0.30708059853083225	2849453754.48008	14728.693162307141	2849468483.173242	0.0007566909353884312	-1273432.9564961325	4.512942971150942e-06	1.7136567145846642
1471.500000002777	29738369041.06871	2398126.437477231	29740767167.506187	3.821420555531353e-05	-666.7255773549739	2.698064095807969e-06	-9.220347444089457	0.19269580634164418	50926.4519338918	2072572769.8149934	22934.355872869488	2072595704.1708663	9.124946307445047e-05	1375761.7331849686	7.807739244903374e-06	0.2091308967485445	2849438654.198956	15171.796424478292	2849453825.9953814	0.0007358175988584735	-1267617.9836155293	4.4818521029678295e-06	1.66678555428178
1512.000000003354	29738548991.58383	2164245.377387285	29740713236.961216	4.106278036409997e-05	77.80305043575373	2.6789885502753715e-06	-9.273362619808307	0.2070470376222999	50509.04892818951	2072568712.3616586	22912.420646600425	2072591624.782305	9.050302046245687e-05	1388603.244703948	7.724146306465884e-06	0.20745553946631096	2849423381.5544477	15654.588179163633	2849439036.142627	0.0006939403607151852	-1260137.132885782	4.4529599855230975e-06	1.5724788314428342
1552.500000003931	29738675642.874435	1985230.1153869333	29740660872.989826	3.453851476839269e-05	251.34596348480704	2.6583095673366974e-06	-9.32577875399361	0.17420491547014577	50196.53330336419	2072565744.1159515	22459.403712019324	2072588203.5196633	5.826169561929205e-05	1356300.8421174902	7.61530293434693e-06	0.13366400705198703	2849407955.4541388	16173.995627015827	2849424129.4497657	0.0006789275666059117	-1254572.560215346	4.424006569349202e-06	1.5391581574384687
1593.0000000045081	29738825652.867386	1780666.4340281188	29740606319.30141	3.124357312135577e-05	-675.7832610218111	2.659415779692336e-06	-9.377595846645367	0.1576222879543599	50157.13480959599	2072561737.3489227	21160.60207335651	2072582897.9509957	4.555761561691917e-05	1341501.0779805933	7.67353089437689e-06	0.10448182298071897	2849392372.5038276	16721.962655596435	2849409094.466483	0.0006119958399716716	-1250033.069167451	4.3952770818614785e-06	1.388089401643968
1633.5000000050852	29738842588.941765	1705944.42091313	29740548533.362675	3.4153743377714836e-05	-440.0328206940116	2.640037397446546e-06	-9.442891373801917	0.17233924145469878	49772.645731753	2072560235.2945561	21240.767122462392	2072581476.0616784	4.712348859384951e-05	1359840.109469701	7.626599627706403e-06	0.10811009169180792	2849376741.803234	17270.625039551407	2849394012.4282737	0.0005245337447876228	-1243527.0770039998	4.367083151458479e-06	1.190217458873339
1674.0000000056623	29739039231.754604	1467705.4607696533	29740506937.215366	3.155416404632464e-05	634.3849322756381	2.6260183588539086e-06	-9.477935303514377	0.15929725105613415	49583.401385577294	2072559646.1479006	20807.569806940854	2072580453.7177076	3.1860988798435454e-05	1366098.718466757	7.546955731766422e-06	0.07311848715464152	2849361078.357152	17820.197040509433	2849378898.5541925	0.0004336007288877888	-1237935.5667307733	4.338788544939449e-06	0.9842010742955294
1714.5000000062394	29739149802.247284	1308528.456043154	29740458330.703335	2.9007463884892865e-05	-1043.982198872879	2.6075929243646252e-06	-9.526457667731629	0.14646757953984715	49160.63850171925	2072555324.288987	19580.327587008476	2072574904.6165736	2.7904076257706742e-05	1320585.210101293	7.465947553102599e-06	0.06401016820438812	2849345300.9185	18396.985258813947	2849363697.903759	0.00037229793520689527	-1232626.885438274	4.312954435007605e-06	0.8452586851327424
1755.0000000068164	29739148308.727425	1253901.4347166717	29740402210.162144	3.1515663111084284e-05	-863.6121339224343	2.5937403845477455e-06	-9.592751597444089	0.1591836368916201	48942.51766897051	2072552340.027983	19732.41288769245	2072572072.4408708	2.5037818311676603e-05	1353496.5075252475	7.421904811123511e-06	0.05746880502290656	2849329519.7881155	18980.8915502429	2849348500.6796665	0.00033039394048812673	-1227229.3046237058	4.290885928691917e-06	0.7501876795960721
1795.5000000073935	29739276502.638035	1075918.2935338914	29740352420.93157	3.427077819105556e-05	583.241590957706	2.572787523190968e-06	-9.635583067092652	0.17312755559295945	48584.27140063897	2072549956.2327578	18822.84628480673	2072568779.079043	2.1086843546247747e-05	1364499.250310178	7.3054358605952215e-06	0.048380697744492565	2849313706.645716	19576.754127033055	2849333283.3998427	0.00030854491065520956	-1223443.4109038669	4.27250897595941e-06	0.7005261191150757
1836.0000000079706	29739381558.12994	916731.0357922167	29740298289.165726	2.691917531097368e-05	132.560539927797	2.52778571487893e-06	-9.680311501597444	0.13595766076211513	47716.84698747688	2072546224.5577211	18154.6675812006	2072564379.225302	2.2431895592072057e-05	1296568.1517140197	7.196744429351394e-06	0.051473692512951	2849297798.9423227	20200.02508572489	2849317998.967408	0.00012785091625408242	-1220900.620800495	4.261737854464412e-06	0.2902053524254827
1876.5000000085477	29739338877.994392	901281.1898923218	29740240159.184284	3.149825801102647e-05	112.7313160882858	2.5140387117998273e-06	-9.747004792332268	0.1590901537744079	47437.79185728899	2072547518.4523935	18103.867183730006	2072565622.3195772	2.0652895075848636e-05	1365089.5827568031	7.149192885314482e-06	0.047392880627585086	2849281816.415144	20841.76526530832	2849302658.180409	0.00010608776190179994	-1217170.5087275729	4.2431975807032275e-06	0.24072054811004454
1917.0000000091247	29739371586.90128	827510.1104674786	29740199097.01174	2.866583525982723e-05	118.9965848265463	2.493467293326331e-06	-9.780950479233226	0.14477731819057854	47139.60222082687	2072545115.1577275	17285.890739247203	2072562401.0484667	1.7242302568853983e-05	1366888.0225077388	6.974708328408267e-06	0.039567880223711854	2849265752.5502677	21506.384880185127	2849287258.935148	9.943169153409308e-05	-1214488.8014344405	4.217687290650946e-06	0.22551359496330387
1957.5000000097018	29739289444.727043	859428.3059380203	29740148873.03298	2.9621465510503212e-05	153.33268045592314	2.4740424817820704e-06	-9.821785143769969	0.14956325164322812	46770.896047621274	2072540841.5021443	16977.71048465371	2072557819.2126288	1.9189225123536426e-05	1309104.008845699	6.900568240730198e-06	0.044023030194243924	2849249510.2443323	22181.723227148872	2849271691.967559	9.085588428349777e-05	-1214183.4727303397	4.1836538978240074e-06	0.20595557352749996
1998.0000000102789	29739156526.249958	933303.1352098436	29740089829.385166	2.826963957519752e-05	121.314468634195	2.446623214178307e-06	-9.882388178913738	0.14270371544591065	46272.476394076686	2072542124.9215689	17223.096487417817	2072559348.0180564	1.9432630376112623e-05	1345790.6795767895	6.761142631216961e-06	0.044597107657730964	2849232767.0312643	22818.76159687061	2849255585.792861	8.41091799435029e-05	-1215410.651582912	4.1466700870327955e-06	0.1905529624059111
2038.500000010856	29739153632.008026	895778.133192748	29740049410.14122	2.858065313309759e-05	203.06910506418478	2.437626223216309e-06	-9.920327476038338	0.14422939658955544	46076.514762361665	2072541123.3915563	16825.456978417933	2072557948.8485348	1.7506696618430768e-05	1355122.3995446032	6.735792597822844e-06	0.04015172835673828	2849216461.469491	23457.43151501659	2849239918.9010053	7.709572452500232e-05	-1211474.999751647	4.113501739615497e-06	0.17457004854587313
2079.000000010258	29739109797.8875	893015.8958989233	29740002813.783398	2.8840647218396686e-05	149.4287024653685	2.4521573722932843e-06	-9.960463258785943	0.1455421736009155	46311.296496823954	2072535352.1058447	16885.883128635585	2072552237.988973	1.819901901889243e-05	1311826.2245841306	6.851085280817863e-06	0.04174035503758756	2849200570.732372	24078.381940489166	2849224649.114312	7.16992649061119e-05	-1204051.7788423323	4.103444551901185e-06	0.1622963496898285
2119.5000000093005	29739013653.231335	931750.2726342977	29739945403.503967	3.2220865208085684e-05	157.21067834318313	2.4589630863718964e-06	-10.023262779552716	0.16260685566100852	46517.34705928767	2072535970.2883387	16871.948098510504	2072552842.2364366	1.7996852274715383e-05	1314635.520783406	6.83558200912975e-06	0.04126981763270885	2849184902.01176	24711.51948359795	2849209613.531244	6.859222475359258e-05	-1196863.192434013	4.12473886790514e-06	0.15527850883329425
2160.000000008343	29739043967.883167	857605.0077079833	29739901572.890873	3.4932833433250985e-05	197.51110406812543	2.445979730967975e-06	-10.06529552715655	0.17638243422861036	46263.88246519008	2072538484.1805968	16521.58865778148	2072555005.7692547	1.784558465615197e-05	1311631.1375568048	6.774155532770407e-06	0.04091503834550464	2849168917.4866133	25367.46024557389	2849194284.946858	6.844878267570881e-05	-1191229.5759409731	4.148914518223472e-06	0.15504954653557654
2200.500000007385	29739101497.912033	760893.9399902225	29739862391.85203	3.64494060070575e-05	165.3484549382986	2.4628562512707375e-06	-10.100539137380192	0.1841440381276244	46531.64908459029	2072534744.667541	16449.57851536572	2072551194.2460568	1.9036654068189392e-05	1310266.9489765062	6.8648802573221215e-06	0.043648623820707416	2849152797.62951	26060.195890697647	2849178857.825401	6.742738254756798e-05	-1187038.5428297985	4.144561651376684e-06	0.15287587314623718
2241.0000000064274	29739209010.80318	608061.943153426	29739817072.746334	3.626226821451133e-05	162.07309410888467	2.484966043113631e-06	-10.149161341853036	0.1831885526952146	46922.99039026041	2072538736.7092643	16066.102141983807	2072554802.8114061	1.8583191134624947e-05	1289549.5833185795	7.029190336580347e-06	0.04261249559893795	2849136698.7929764	26802.15527520422	2849163500.9482512	6.857574830894939e-05	-1183289.236535448	4.106008469527326e-06	0.15550545498645074
2281.5000000054697	29739192614.288143	582329.0444152504	29739774943.33256	3.912343993493553e-05	159.32755828295907	2.471476620091397e-06	-10.19988019169329	0.19771742801466832	46687.261164440206	2072541289.7211232	16185.201267905531	2072557474.922391	1.6540525734747082e-05	1286827.2602435844	7.067042709387167e-06	0.03792691228793228	2849120912.4602857	27545.63882415695	2849148458.0991106	6.98535638798479e-05	-1183658.7629166078	4.062451716999039e-06	0.1585147158574604
2322.000000004512	29739132592.217026	601957.4087930173	29739734549.625816	3.9162052731361434e-05	191.91669141971664	2.4762771506233305e-06	-10.237220447284345	0.19804129491390657	46731.95460544156	2072540712.368763	16050.603300124405	2072556762.9720633	1.8676282104058025e-05	1300640.5683201922	7.069382145621993e-06	0.0427964880317713	2849105337.4388533	28245.123634274118	2849133582.5624876	7.087897281569647e-05	-1179666.0332685427	4.060593283777498e-06	0.16107239627913716
2362.5000000035543	29739215489.617573	481584.97485837346	29739697074.592422	4.118965218847652e-05	185.16603388759535	2.5036462173382112e-06	-10.272963258785943	0.20847292209014062	47185.77472641885	2072541408.733753	16303.13620457053	2072557711.869958	1.884380522928386e-05	1281010.8844119795	7.187960013265233e-06	0.04314003375921395	2849090037.5305166	28972.72317857016	2849119010.253694	6.979879722581734e-05	-1179354.17094982	4.064847395542446e-06	0.15886121814923074
2403.0000000025966	29739243359.41988	410010.6218118817	29739653370.041695	4.467479912481062e-05	191.54500443183866	2.4900523444471182e-06	-10.315195686900958	0.22622740673069502	47056.4171147739	2072544012.103589	16516.706995278597	2072560528.810584	1.767975033215156e-05	1244823.5076825991	7.190590233916651e-06	0.04048049451226367	2849074701.2167597	29763.887345256284	2849104465.1041045	6.945425581385384e-05	-1174387.7274436885	4.067391652225259e-06	0.1582658368908122
2443.500000001639	29739251201.665535	360094.8161988408	29739611296.481728	4.6971176927843336e-05	200.36695251431263	2.472339203991966e-06	-10.358326677316294	0.2378934721136193	46743.769018980594	2072546077.110714	16017.007609970866	2072562094.1183243	2.0645460117243514e-05	1294781.8305133425	7.12092873768156e-06	0.047243155745564515	2849059223.219047	30569.62989463843	2849089792.8489413	7.286643227276916e-05	-1175467.2654008004	4.022569649672124e-06	0.16614072426014062
2484.000000000681	29739288027.975594	296380.2957749963	29739584408.27137	4.908396494940308e-05	220.31939285429536	2.4796475456554933e-06	-10.388578274760384	0.2486640814157565	46808.34417836194	2072552728.6273348	16636.652847468853	2072569365.2801821	2.3493232658186187e-05	1302429.791133529	7.223820164692076e-06	0.05373019150779706	2849044242.6024885	31240.25961128063	2849075482.862099	7.375469745107038e-05	-1179532.011687839	3.947436294847526e-06	0.16826845252909234
2524.4999999997235	29739465859.336433	91333.81466476619	29739557193.1511	5.045364192334679e-05	193.02633823893316	2.482682626773481e-06	-10.413039137380192	0.2557072543358446	46929.32408285181	2072547464.109164	17102.784470275044	2072564566.893634	2.7955012583587112e-05	1298122.7178080399	7.3255656982495e-06	0.06391066390991694	2849030191.526581	31762.13706869725	2849061953.663649	7.339204115533625e-05	-1182056.341734708	3.915552580640168e-06	0.16755013181132922
2564.999999998766	29739485869.4713	26350.811501175165	29739512220.2828	5.3096348823125964e-05	215.68516451803532	2.4954501767662135e-06	-10.459864217252397	0.26918298848618843	47183.72408900315	2072550584.0609775	17930.76995612681	2072568514.8309333	3.0410678022088983e-05	1261979.5965109775	7.38793231736001e-06	0.0695118765486671	2849017006.6474648	32210.31080168672	2849049216.958266	7.51066596310323e-05	-1182752.1488208266	3.917299395931217e-06	0.17155716787620637
2605.499999997808	29739470439.75191	-250.8295822739601	29739470188.922325	5.320735495127204e-05	187.3773671114321	2.4793299897525036e-06	-10.49720447284345	0.26980404978163286	46942.015117887495	2072549000.7618728	18672.35179517418	2072567673.113668	2.804612038819866e-05	1278874.513168863	7.342491346153584e-06	0.06408574216767689	2849004179.8272448	32608.59290192276	2849036788.4201465	6.877035493733284e-05	-1183957.1208815656	3.909381696115775e-06	0.15715492573425105
2645.9999999968504	29739481995.2874	-50177.225173443556	29739431818.06223	5.370772879797008e-05	219.34020169711883	2.478530260847564e-06	-10.53125	0.2724172913905842	46919.26391528802	2072550127.4343011	18881.94777629524	2072569009.3820775	2.870503964641777e-05	1345293.9355017573	7.313880404865306e-06	0.06557163597295082	2848991078.0505815	33020.93205367029	2849024098.9826355	6.582085618423836e-05	-1183428.115563126	3.894766675039159e-06	0.15049181998371158
2686.4999999958927	29739556519.37975	-153680.08471480012	29739402839.295025	5.692951320850096e-05	197.36254240407195	2.458410489471258e-06	-10.567791533546325	0.28879173135861347	46625.245280868316	2072540337.6513095	18650.38999388367	2072558988.0413034	2.8810431171270803e-05	1301648.0233374261	7.159734256081142e-06	0.06576650744405284	2848978085.268945	33431.83357863128	2849011517.1025243	6.643253662361103e-05	-1183364.2601722016	3.856432426515706e-06	0.15192598055452072
2726.999999994935	29739437659.66444	-98094.0705986321	29739339565.593838	5.610138950863117e-05	214.4242730839831	2.4307689347970866e-06	-10.631289936102236	0.2846602597784771	46106.80088595365	2072545075.564498	19286.711670584977	2072564362.2761686	3.052130827655358e-05	1237903.8142958542	7.17270880196691e-06	0.06963593057526976	2848965123.07672	33854.18964803964	2848998977.2663674	6.633022466497538e-05	-1186820.6092117021	3.794819614235246e-06	0.1517470883362931
2767.4999999939773	29739344975.266365	-40548.83079954982	29739304426.435566	5.657665227242249e-05	183.6748120594049	2.436552632062277e-06	-10.663238817891374	0.2871059572502842	46205.18995145228	2072545874.9826214	19258.21031945944	2072565133.1929407	3.276181983399554e-05	1310390.0529767682	7.266596394223828e-06	0.07471489231613056	2848952669.320787	34224.67845490575	2848986893.9992423	6.541890376207573e-05	-1191625.721766353	3.749537938215799e-06	0.14973118684967976
2807.9999999930196	29739432287.73472	-149458.75575485826	29739282828.978966	5.9752867198865235e-05	207.11876364592115	2.4469810559587155e-06	-10.68180910543131	0.30327214155333326	46419.20389398336	2072545321.738008	20041.865324161947	2072565363.6033325	3.8157750704398805e-05	1243248.473480841	7.2484028804649595e-06	0.08698665515939488	2848940719.8455324	34522.4977687411	2848975242.3433003	6.388169559629384e-05	-1195950.1992166159	3.7326133560862976e-06	0.1462556210358958
2848.499999992062	29739267354.98394	-22770.32976549864	29739244584.654175	6.114954922888395e-05	197.6148121766283	2.4326180165607514e-06	-10.722344249201278	0.3104344522883254	46134.717821031656	2072548713.308308	20722.38042410463	2072569435.6887324	4.159806277730261e-05	1326297.334980073	7.297038102003218e-06	0.094808281179753	2848929265.113869	34724.20064191148	2848963989.3145113	6.0924287091312035e-05	-1201112.3766639712	3.71311754795233e-06	0.13952723497832398
2888.9999999911042	29739266210.872936	-46174.72138473392	29739220036.15155	6.295892645516525e-05	201.0990005384538	2.4315304108767082e-06	-10.745007987220447	0.3196764281770987	46109.90021371319	2072542513.5863268	21263.210542187095	2072563776.7968693	4.117375746344665e-05	1314162.8421031171	7.237420549567666e-06	0.09382773432472072	2848918238.980474	34838.61988235265	2848953077.600356	5.933996102902952e-05	-1204889.712444966	3.6959341814864115e-06	0.13593571474045385
2929.4999999901465	29739218697.641983	-46305.48675572872	29739172392.155228	6.464665926874262e-05	193.9248508603285	2.42616377701486e-06	-10.790135782747603	0.32832380645601755	45977.79969444538	2072545862.5949802	21884.29785013199	2072567746.8928306	4.5841739547652634e-05	1292324.5100934128	7.2616087199785476e-06	0.10446204231843519	2848907454.2301216	34891.02419002354	2848942345.2543106	5.80884935412413e-05	-1206498.9709282122	3.690270389995315e-06	0.1331079371648937
2969.999999989189	29739148553.752327	-3291.1541355252266	29739145262.59819	6.883805001308342e-05	185.64886428886626	2.4067495094612523e-06	-10.820786741214057	0.34965118700673475	45664.97481143487	2072542051.5827525	22198.71195024252	2072564250.2947025	4.7685510688965314e-05	1373962.3008209798	7.165568534678518e-06	0.10864752914605566	2848896645.4368925	34926.116666160524	2848931571.5535583	5.7633436842979645e-05	-1207883.9924698933	3.6748375900148054e-06	0.13208365398059801
3010.499999988231	29739133339.433727	-20350.873796910048	29739112988.55993	7.081068145380068e-05	189.76444532077434	2.4062029568705467e-06	-10.855531150159745	0.3596724698717947	45647.02113579454	2072537951.7736838	22329.065605454143	2072560280.8392892	5.195501796504558e-05	1312153.872724032	7.130990174248175e-06	0.1183855947829382	2848885802.0204315	34946.49306381494	2848920748.513495	5.8777002835811294e-05	-1211406.5514589548	3.6353328200193147e-06	0.13470622811800378
3050.9999999872734	29738947103.231018	116849.83815804124	29739063953.069176	7.333270551757571e-05	172.36882240708638	2.381201443483497e-06	-10.904053514376997	0.3725079037092653	45202.697783167314	2072541866.2557542	22824.21642978489	2072564690.4721835	6.178032160666092e-05	1311305.301259472	7.136976969654001e-06	0.14078295030904922	2848875149.364447	34910.192472949624	2848910059.55692	6.183033896764838e-05	-1217436.0809727197	3.593182760599746e-06	0.14169512579614665
3091.4999999863157	29738875733.72793	166355.85174238685	29739042089.579666	7.412801445888577e-05	169.95419994890977	2.3949631960277893e-06	-10.924620607028753	0.3766575556583104	45414.306867503445	2072540310.617571	23338.349720217288	2072563648.9672914	6.244946313989145e-05	1346325.1804978624	7.209743894378205e-06	0.14236357978533604	2848864831.9064307	34795.87207889557	2848899627.77851	5.858210583749018e-05	-1223837.8529369405	3.5742390430859093e-06	0.1342869742120396
3131.999999985358	29738792399.032192	219899.66947376728	29739012298.701668	7.366826081454492e-05	164.3542685505429	2.4130904956737264e-06	-10.952276357827476	0.3743768942591898	45760.92924398868	2072541511.7802846	24019.29884018004	2072565531.079125	7.467604614988087e-05	1325575.7610217063	7.275198909200219e-06	0.17030311914168655	2848854795.609374	34604.56689731032	2848889400.1762714	5.427949205292992e-05	-1228670.5204237257	3.6117291105310045e-06	0.12436575781992956
3172.4999999844003	29738742583.960613	238366.90477451685	29738980950.865395	7.770838606651072e-05	155.58962065414588	2.412232924566344e-06	-10.984125399361023	0.39490988243226444	45760.921175909134	2072540171.3790388	24568.55858995765	2072564739.9376292	8.038453222747255e-05	1387521.468038025	7.213714420398862e-06	0.1834013445617982	2848844762.7470274	34395.4307837002	2848879158.1778107	5.4677196789034014e-05	-1231626.1374431574	3.6742753552538865e-06	0.12528250012552558
3212.9999999834426	29738750484.777866	205352.8532525301	29738955837.63111	7.781383900478279e-05	181.52451114592165	2.4141621182673784e-06	-11.012879392971247	0.395651382824429	45801.40174334577	2072534821.1262488	24563.13334479928	2072559384.2595932	7.215303218101064e-05	1371523.8088776919	7.0945040189282985e-06	0.1646687682191933	2848834074.8494515	34483.810363434255	2848868558.6598153	5.076980509591748e-05	-1234222.5755086492	3.705009143539094e-06	0.11638317050536136
3253.499999982485	29738723581.424965	182961.61044663194	29738906543.03541	8.255553549033943e-05	211.3056172392017	2.4126402893921054e-06	-11.06160143769968	0.41983400369387786	45749.62547554617	2072538501.7226033	24090.808489963412	2072562592.5310936	6.209298896994484e-05	1340548.9789066024	7.107479172103999e-06	0.14173852095724376	2848821456.472882	35331.522599324584	2848856787.995482	4.850474202152127e-05	-1233934.4443038302	3.747567555236141e-06	0.11115313341251497
3293.9999999815273	29738814196.432644	60667.636089414365	29738874864.068726	0.00010061652116730147	151.93398708074642	2.399192947558506e-06	-11.096046325878595	0.5118996996444223	45536.663304744245	2072542940.5615373	22644.229103922844	2072565584.790641	4.6840366084186584e-05	1457722.8559752596	7.1760025123652866e-06	0.106949070914425	2848805812.9350643	37139.989354901016	2848842952.9244194	6.034482029751366e-05	-1287678.985594131	3.6339912512157575e-06	0.13845001439376983
3334.4999999805696	29738952776.21509	-102228.97828531265	29738850547.236805	0.00011395580041767217	266.9569143567569	2.4204771019199153e-06	-11.123502396166135	0.5792185158287797	45833.0015930983	2072532165.619215	26778.262743785977	2072558943.881959	0.000533850925749885	1542386.4871694203	7.064072476052057e-06	1.218060266113099	2848803210.70272	37590.06305962801	2848840800.7657795	7.568252929935287e-05	-1415875.6809637756	3.7736515040533773e-06	0.17360153787776889
3374.999999979612	29738764214.92579	48551.33306205273	29738812766.258858	0.0001305229765932405	162.09666294286905	2.458742126846309e-06	-11.165634984025559	0.6638672510290159	46507.38611361159	2072519440.521555	31621.06934035569	2072551061.5908952	0.0010629638456305132	1532436.967387701	7.2305951954400644e-06	2.4336710474071386	2848802971.1192408	37901.18671204522	2848840872.305952	0.00010251534862875522	-1376708.8484569592	3.876576181545953e-06	0.23477866453436713
3415.499999978654	29738648334.889717	138817.30705800653	29738787152.196774	0.0001770390906948933	233.43193655235834	2.499854572697815e-06	-11.194289137380192	0.900743629609065	47232.738274707706	2072510811.886657	34045.21698462218	2072544857.103642	0.0009410314895038776	1510593.298858145	7.354753636794646e-06	2.156795763837564	2848797457.5049195	39669.05130147934	2848837126.5562205	0.00020287475124585312	-1338255.8008432388	3.955000232326599e-06	0.4642764502906383
3455.9999999776965	29738487876.747707	264773.153786093	29738752649.90149	0.00024505539260157125	241.5112920161168	2.5416134932547647e-06	-11.239017571884984	1.2465516116305333	47984.77599994243	2072506773.3687968	33250.3011136353	2072540023.6699102	0.00030887096472333083	1450593.3573706136	7.431290851031228e-06	0.7075517954676748	2848788414.994412	43288.7050476037	2848831703.699459	0.0003995882972818103	-1296755.7282567862	4.08138920582297e-06	0.9145977948574463
3496.4999999767388	29738056061.66855	659662.5073839724	29738715724.175934	0.00044700693387394574	261.60889465081914	2.6037041209643668e-06	-11.282248402555911	2.275190008473725	48978.60077187327	2072505786.2317157	30718.77798257768	2072536505.0096982	0.0001602089016380878	1429218.4838093803	7.640954229075103e-06	0.3672115326854777	2848776694.674432	49118.879437003285	2848825813.553869	0.0007300228388908274	-1248293.171450216	4.244050394364851e-06	1.6711447299343347
3536.999999975781	29738004644.030956	677064.6513078512	29738681708.68226	0.0006007368802525873	114.78473416527635	2.6122116651437182e-06	-11.326876996805112	3.0573500492220966	49333.57739396117	2072515118.6552255	25705.522719815373	2072540824.1779454	5.201875139585293e-05	1529647.1167694158	7.787830524500544e-06	0.11920279932858459	2848756487.8283033	53605.05862935446	2848810092.8869333	0.001045732329812274	-1365867.9473935347	4.160109961135162e-06	2.3954440022925962
3577.4999999748234	29737784505.320633	858089.7006063759	29738642595.021233	0.0007405804667948905	316.7779926761479	2.5899993442712453e-06	-11.377995207667732	3.7640610672305552	48832.73513708787	2072504856.7291107	28536.919988021255	2072533393.6490986	0.0006568778436771599	1668391.3990659905	7.51499421235125e-06	1.5047180485242586	2848751959.4541807	55797.83892507292	2848807757.2931056	0.0013833285582113219	-1500432.314431038	4.2635399379786494e-06	3.164145121884249
3617.9999999738657	29737508641.482758	1101231.5458832681	29738609873.02864	0.0008808770996150039	268.56577501252985	2.599164613910625e-06	-11.421026357827476	4.478218100681008	49068.65110291313	2072486865.697099	36229.17109134793	2072523094.86819	0.002196821520585942	1622340.3014672422	7.187414782252216e-06	5.035665607125358	2848755648.0248466	56253.99446290545	2848811902.01931	0.001400499817469637	-1476020.9232444386	4.538134913994921e-06	3.2005773836390627
3658.499999972908	29737396443.103367	1178848.6118964553	29738575291.71526	0.000753384593820824	92.89684257599887	2.6257565924890506e-06	-11.471146166134185	3.8340224056079864	49562.222778235584	2072467088.8524046	42866.97351404279	2072509955.8259184	0.003968889160825443	1599958.5010172427	7.222914509347231e-06	9.083895046224585	2848759497.6690507	55618.195526642725	2848815115.864577	0.0011272931915527558	-1429193.8349406458	4.65648665154608e-06	2.5826473323119052
3698.9999999719503	29737297096.762714	1241773.1169658452	29738538869.879684	0.0004633946321316417	61.47577612281726	2.6543595568231985e-06	-11.513079073482428	2.356290954950566	50098.728056490654	2072471272.8126829	36828.150439660996	2072508100.9631226	0.00033920843572862063	1500544.1737814257	7.2402300148055414e-06	0.7748263484886473	2848744920.6346984	57648.49283707141	2848802569.1275353	0.0008236310638143104	-1344431.8837809453	4.75385303123766e-06	1.8862870198267612
3739.4999999709926	29737167413.736687	1333120.83596991	29738500534.57266	0.0003530634512520001	309.7619314592431	2.634008214241008e-06	-11.559005591054314	1.7947751578735958	49757.32805032927	2072479530.8955455	29768.108948029574	2072509299.0044932	0.0001526425459631132	1595631.4316966143	7.4171528279395925e-06	0.3484410333159278	2848727645.044028	62400.05054401047	2848790045.0945725	0.0006329384533770499	-1429842.4247729105	4.55582788428701e-06	1.4500856181945867
3779.999999970035	29737250413.817364	1219359.552432254	29738469773.36979	0.0004811630271282726	95.75742982864745	2.5730114725127504e-06	-11.601038338658148	2.4394306193567745	48698.141427395705	2072463494.480731	35106.83141852915	2072498601.312149	0.0007454886480188479	1757980.0100975093	6.992904851816311e-06	1.705777319228507	2848726838.7219143	63331.78231377899	2848790170.504227	0.000752823943417973	-1551646.8484788584	4.566463695927432e-06	1.7152963444634193
3820.499999969077	29737272237.18674	1162374.9235228598	29738434612.11027	0.000482667081341405	-19.30610112478707	2.5408750483747526e-06	-11.634085463258787	2.444605073709043	48008.27925754068	2072439796.277767	44948.16536022723	2072484744.4431274	0.0019139881443899682	1772756.3544212258	6.683874723815527e-06	4.371146024655008	2848739186.6385427	55447.40637807547	2848794634.0449204	0.000783501502446597	-1615252.248109749	4.623638757314815e-06	1.782726388876754
3860.9999999681195	29737141771.58844	1248144.0027807802	29738389915.59122	0.00037371646496064243	-118.67290040096974	2.5137488444591544e-06	-11.681210063897764	1.8960716867547713	47459.521130687346	2072411243.4560244	51334.17038117349	2072462577.6264052	0.0031958159785960014	1686118.1431023728	6.8365162927596114e-06	7.289425971225529	2848747077.3624163	46375.13611191883	2848793452.4985285	0.0001641563272969509	-1511453.8789360235	4.3921020762400485e-06	0.37488981472133853
3901.499999967162	29736964352.092987	1373158.0296749922	29738337510.12266	0.00021922325797424545	-53.261352826274134	2.5217190058831646e-06	-11.724041533546325	1.1125316890570471	47497.07407989033	2072408626.8520193	43521.30143721774	2072452148.1534562	0.0011218897403106726	1645934.810241934	6.779060369889757e-06	2.569969866444903	2848734401.6496305	45079.990839257836	2848779481.6404705	0.00021709573567529726	-1460181.7446067284	4.474131486137532e-06	0.49550918603205
3941.999999966204	29737176515.310497	1111778.9837513864	29738288294.294243	0.0001843540317343906	12.214299096672317	2.442565330084616e-06	-11.772264376996805	0.9348287795466893	46242.99016784359	2072399038.6310692	40664.19585843384	2072439702.8269274	0.0006807920617057599	1635761.1585978966	6.6563979935689505e-06	1.5612372055295496	2848727528.160992	43666.22560866177	2848771194.386601	0.00031087171531937025	-1472322.3087981795	4.17638685523291e-06	0.7088577340798845
3982.4999999652464	29737057962.731647	1175362.972440213	29738233325.704082	0.00019428249376228114	122.62561981834389	2.3928769662242224e-06	-11.847144568690096	0.9861951622321147	45349.497418096296	2072381037.6737223	37495.46297706663	2072418533.1366997	0.0004003048346685724	1686229.4028508742	6.495433546603579e-06	0.9176059419009251	2848720929.6638427	42508.82408668101	2848763438.4879293	0.00033566884527542156	-1501572.0744627146	4.048943144187143e-06	0.7666760820161664
4022.9999999642887	29736794755.790237	1363173.7774011493	29738157929.56764	0.0002609197510455753	141.87672157901446	2.2989223593137944e-06	-11.92621805111821	1.322082097194414	43554.23451963227	2072378167.2764168	34082.554741315544	2072412249.8311586	0.0008142754727037684	1693066.8912304915	6.234377966160302e-06	1.8633403663160555	2848707007.4484587	43693.14904368668	2848750700.5975027	0.0004129929519220038	-1466881.4938229579	3.773065854212532e-06	0.9408350859793638
4063.499999963331	29736579247.61337	1543088.8682749867	29738122336.481644	0.00023577605049634697	100.89121330822937	2.258744678848522e-06	-11.967751597444089	1.1966708437714535	42754.07498195003	2072372171.2424846	41727.40756808221	2072413898.6500525	0.0022941844736586283	1824957.3976583509	6.363295414890153e-06	5.247616487892357	2848711735.4003205	40605.322046685964	2848752340.7223673	0.00026505537681594167	-1601405.4907871657	3.5325726158935953e-06	0.6057771411663195
4103.99999996298	29736856552.498688	1254957.7130825818	29738111510.211773	0.00021337318712218167	-17.64608599978348	2.266832453859235e-06	-11.989217252396166	1.0831390584005456	42818.055283120666	2072343596.2077024	46409.39921886474	2072390005.6069214	0.0019315009877001127	1654790.6244220117	6.48502842558476e-06	4.420811961208759	2848717503.3932853	36302.60726090148	2848753806.0005465	0.00025733095118292946	-1438080.5025007457	3.466762311910082e-06	0.5878120107866116
4144.499999965092	29736728320.384327	1333057.0294082612	29738061377.413734	0.00021100934874135964	134.59557522590205	2.209324980700214e-06	-12.037340255591054	1.0727472994099843	41849.42573034902	2072344181.6562247	44925.260654076934	2072389106.9168787	0.0015779222369842188	1453389.5846891997	6.292348426845297e-06	3.616402093993108	2848707833.873687	34695.10563033819	2848742528.9793177	0.00030100023089365424	-1310612.5636350012	3.3706480755452812e-06	0.6888205598954549
4184.999999967204	29736504137.160034	1507730.2907823771	29738011867.450813	0.0001695325064404401	53.032514220619504	2.2220223855161085e-06	-12.059105431309904	0.8623379275054847	42035.04678939341	2072348784.6426256	40099.7569723241	2072388884.399598	0.0005147113889372827	1469946.3929843605	6.2604411771146645e-06	1.1787089180717427	2848695565.6432896	34411.681437622756	2848729977.324727	0.0003151955971256586	-1277541.1024119738	3.4641189676278376e-06	0.7219133014869302
4225.4999999693155	29736533686.985073	1455574.9768707457	29737989261.961945	0.00014593309321425538	5.004122743376147	2.2822440030711508e-06	-12.079373003194888	0.742475978948769	43017.15316851921	2072352034.2252903	37451.55378250033	2072389485.7790728	9.65135967156535e-05	1523859.4968825192	6.633656064618987e-06	0.22090716706996072	2848686340.533735	34514.42386414856	2848720854.9575987	0.0002691458796319078	-1275409.6226594592	3.462118488210593e-06	0.6169515839916031
4265.999999971427	29736393822.289352	1580345.3128533366	29737974167.602203	0.0001264591404641806	183.43232247736262	2.2510257685553262e-06	-12.094848242811501	0.643613562078683	42576.48937837333	2072357030.6360302	35142.99900198728	2072392173.6350327	6.018849038798982e-05	1557825.5972656787	6.624493848202024e-06	0.137970957612662	2848674286.743752	34491.69500312954	2848708778.438755	0.00022328235318538756	-1290538.9349349327	3.3197633943169817e-06	0.5115924718138484
4306.499999973539	29736465960.898228	1479438.4182014912	29737945399.31643	0.00010274273585477304	99.35469946747374	2.19826823143384e-06	-12.124900159744408	0.5225323506569911	41570.13789220761	2072350098.93847	34650.55959773064	2072384749.4980674	4.5526343381444356e-05	1535627.8677272117	6.257701238557326e-06	0.10440402280136998	2848668000.398024	33503.99674923718	2848701504.3947735	0.00020794150473325807	-1327647.9840063006	3.323322061512352e-06	0.4761643918650722
4346.999999975651	29736401780.793884	1493730.7038209736	29737895511.497707	0.00010046370487237572	193.03526996238804	2.1847882112707112e-06	-12.172024760383387	0.5111817619076333	41294.13414158209	2072335761.3617873	33322.918240725994	2072369084.2800279	4.162445217356516e-05	1504894.627422696	6.20030691745647e-06	0.09546317258640387	2848661534.1785707	33473.3221007511	2848695007.5006723	0.00018584989544593225	-1330470.296793786	3.344424458981424e-06	0.42532085115850493
4387.499999977763	29736164219.803474	1673564.833614871	29737837784.637093	0.0001032294953933738	134.8943050237046	2.2306948987747277e-06	-12.229832268370608	0.5254512771838087	42087.582823948826	2072331711.9237373	33677.28319169581	2072365389.2069292	5.146980696633191e-05	1491386.7050237544	6.4169408869056356e-06	0.11796496610234591	2848656925.1706367	33493.94946658239	2848690419.120103	0.0001629449467366436	-1314956.6888142738	3.3976363609663423e-06	0.3731087168542361
4427.999999979875	29736218102.721058	1586657.0448611528	29737804759.765915	9.1831780410683e-05	94.84925981036909	2.2750066478622663e-06	-12.270267571884984	0.4674215473442966	42852.817872310625	2072327777.45326	32121.440120991316	2072359898.8933809	3.4967255549348554e-05	1462782.070178841	6.700129335855499e-06	0.0801510211260448	2848649199.5642715	33968.6440702714	2848683168.208342	0.00016183334742097088	-1281206.573070826	3.4075263332524206e-06	0.3704178540871793
4468.499999981987	29736199739.545513	1567439.3753341287	29737767178.92084	9.386285390841921e-05	102.94301144038378	2.309951648186468e-06	-12.302515974440894	0.47813326723870353	43543.4377242074	2072333512.474981	28475.645110275596	2072361988.1200912	2.2414984583894296e-05	1465619.8803481716	6.880376371934305e-06	0.05135865753286138	2848636182.556754	34042.206823670305	2848670224.7635775	0.00013704835838519123	-1247616.940896919	3.3930807218586174e-06	0.3143857926637499
4508.999999984098	29736142473.258778	1602758.44726415	29737745231.706043	9.63541502441037e-05	233.15617795521308	2.3303282242149078e-06	-12.334464856230031	0.4910650032432017	43895.137726428286	2072346176.9492984	25033.920166634023	2072371210.8694649	1.5250160660233274e-05	1491292.818698949	7.076223725299674e-06	0.03492133368671149	2848619637.998665	34845.2418410033	2848654483.2405057	0.00010534404101372096	-1229682.1203103294	3.371971546532617e-06	0.24201921811381674
4549.49999998621	29736271475.769863	1462205.6329824626	29737733681.40284	0.00012025867776680024	194.26007920315072	2.2892727874436148e-06	-12.335063897763579	0.6128866563060799	43102.33194893106	2072355298.290328	22012.23873827606	2072377310.5290666	1.3418276635310765e-05	1510421.4004023965	6.932649139091841e-06	0.030727782120650193	2848604103.7875276	37222.75430781953	2848641326.541836	0.00012861571155523683	-1261610.6985802387	3.3086725361303716e-06	0.2954944465671413
4589.999999988322	29736228178.43073	1476389.6866283417	29737704568.11735	0.00016317311836180085	156.8421621064111	2.2426163878395953e-06	-12.367312300319488	0.8322743153706587	42326.36756941328	2072360230.5737853	20814.163246534765	2072381044.7370317	1.3296936266153185e-05	1550842.0078861928	6.701946838045898e-06	0.030495054413946093	2848590175.0548296	40215.53408760391	2848630390.5889177	0.00018462371778256467	-1327504.1216144147	3.2435982363564286e-06	0.42417628915225486
4630.499999990434	29736250743.30318	1414652.2386279404	29737665395.54181	0.00018479511249228713	227.11101622671023	2.2000750533803427e-06	-12.409245207667732	0.9420412673702285	41499.50285933134	2072356973.0487208	21182.32605908811	2072378155.37478	4.681201751153241e-05	1621485.5463223637	6.597138851840924e-06	0.10729008666005722	2848582682.3105035	41912.82641054876	2848624595.136914	0.00021479888375996008	-1413580.7447428321	3.1177210576131624e-06	0.49345404567426804
4670.999999992546	29736217434.656963	1415687.2805017978	29737633121.937466	0.00016674599760662414	212.18637234037485	2.1279610600737287e-06	-12.44219249201278	0.849721660710119	40186.31469031416	2072349449.6502652	26674.62632222846	2072376124.2765875	0.00014468524682648994	1710324.2873209948	6.366417588992698e-06	0.33192101810069075	2848582003.172758	41781.8759592101	2848623785.0487175	0.00023255466442287427	-1471014.6475259631	2.9847390910860382e-06	0.5336638946613708
4711.499999994658	29736129301.182182	1486900.886323631	29737616202.068504	0.00016313037861752757	109.37137538903042	2.088851758314619e-06	-12.459764376996805	0.8311843895306011	39486.6809911845	2072341679.0089076	31758.45737023279	2072373437.466278	0.00023348104380747965	1709949.1720913367	5.952110959286468e-06	0.535079263831135	2848584309.188079	40785.48978296481	2848625094.677861	0.00025834049107126863	-1468936.6359756975	3.049299704822184e-06	0.5930463988970073
4751.9999999967695	29736434803.98685	1168039.3512423337	29737602843.33809	0.00020110170137174863	156.8180656030114	2.0819986967186965e-06	-12.480531150159745	1.0239107550769484	39370.51368642018	2072329254.1084557	33502.35248570889	2072362756.4609418	0.000329903346946765	1644765.802259514	5.87391305344076e-06	0.7548862599911053	2848585568.6757717	39891.21658513229	2848625459.8923564	0.00027557606485217385	-1396713.4319389185	3.1146113620382615e-06	0.6323869176852523
4792.499999998881	29736550211.77688	1015186.6897869186	29737565398.466663	0.0001582758292982414	82.89990587220095	2.0616849419417854e-06	-12.52665734824281	0.806125727590329	39004.84059757984	2072318631.3078475	34040.260393794626	2072352671.5682414	0.00016290867299344406	1664775.5484069262	5.636783082948144e-06	0.3739816416823547	2848583955.739794	39627.82237165979	2848623583.562166	0.00026808171094563346	-1323834.8225764756	3.197687572922957e-06	0.6141507195068856
4833.000000000993	29736699984.43566	840157.1909181551	29737540141.626583	0.0001326317016320587	92.9568785822099	2.0616320178235255e-06	-12.547224440894569	0.6747090419568774	39051.41125309394	2072312570.156996	31134.79169217497	2072343704.9486883	8.565008026415374e-05	1513761.930532086	5.456886016474977e-06	0.19660235599158427	2848579814.281132	39571.57919286797	2848619385.8603253	0.00023833518366248195	-1230725.718129074	3.2883844369881643e-06	0.5450176361228155
4873.500000003105	29736689353.190193	806610.8568850682	29737495964.047073	0.00013543844022457325	193.97268456151613	2.0375340902054455e-06	-12.590155750798722	0.6890940457714667	38604.14765882795	2072317140.1174164	27328.13782188296	2072344468.2552383	3.2716273512534666e-05	1420138.799995963	5.334928343718418e-06	0.0751474492098165	2848567705.563794	40128.36633175588	2848607833.9301248	0.00023704734764781694	-1158038.930954752	3.3106685404235124e-06	0.5422502142976919
4914.000000005217	29736701475.36168	754259.7047528625	29737455735.066437	0.00016380375529976326	93.94974389531144	2.0286327572830327e-06	-12.623202875399361	0.8335394079797558	38425.13328145031	2072325941.2470503	21593.69686859846	2072347534.943919	1.1791772042269708e-05	1525777.3139814788	5.472436597425979e-06	0.02707480549173652	2848550379.38963	41231.64140458917	2848591611.0310345	0.0002698786812925417	-1171838.9643571675	3.18174540293349e-06	0.6176606922178223
4954.500000007329	29736720009.87106	699263.5447918029	29737419273.415848	0.00017752805250759423	166.1209351076546	2.033061227468517e-06	-12.66204073482428	0.9037210299875202	38407.21275734406	2072324175.6000493	16965.015127249062	2072341140.6151764	1.0159229751227207e-05	1610510.3968531855	5.648912717851305e-06	0.023318375312939153	2848536698.56408	42488.365082789205	2848579186.9291625	0.0003117855614374593	-1225496.5167419778	3.0571843012705583e-06	0.7137972016474045
4995.000000009441	29736659349.129738	717326.4038521498	29737376675.533592	0.00019942178112950692	152.2453932612886	1.980353103381317e-06	-12.700179712460065	1.0155339558773715	37498.32014791646	2072326854.6695027	17318.998418286443	2072344173.6679208	1.9623038301984368e-05	1564788.2131411354	5.4135495411259936e-06	0.04504938119051831	2848527647.07112	43377.35360982641	2848571024.42473	0.0003347459454731028	-1263168.9746414192	3.0100974929356843e-06	0.766344328167669
5035.500000011552	29736574641.64544	764651.8382995726	29737339293.48374	0.00020526286819929588	167.91133884893702	1.937386264446613e-06	-12.74241214057508	1.0454603739923714	36713.19284461803	2072320329.3843842	19872.600721336898	2072340201.9851055	5.4586968300870416e-05	1757853.127920526	5.199287818608294e-06	0.12530049317082645	2848523462.6738763	43329.31935126334	2848566791.993227	0.0003600179087230346	-1315390.4823859334	2.9899407872818017e-06	0.8248510176834638
5076.000000013664	29736715235.25226	602096.6610760391	29737317331.91333	0.00019731406643856868	134.49590157663232	1.931395691015547e-06	-12.769069488817891	1.0047124078498162	36621.6925721099	2072304671.7769015	23158.20021675527	2072327829.9771185	0.0001687623629479628	1825775.666191323	4.8526060483744e-06	0.38709075563957057	2848525685.759966	42416.13182277604	2848568101.8917885	0.0003912794135756943	-1358360.0017014018	3.107015170601717e-06	0.8970565891859946
5116.500000015776	29736756588.026665	524752.016883716	29737281340.043556	0.00020201449423642743	176.5952105785722	1.9700724341906914e-06	-12.814596645367413	1.029674392886888	37251.382739404566	2072294329.3376966	25740.18218227476	2072320069.5198786	0.00016688724014620696	1631019.1480864042	5.033492104335099e-06	0.38315722069567176	2848528850.414625	41843.13921634294	2848570693.5538416	0.0004496269782618971	-1242742.0090508552	3.2453247948143087e-06	1.0321241446095337
5157.000000017888	29736691244.105835	556193.547878772	29737247437.653717	0.00025242201371658893	75.94171173047212	1.9621254860130538e-06	-12.835063897763579	1.2854855129461387	37139.07044196114	2072295705.5801353	25772.7235141769	2072321478.3036497	8.124536893979553e-05	1663058.5155961476	5.047496872600304e-06	0.18649106436105783	2848524377.724701	43384.7292070128	2848567762.4539075	0.0005842372616538458	-1185000.4237015517	3.2282390593800393e-06	1.3384207825014325
5197.50000002	29736630482.51862	603674.5410125405	29737234157.059635	0.00030086308620501866	116.58350055429383	1.986855327738348e-06	-12.849640575079873	1.5345600042851812	37594.389382768706	2072292359.1441755	21506.058705259115	2072313865.2028806	4.515985286099796e-05	1620075.5390999848	4.89504541108801e-06	0.10369311470403621	2848518862.896323	45367.47078325785	2848564230.367106	0.000751708907297474	-1129817.3963233004	3.3939491354682824e-06	1.726267444073854
5238.000000022112	29736791779.16983	415743.7561555132	29737207522.925983	0.0003881251218065509	213.89974702956397	1.9737125449524716e-06	-12.867112619808307	1.9780007376408577	37399.95617598332	2072296763.066753	20597.754189833995	2072317360.8209426	2.2895067890804378e-05	1567394.8154913282	4.750399100010878e-06	0.05250262844735175	2848510533.403718	47891.2569530541	2848558424.660671	0.0009409787726602408	-1083213.7188026998	3.455466200188244e-06	2.158925438868303
5278.5000000242235	29736722716.774273	462230.1848660857	29737184946.959137	0.00044919796798297196	97.75316112108383	1.9538766765673517e-06	-12.886781150159745	2.2892109772062352	36996.86775319421	2072307008.5850978	17148.880721740425	2072324157.4658191	1.1653096576470992e-05	1592554.980966611	4.672115151229169e-06	0.026737805427169546	2848498940.246787	50635.118683068074	2848549575.365471	0.0010281341618004268	-1065070.2995674848	3.4427270146723134e-06	2.3582663554684284
5319.000000026335	29736764268.21705	407631.1416163892	29737171899.35867	0.00046374416985717367	149.6176396856036	1.935302383778067e-06	-12.896865015974441	2.36308031577389	36646.7858685803	2072310732.2487307	14315.888895593582	2072325048.137626	9.730117191060311e-06	1664625.69325263	4.62548182879381e-06	0.022331833769399866	2848485975.530973	52663.440741653554	2848538638.971714	0.0011072010242546126	-1100091.8221861972	3.379775997412712e-06	2.538376168991715
5359.500000028447	29736691211.963524	439403.8672988415	29737130615.830826	0.0003803498015890518	52.35981353693294	1.9001473847174176e-06	-12.940095846645367	1.9368898593640589	35990.23835684361	2072308481.4318566	14248.482462786136	2072322729.9143193	4.6294007268795396e-05	1723261.9287077035	4.5859222384030615e-06	0.10620997025116585	2848479229.3708024	52515.443672581576	2848531744.8144746	0.0008397593477855116	-1214362.8116015776	3.26644679777939e-06	1.9248208543880834
5400.000000030559	29736480139.532986	604700.8109261394	29737084840.343918	0.00034380335345927303	79.22028113459662	1.8593496074235592e-06	-12.988917731629392	1.7492644069690892	35240.553410713226	2072298336.2272196	20084.109116137028	2072318420.3363354	0.00029183135246042705	1942366.8179050616	4.484475823933233e-06	0.6699509582526187	2848483436.6019034	49604.051476329565	2848533040.6533804	0.0007231612003908935	-1383552.8058406806	3.19870642239525e-06	1.6563747393439374
5440.500000032671	29736419866.406776	648952.0654598325	29737068818.472233	0.0002745168050524494	121.61666783780547	1.8785146013396151e-06	-13.000299520766774	1.396374292657024	35575.02661351415	2072282824.7793567	28731.576204016805	2072311556.355561	0.0010550513880856762	2078754.5992958779	4.436662047808392e-06	2.422493129404007	2848494537.0869913	44177.09400091693	2848538714.180993	0.0004069461796888582	-1407313.367318358	3.294491971347419e-06	0.931545577071359
5481.000000034783	29736445394.430347	624282.8479088843	29737069677.278255	0.000203483111955646	-7.038857226867763	1.9187025712416374e-06	-13.000299520766774	1.0358022281917838	36311.82865102566	2072266883.2739725	36284.36487270519	2072303167.6388447	0.0013542716419937006	1899043.1927648103	4.5280049591863544e-06	3.109657086214909	2848505004.308151	39464.97686310298	2848544469.285014	0.00018301911231716398	-1270521.5408305598	3.383788114281669e-06	0.41896024746471416
5521.500000036895	29736289655.676617	751242.7705555111	29737040898.447174	0.0001509304279622907	-11.818179860352203	1.9148985408439627e-06	-13.030151757188499	0.7686759493596749	36232.312986795245	2072262719.4900737	38782.149092610925	2072301501.6391664	0.0008588846256318291	1801465.867863178	4.582380934462182e-06	1.9731413723251574	2848509789.605324	37918.05066014081	2848547707.655984	0.00012078188112563374	-1184404.0313805577	3.376180713801869e-06	0.27650133513803665
5562.000000039006	29736204857.300804	819952.2792929038	29737024809.580097	0.00012738391154550055	46.276625176669405	1.926116369001195e-06	-13.039337060702875	0.6483692140826794	36488.881728531516	2072261344.4409976	38360.61545011401	2072299705.0564477	0.000500037529332958	1804218.550935003	4.755290034164451e-06	1.1473985994093707	2848509581.447512	37982.12026865035	2848547563.5677814	0.00011640089530326819	-1107971.497451861	3.321937062341563e-06	0.26633167743149255
5602.500000041118	29736298435.189228	725173.9410739765	29737023609.130295	0.00011881014723524282	58.88746015014128	1.9419647391387604e-06	-13.041932907348242	0.6040138488467091	36821.92143453352	2072258380.6289012	38092.189456135035	2072296472.8183572	0.0003064255193645309	1723661.0030202293	4.816664558287364e-06	0.7020511147293544	2848508141.5066833	38110.88401359506	2848546252.3906975	0.00012154497731105767	-1021374.5835919254	3.3269046052877946e-06	0.27787404925240644
5643.00000004323	29736339955.361526	662655.8011781722	29737002611.1627	0.00012898414292657678	80.72210650023527	1.948280038360433e-06	-13.051717252396166	0.6552712362717801	36912.15562217657	2072259831.0510414	36912.171238422394	2072296743.22228	0.00018755924013875213	1652219.9410321254	4.849755781128264e-06	0.43031286592318574	2848504264.170812	39356.56450286321	2848543620.735315	0.00019541849866859483	-932683.0675310411	3.352936758578503e-06	0.445947900773757
5683.500000045342	29736193717.185097	791980.394862339	29736985697.579956	0.0001736291657528259	148.87471536730638	1.9861705567950802e-06	-13.06829073482428	0.8823256515516783	37544.362341359774	2072261422.980452	34459.658869728446	2072295882.6393218	0.00010243851219608171	1642768.8508934462	4.864311914234984e-06	0.23489283568228186	2848498641.675531	42352.49931325391	2848540994.1748443	0.00035955545719491296	-855774.789963283	3.5366894733381603e-06	0.8202440398943626
5724.000000047454	29736123789.49417	841666.6720765382	29736965456.16625	0.0002173400569544415	245.85798455310695	2.0639271199719123e-06	-13.09744408945687	1.1060427995272255	38918.94898374151	2072262660.1776104	29880.754760250446	2072292540.932371	4.199406928925499e-05	1602541.329026284	5.026501777082858e-06	0.09619536507491805	2848490537.588786	47122.74588644132	2848537660.3346725	0.0005498638190318975	-795699.6810688722	3.756160229746025e-06	1.2590836121750941
5764.500000049566	29736227583.671764	705117.837606758	29736932701.50937	0.0002915103080400809	193.28046435622	2.078657405031145e-06	-13.13638178913738	1.4833851540178247	39270.15506350786	2072271989.1264985	24664.115513585508	2072296653.2420125	2.1176554200724326e-05	1586447.5037878638	5.195306740156066e-06	0.048523821652655674	2848479457.003861	52515.9311212115	2848531972.934982	0.0008008297566104492	-807788.6500860406	3.7085263256016456e-06	1.8336658129184575
5805.0000000516775	29736219806.97014	690360.7439611257	29736910167.7141	0.00032982704474323547	130.817523503172	2.026027842414883e-06	-13.158945686900958	1.6755661482985622	38353.95606368699	2072276503.571966	23643.197684690356	2072300146.769651	6.356187625797212e-05	1719428.4231536125	5.107011895992111e-06	0.14583071072653253	2848476141.493539	56946.532589279115	2848533088.026128	0.0008852577138950822	-930822.6656169193	3.5635678708288863e-06	2.020884995297861
5845.500000053789	29736312714.052563	592375.2113248408	29736905089.26388	0.0003600821735959647	270.56926653512426	2.0013031258840813e-06	-13.171924920127795	1.831719145363207	37901.81990991895	2072266607.0000138	29286.38291119039	2072295893.382925	0.0005820330143449708	1771134.0962782702	4.880177232984998e-06	1.3336808937483928	2848485470.7826433	58618.37645161524	2848544089.159095	0.0008690051444678098	-950630.955344263	3.599768849343823e-06	1.9915497352660463
5886.000000055901	29736302483.008774	604126.258966744	29736906609.267746	0.0004912688495086117	73.97076257086484	2.011206050706411e-06	-13.171825079872205	2.501280163489958	38123.30027908484	2072263544.8565462	29943.476889848705	2072293488.3334358	0.0002752070854675581	1609762.974428944	4.902620379909362e-06	0.6312536383490883	2848486653.239408	61738.44328324869	2848548391.682691	0.0010840659173309	-793620.9495019087	3.597992762284806e-06	2.485540221191541
5926.500000058013	29736195844.469315	695160.1630938798	29736891004.63241	0.0005351150514558854	82.02763400293603	2.0072771651628005e-06	-13.188598242811501	2.7238604770161894	38045.476535355265	2072277023.4155989	26721.33528247848	2072303744.7508812	6.445728113685861e-05	1542023.0239314109	4.928722493359047e-06	0.14800346949321377	2848476771.8028617	63990.91675937827	2848540762.7196217	0.001107282110775815	-726114.2766354966	3.624149782701084e-06	2.5350147370946594
5967.000000060125	29736202865.07576	678778.1969641672	29736881643.272724	0.0005998164274800318	137.56487982575558	2.061677773851234e-06	-13.19508785942492	3.0540568727445363	39007.16315732793	2072288934.3357887	22486.00063547119	2072311420.336424	2.0592828496621794e-05	1603516.193014138	5.047413581683185e-06	0.047253853126347126	2848464297.2293835	65077.4050505245	2848529374.634434	0.0011909969301265883	-736447.4920722783	3.787024842833566e-06	2.7292903070191152
6007.500000062237	29736163998.777386	698786.968328409	29736862785.745716	0.0006660065591828269	101.86984270332154	2.114238804871746e-06	-13.231829073482428	3.3899113956110174	39983.40741742865	2072298560.1787982	17721.796238422394	2072316281.9750366	1.1593432321031151e-05	1691416.6315506864	5.462459167291962e-06	0.026601282360845614	2848449004.74301	65192.333949343294	2848514197.0769587	0.0011819490822683769	-845466.6170368915	3.6594434946088393e-06	2.709129106286152
6048.000000064349	29736248831.11416	574827.8903878778	29736823659.00455	0.0007175707007198233	-7.533891933982396	2.1062517792447965e-06	-13.268769968051119	3.645391036930914	39837.25694312733	2072305780.476737	17741.19367401302	2072323521.6704109	0.00010424442056324458	1809649.012694737	5.385119073539302e-06	0.23913699455080858	2848441662.7962284	64731.70971731609	2848506394.505945	0.0011918854770083523	-1024779.2252215422	3.6893183046111655e-06	2.72387527547029
