5.923809031895941
Time 	 Eb 	 Ea 	 Ep 	 phi_d 	 phi_z 	 KED 	 MLD 	 K 	 E_k 	 Eb_D 	 Ea_D 	 Ep_D 	 phi_d_D 	 phi_z_D 	 KED_D 	 K_D 	 Eb_U 	 Ea_U 	 Ep_U 	 phi_d_U 	 phi_z_U 	 KED_U 	 K_U 
944.9999999967719	29021125930.103626	20473598.298187733	29041599528.401814	0.0025314396838083727	-13681.859029233434	3.129217670406499e-06	-9.065894568690096	11.792994715230614	58268.58212995427	2072683409.6986365	74904.79518481158	2072758314.4938214	0.0021074313580366527	2093461.1866491667	9.521924951122593e-06	4.341157676127614	2849349213.6931005	56472.29397626128	2849405685.987077	0.03387391680782775	-2160938.9482799033	4.970765274612632e-06	71.23309167934676
985.4999999965816	29021705181.573864	19759614.40192175	29041464795.97578	0.0023939526480868936	-11498.025846655364	3.1335862788057773e-06	-9.196086261980831	11.130748079148118	58351.532024341395	2072647353.310432	74708.99015532807	2072722062.3005872	0.0017252540754693754	2164266.2564125117	9.598634035334148e-06	3.5401207873599847	2849336859.2072005	55698.771231959574	2849392557.978432	0.03299441357826981	-2164156.5961372154	4.930986123944533e-06	69.22808636252485
1025.999999996429	29022404912.544006	18929756.03470874	29041334668.578716	0.002217766401707083	-6062.771449646663	3.132306194136598e-06	-9.335662939297125	10.316256017540862	58340.698228944864	2072621753.948899	74888.47626686654	2072696642.425166	0.001362056107701544	2198720.0864106356	9.601732737636915e-06	2.7978375176087464	2849323892.6020675	54987.569441743195	2849378880.1715093	0.0319374411412932	-2162527.2572707226	4.896604012580743e-06	66.88590761479706
1066.4999999970062	29023109183.701355	18119868.435920954	29041229052.13728	0.0025413694335540476	-4938.952794861661	3.1223685090336488e-06	-9.452975239616613	11.80988409201848	58174.59391452372	2072600174.4667742	74999.91510560455	2072675174.3818798	0.0012032086681729058	2209046.309441359	9.572791143695043e-06	2.4541015233805292	2849310334.265471	54378.87882988806	2849364713.144301	0.03162410703027682	-2156992.189954652	4.871155108313129e-06	66.2083124197818
1106.9999999975832	29023802009.439396	17330181.156527996	29041132190.59593	0.00773278170740912	-4038.2150853656403	3.11216723489214e-06	-9.524161341853036	35.85796654068296	57988.69126044687	2072581145.7336326	75033.56210236344	2072656179.2957354	0.0012526135634241728	2218095.744224237	9.519214617595014e-06	2.540026239393407	2849296311.172177	53803.27598560229	2849350114.4481626	0.031131919341644353	-2148397.3426249214	4.857878054236973e-06	65.33658855458859
1147.4999999981603	29024476053.211723	16564717.133119583	29041040770.34484	0.021787998209569292	-3245.4625973444213	3.0981843621770117e-06	-9.60882587859425	100.99729942485412	57717.24067961637	2072563965.321433	74941.23189984912	2072638906.5533326	0.0014123167526734562	2221510.6117051374	9.422438532193803e-06	2.866132071531001	2849281881.7080207	53185.862040018656	2849335067.5700607	0.031223287174337543	-2137831.35080653	4.8572246585941285e-06	65.96268251344324
1187.9999999987374	29025188272.99283	15764113.656955242	29040952386.649784	0.024590228033579756	-2752.323503836405	3.0819694077810164e-06	-9.679812300319488	114.34409204554422	57418.86749187732	2072548338.689754	74518.25842018238	2072622856.948174	0.0014739169818077853	2219394.160591473	9.295104318330473e-06	2.997815379467356	2849266815.424999	52579.68638933031	2849319395.111389	0.030934242967830518	-2125726.502898316	4.866779441063444e-06	66.09346048487562
1228.4999999993145	29025950992.96774	14914487.474637985	29040865480.44237	0.019077909028338495	-1903.0873618237415	3.0675502892363278e-06	-9.753494408945686	89.06984611309335	57133.57266850558	2072534219.4979126	73633.78674271051	2072607853.2846558	0.0015996122999869667	2224278.0120110293	9.181534305801457e-06	3.2301363661344906	2849250835.8940897	52100.5518909418	2849302936.4459805	0.030142235494707747	-2112008.11184243	4.8794206725613955e-06	65.12318204285064
1268.9999999998915	29026705081.128883	14077960.997015	29040783042.125896	0.013427876376718917	-1456.4992799663637	3.059277001865064e-06	-9.830670926517572	62.64934173449887	56954.64899529012	2072523942.7463598	72507.45416412223	2072596450.2005239	0.0016303422067927096	2217720.3487939723	9.109689907242038e-06	3.2228974134951986	2849233764.1318765	51861.719030267086	2849285625.850907	0.02987497767652151	-2097659.76320667	4.886917808874579e-06	65.0692317620114
1309.5000000004686	29027541821.26144	13157712.763716936	29040699534.025154	0.008760589429949325	-2193.829425744664	3.043011355639027e-06	-9.904053514376997	40.56165390286835	56678.848024547595	2072514725.4926376	70782.06608847436	2072585507.5587263	0.0016198523437528725	2191333.6573901675	9.020788927536674e-06	3.1597407751718696	2849215443.690263	51928.85890670958	2849267372.5491695	0.030263044539131784	-2083963.8999971515	4.8887863651303856e-06	66.27952829929139
1350.0000000010457	29028081681.004147	12539535.739052057	29040621216.743202	0.006170984769856738	-1307.3490874476547	3.0334485138617516e-06	-9.979732428115016	28.429013871580377	56514.37372520565	2072508171.2940264	68883.25609156862	2072577054.550118	0.001600922059708612	2204718.7618493596	8.957312157896961e-06	3.0750351609910087	2849195989.897557	52313.10185817396	2849248302.999415	0.030337646218167938	-2072458.4639486682	4.892020329047611e-06	66.60434795687732
1390.5000000016228	29028128568.730885	12421703.1978848	29040550271.92877	0.004471572359479793	-1251.4842400009863	3.0257563424152974e-06	-10.041932907348242	20.430329246034326	56369.35205263032	2072503357.245786	67331.40114676859	2072570688.6469326	0.0015663478440169029	2200355.963367634	8.891398525236612e-06	2.947452791464741	2849176109.810437	52780.110345912166	2849228889.920783	0.029445908243213352	-2063889.9687879584	4.897453688918614e-06	64.51457151113998
1431.0000000021998	29028155641.305176	12319828.820432425	29040475470.12561	0.0031350810234120393	-1327.415563439565	3.019321837788915e-06	-10.116114217252397	14.209677212068287	56227.196586592145	2072498545.7306514	65957.9911966864	2072564503.7218482	0.0014747328715346143	2199623.3287043767	8.839033562351965e-06	2.7390466880595556	2849156047.9701886	53313.29785490036	2849209361.2680445	0.028425545741116175	-2058446.7649164072	4.926520826981195e-06	61.89995971020805
1471.500000002777	29028002611.101273	12403778.891015293	29040406389.992294	0.0023707478493065703	-916.8761982094663	3.026340816112775e-06	-10.181409744408946	10.662379026144999	56322.91403704017	2072494633.801779	64728.55635824892	2072559362.3581374	0.0013632062666652975	2202302.1801169636	8.755594432168619e-06	2.494383985126286	2849135908.4042864	54068.3946368047	2849189976.7989235	0.0280282200853884	-2055963.3709997067	5.009114260592973e-06	60.31755479140791
1512.000000003354	29027729170.206947	12608777.360834837	29040337947.567783	0.0009066090840992269	-817.0298176406175	3.0162628035104776e-06	-10.246006389776358	4.046827680662643	56111.51420873749	2072492179.8824716	63432.23204476758	2072555612.1145163	0.0012321858229260095	2209928.3326530997	8.618310476724921e-06	2.216527610362259	2849115348.533705	55572.113051849876	2849170920.646758	0.0233318987633881	-2059066.9784413886	5.066408676292805e-06	50.10548067102352
1552.500000003931	29027520458.492584	12752477.135501385	29040272935.628086	0.0011826466603673755	-736.7474777595944	2.9802333430959318e-06	-10.31060303514377	5.25602150533833	55462.22219644123	2072491908.8105922	61731.30422212649	2072553640.1148143	0.0010738317197174453	2261287.6694672555	8.431213368325159e-06	1.9163826299593019	2849093698.9338746	58282.99215226992	2849151981.9260273	0.031373329010869797	-2107311.452379275	5.038075969884371e-06	67.49056434384609
1593.0000000045081	29027471029.708084	12739048.58019042	29040210078.288273	0.0015328855968326017	-591.8730705084591	2.9485958468730466e-06	-10.380291533546325	6.768280202796321	54868.05123925557	2072475404.6629496	68921.00321631785	2072544325.666166	0.0018657025994409646	2272899.114625262	8.195209014891744e-06	3.317797735299147	2849086978.727401	54077.553046929184	2849141056.280448	0.014828922107004316	-2117240.7896892815	5.066649680593633e-06	32.847557711026575
1633.5000000050852	29027161410.674286	12987916.284996033	29040149326.959286	0.0007567889368171248	-525.7962108457498	2.9329638943721814e-06	-10.443390575079873	3.330277840402306	54545.59490178418	2072473443.0683491	68010.26668328885	2072541453.335032	0.0014665461751661715	2231248.176021424	8.10886040901549e-06	2.5993378039109785	2849067804.4074445	56980.27667499426	2849124784.68412	0.033197956432661414	-2074519.0773017288	5.05852236857032e-06	74.05613286996449
1674.0000000056623	29027137467.750095	12953029.260373116	29040090497.010468	0.0016069662318337447	-643.0631688768426	2.9011735768603946e-06	-10.504992012779553	7.063735290180713	53985.99385262784	2072478468.568248	63898.28026830312	2072542366.8485165	0.001373107278786742	2270688.6239963267	8.059973462258394e-06	2.452962258328966	2849043104.2640924	62435.602345450774	2849105539.866438	0.03943614008323631	-2113624.346076143	4.948789934837733e-06	87.82079777866635
1714.5000000062394	29026898378.540367	13134253.798995018	29040032632.339363	0.005188495356281247	-640.675608123169	2.8991589661676275e-06	-10.562799520766774	23.004249359413286	53828.839221992064	2072456365.9595675	75099.28823470138	2072531465.247802	0.0017971761765638089	2386495.0745847854	8.048998506524486e-06	3.256982409397766	2849042311.865615	55984.24705558643	2849098296.112671	0.018560750183497288	-2230449.329745354	4.95008595850252e-06	41.01600035608122
1755.0000000068164	29026270004.039253	13702751.744882585	29039972755.784134	0.00524517091290937	-833.1428321351507	2.9087215932595246e-06	-10.626198083067093	23.483282862754052	54000.951800479445	2072441261.9004893	80290.61516155396	2072521552.515651	0.0020025252250696597	2313746.5925722537	8.149398644007466e-06	3.671459605334338	2849035543.499814	51595.751807907596	2849087139.251622	0.01524549926891137	-2158784.4405077035	4.926139095761092e-06	33.53587977912762
1795.5000000073935	29026298833.669334	13612240.291384935	29039911073.960716	0.0026801742010816973	-846.7624635635815	2.9231898702896096e-06	-10.694488817891374	12.14952407799254	54171.92702241897	2072431703.5244396	80757.51657322513	2072512461.0410128	0.0016973643160427465	2277103.027993204	8.05611619498239e-06	3.1852650249325754	2849024050.700216	49496.7559598689	2849073547.4561763	0.013832284263133753	-2119984.2914969744	5.065792712434384e-06	30.281860470462817
1836.0000000079706	29025981253.787975	13859429.377086163	29039840683.165054	0.0005527251693720394	272.2985839558871	2.8990539775447126e-06	-10.759285143769969	2.5041822116628163	53821.302684512375	2072424347.1778166	80602.377966634	2072504949.555783	0.0018200531829288221	2256336.726421199	8.139696883158408e-06	3.373943233303031	2849010838.3244915	48565.39876808971	2849059403.7232604	0.0040824670450967165	-2089376.4841085752	5.056474745157017e-06	8.935686940915584
1876.5000000085477	29026090337.83836	13690775.651227236	29039781113.48959	0.00034341767960522333	173.54848229575592	2.930207972431219e-06	-10.812300319488818	1.5759338225002522	54406.07071559804	2072420427.0246406	78507.18443882372	2072498934.2090797	0.0018637540319292678	2224001.0861795614	8.268948688001532e-06	3.5106995554213305	2848995001.6515937	49475.10952117015	2849044476.7611146	0.0017710003755226807	-2057718.1312950389	5.082635958529375e-06	3.895149778053064
1917.0000000091247	29025862930.908722	13857806.90222049	29039720737.810944	0.0002460470047057383	181.15437092374546	2.994271355556851e-06	-10.879492811501597	1.1546309680781977	55459.61917146732	2072422276.18326	73665.7068687221	2072495941.8901284	0.001663538668131858	2189714.099236928	8.311838585767903e-06	3.2795291383168994	2848974719.0407553	50207.00928840739	2849024926.0500436	0.0009705248124232083	-2023802.9247906033	5.33105686212313e-06	2.161542092374155
1957.5000000097018	29026307314.775322	13357433.515603542	29039664748.29093	0.00036553735228557054	384.70985664663374	3.0517785534149942e-06	-10.939197284345047	1.754637166605683	56325.21601461324	2072426023.148354	70038.27168396953	2072496061.4200377	0.0019153947297680068	2136645.657460371	8.465204181297202e-06	4.004848761683234	2848952718.600912	53552.68929821159	2849006271.29021	0.006014808639486405	-1970183.493256429	5.4737812459657375e-06	13.517002925123174
1998.0000000102789	29026436609.891087	13175413.341341736	29039612023.23243	0.0005278606938534531	181.76313910895811	3.0013577274230674e-06	-10.995706869009584	2.5807652518617648	55561.977980234115	2072443102.235855	60830.31247289572	2072503932.548328	0.0007669209848164179	2253192.073639502	8.842335350115144e-06	1.6624385966374062	2848919184.5196943	63158.84460782935	2848982343.3643026	0.025595245669851722	-2084941.4434759044	4.952895995976807e-06	57.43276063992533
2038.500000010856	29025705111.83544	13855815.657161474	29039560927.492607	0.0007092643788964231	344.39180839683695	2.975651557646767e-06	-11.060303514376997	3.4873304041943207	54962.94268213352	2072427423.9514449	69002.96200489439	2072496426.9134495	0.001712647235682699	2410150.742177547	8.784293689853428e-06	3.7300631655975507	2848913993.8740044	60363.397093934465	2848974357.271098	0.011009784808858527	-2244560.2064578393	4.867530901006638e-06	24.520971894379098
2079.000000010258	29024514645.18751	14992716.652922392	29039507361.840435	0.0006799081351596186	307.8440095841107	2.961215792124624e-06	-11.11841054313099	3.343241787842892	54770.18652749033	2072415373.6771655	78862.74538840167	2072494236.422554	0.0023113072509913625	2353738.0275242585	8.424573044424054e-06	5.084047226019807	2848906001.1834483	55617.27184357889	2848961618.455292	0.0025199940862130274	-2169253.133995131	5.0530133377220856e-06	5.553874641005318
2119.5000000093005	29023840995.083027	15619260.493641853	29039460255.576668	0.0004350867880199602	117.95680104215367	3.0333376015031534e-06	-11.206968849840255	2.136232565240016	55902.08436984514	2072410843.8691583	81000.61700424086	2072491844.4861624	0.0020294311560519747	2278225.8561660917	8.661986503265447e-06	4.395234694717616	2848892817.363616	57171.311030663775	2848949988.6746473	0.0017738813110623074	-2082704.5341949833	5.213096186372751e-06	3.9462988261960765
2160.000000008343	29023805582.39317	15607059.324349165	29039412641.717525	0.0009242977791646832	456.46382756378813	2.9858329411794247e-06	-11.25089856230032	4.567087501955209	55048.945693250826	2072415244.407565	76035.68829707893	2072491280.095862	0.003284301215013488	2211368.0091744387	8.379065929614153e-06	7.16771389972605	2848873893.0764465	61992.56746428087	2848935885.64391	0.014758162376178744	-2018765.3652173483	5.1985467922540216e-06	33.09033833633613
2200.500000007385	29023417905.970657	15946033.439468982	29039363939.41013	0.0006142773673360463	128.17530077742214	2.9708088278584903e-06	-11.312300319488818	3.01703502500163	54774.96442382544	2072427440.3530483	69763.78695530444	2072497204.1400037	0.0021636592290035584	2300437.153588304	8.87200804462866e-06	4.640533774941909	2848846844.031046	66816.85097371694	2848913660.882019	0.007435475896326853	-2136382.029621549	4.7659341808397725e-06	16.639349152411086
2241.0000000064274	29022881862.39092	16426406.477825882	29039308268.868744	0.0005405773238864515	74.25936928329962	2.8934897596348115e-06	-11.36841054313099	2.633672536695677	53330.11169898862	2072413623.7306702	73645.98183966894	2072487269.7125096	0.001324848299270326	2423087.8686805125	8.297865474487462e-06	2.825902180967983	2848837976.983903	63755.094111813225	2848901732.078015	0.004704839188262254	-2240532.005447775	4.828176855420905e-06	10.415076586605672
2281.5000000054697	29022323926.449493	16927150.338083982	29039251076.787575	0.0007291178776089476	440.8689701940016	2.850634943579106e-06	-11.44988019169329	3.5367803207060002	52477.39049045754	2072396502.9300184	78360.52821604908	2072474863.4582345	0.0015288226764000505	2469706.5367655708	8.104899179841473e-06	3.2847644768426427	2848830747.1448607	64909.47538633644	2848895656.6202474	0.006291945080367026	-2260936.571790502	4.757262642206424e-06	13.727562645403525
2322.000000004512	29021563125.25067	17620789.199026823	29039183914.4497	0.0008966409482325232	163.86621680714111	2.7996844931325005e-06	-11.513977635782748	4.370839376973604	51674.661778459355	2072369396.5039694	85451.09682210535	2072454847.6007917	0.0022591429831688788	2364833.9252344696	7.859157814763496e-06	4.906131808187798	2848828694.558163	63054.934256559696	2848891749.49242	0.003642245572354191	-2179545.588788878	4.686337568079147e-06	7.960175029569109
2362.5000000035543	29020863098.440228	18245122.73927045	29039108221.179497	0.0008496096887614285	-66.21331487875183	2.744793714620686e-06	-11.602436102236421	4.152679620121347	50766.6907506674	2072367251.1980352	83441.62416367697	2072450692.822199	0.0033858081249015033	2273160.558240715	7.635193176775876e-06	7.250482357174492	2848814115.97008	63871.63301026262	2848877987.603091	0.0035394597576425984	-2098487.3707934557	4.59446062700514e-06	7.855537420620257
2403.0000000025966	29020237137.80744	18811348.40601015	29039048486.21345	0.0005025587320387518	214.4161687455599	2.735680579272074e-06	-11.658646166134185	2.458563727956857	50576.56834037947	2072370394.3433552	73994.46983749233	2072444388.8131928	0.0025013409321753698	2307542.1436833544	7.56143444598062e-06	5.22140239319521	2848790821.4512377	65072.79517975263	2848855894.2464175	0.002331378284173799	-2121045.415813203	4.646293848580586e-06	5.2855434448992895
2443.500000001639	29019895522.61595	19097613.387484074	29038993136.003437	0.0004942463680498505	267.50639113525096	2.6502195780290474e-06	-11.740814696485623	2.3937284634873053	48859.82251717323	2072363454.8607123	70694.47086246498	2072434149.3315747	0.0010717924348116361	2387746.7491826275	7.187412049501261e-06	2.194211531910245	2848773161.59375	71268.30411284673	2848844429.897863	0.0070706058813651065	-2217219.52045145	4.485829117630106e-06	15.899696826576733
2484.000000000681	29020070448.719215	18848672.000760555	29038919120.719982	0.0008215544276863116	151.5003448962559	2.611355481582251e-06	-11.824380990415335	3.9644034897223035	48094.469115900545	2072358691.1173415	73892.89087762311	2072432584.0082188	0.0010130009115345857	2552390.591263254	6.914673948405372e-06	2.056944560745518	2848764590.8846564	73652.92333826772	2848838243.807995	0.01857709295094914	-2334408.474640645	4.515268446307252e-06	41.69981219475351
2524.4999999997235	29019877339.078583	19018099.179086447	29038895438.25767	0.0013310668326135928	117.82098929904286	2.541782403253732e-06	-11.836661341853036	6.3862784291348875	47009.578586007425	2072325593.0798922	88880.32519730087	2072414473.4050896	0.0023708927732479005	2405520.825401839	6.58360528635304e-06	4.782224504223086	2848773161.0802317	64479.47298739245	2848837640.553219	0.0028280446315803566	-2258900.423258213	4.433596362974831e-06	6.304881705929711
2564.999999998766	29019576027.81344	19235408.72792697	29038811436.541367	0.0009178537257370219	28.03792176455172	2.502620288193117e-06	-11.919329073482428	4.401430353511442	46335.21891486278	2072311520.5845256	86388.6802748926	2072397909.2648003	0.0022388222658592297	2458661.4945918033	6.5443075901682275e-06	4.607181619014611	2848762888.0468526	63037.76763029862	2848825925.8144827	0.0011281241860429173	-2215820.9319116008	4.268691563598914e-06	2.472743902025192
2605.499999997808	29019378579.83919	19366880.56258464	29038745460.40177	0.000670870913780261	135.3614138945311	2.4686849851493868e-06	-11.977935303514377	3.201688382986564	45716.39475667229	2072303443.2028656	80409.34582207071	2072383852.5486877	0.0015292350912226862	2346842.963111234	6.356769336918893e-06	3.1272768635902883	2848746133.956035	65360.1222411578	2848811494.0782766	0.001541940399972119	-2163420.220928314	4.2696335502986855e-06	3.3615179733828646
2645.9999999968504	29019555169.91668	19122337.826519966	29038677507.743195	0.0006222961848649088	363.33118307457244	2.4664157960161384e-06	-12.057008785942491	2.998330171278369	45630.06305963101	2072302907.1687179	74136.8643473247	2072377044.0330656	0.0015830105080999503	2407816.082462551	6.227857068237268e-06	3.224148824340748	2848727326.021623	71990.88233332965	2848799316.903957	0.004250938321627113	-2197745.9463262055	4.336464973861642e-06	9.484466387052644
2686.4999999958927	29019908480.323025	18715876.723258972	29038624357.04628	0.0010939856583676193	186.27185263624992	2.4809079294170694e-06	-12.114816293929712	5.315690525573622	45873.13220562083	2072302010.3901186	70216.91794581339	2072372227.3080645	0.0008681636927895649	2423153.3766937563	6.32020018464368e-06	1.8022275609086498	2848710642.5527267	79062.51446043653	2848789705.0671864	0.021562890009095715	-2271793.439201723	4.358802013720576e-06	48.22043057981261
2726.999999994935	29020171790.7819	18392924.488946676	29038564715.270844	0.0013038697338323677	59.44968369721277	2.4327831203665505e-06	-12.174420926517572	6.320559351121916	45028.03291401128	2072278004.8650663	80588.72335095145	2072358593.5884175	0.0018043771435629324	2617213.4290375384	6.2601140928650945e-06	3.7858349607723367	2848712999.308446	74498.8832925693	2848787498.1917386	0.009760695646292785	-2429507.4941025684	4.2053977448479485e-06	21.565749868477905
2767.4999999939773	29020785323.6059	17733573.558447123	29038518897.164345	0.0009753515584745923	161.15497088465514	2.3942601934540923e-06	-12.20736821086262	4.680913516992037	44363.50719715509	2072256005.242155	88558.11127004492	2072344563.3534253	0.002678693644373324	2529906.498034728	6.0825449686755e-06	5.579248213166123	2848715518.0589523	67666.51234318898	2848783184.5712957	0.0018592678076906686	-2321435.5311776027	4.09709306938296e-06	4.04831283780894
2807.9999999930196	29020474832.29404	17987503.842512608	29038462336.13655	0.000872685635062267	58.13612930627404	2.3732815325487496e-06	-12.253993610223642	4.130166027205919	43977.437433821804	2072246677.0750434	86018.38316328729	2072332695.4582067	0.002895336537587294	2411433.549413011	6.1385750883071285e-06	5.954770296147508	2848704797.115706	67631.98031996726	2848772429.0960264	0.0018569595186958986	-2279048.0445201173	3.994693503073018e-06	3.9645386606548296
2848.499999992062	29020984234.79002	17411768.54564047	29038396003.335655	0.000652559485459784	115.07627619454667	2.3564983722936526e-06	-12.321585463258787	3.051874897671518	43598.18602332925	2072246490.8169167	82140.78186954836	2072328631.598786	0.0012199133436123282	2478189.0205314937	6.067377392071433e-06	2.477809589698984	2848692077.6904306	70665.0889250394	2848762742.779356	0.002328700512831065	-2305763.2278707935	3.983862825559033e-06	4.888396829960396
2888.9999999911042	29021158580.590343	17200130.133420944	29038358710.723763	0.0007486351275271219	160.25547939445389	2.3521051228135875e-06	-12.366014376996805	3.5104536074429857	43488.82352078105	2072236303.4512107	75996.37551193312	2072312299.826723	0.000977318549893295	2476076.719718636	6.0616076221578035e-06	1.9922884051304872	2848678706.6014514	74850.57475859718	2848753557.176211	0.006278531847733564	-2309718.77405906	3.943874549007552e-06	13.201735218041321
2929.4999999901465	29021793560.023556	16499517.141490223	29038293077.165047	0.0008137242739396186	72.69382688883124	2.324905505477351e-06	-12.442991214057509	3.8432439895713113	43069.93258430394	2072232147.0715442	78305.31080623716	2072310452.3823502	0.0011190725007564364	2494000.253652919	6.031777162149097e-06	2.2881551275574576	2848671276.3019643	75641.6183850104	2848746917.92035	0.0067502896520616855	-2301457.6975526093	3.85128164211825e-06	14.407768839352126
2969.999999989189	29021690135.320282	16578710.612921476	29038268845.933197	0.0009873185203054446	11.181278856433375	2.292279847719001e-06	-12.463458466453675	4.646712789604109	42484.89003433096	2072231719.0102577	80588.39348380733	2072312307.4037411	0.0016980161465533208	2515713.3447974594	5.992869191979336e-06	3.495504266252682	2848663289.332312	75313.05364181986	2848738602.3859534	0.008663251688408037	-2367033.4021215937	3.734573362810083e-06	18.301310427520264
3010.499999988231	29021983805.172234	16247943.920688154	29038231749.092922	0.00092446400539187	136.42784759985824	2.2696539619064547e-06	-12.494408945686901	4.3140685635004825	42030.2433752167	2072208402.0874114	86619.14418816379	2072295021.2315993	0.0020548975651903793	2598505.0995488907	5.876400549945094e-06	4.169876993131736	2848663603.5423865	70238.40904878336	2848733841.9514356	0.0032487279485767656	-2429606.570173535	3.714232470514101e-06	6.806168189250621
3050.9999999872734	29022411512.60067	15763059.009599686	29038174571.610275	0.0009151087789110913	182.63282234108772	2.2816183940277563e-06	-12.556908945686901	4.2447747167337475	42182.734637749665	2072199132.2587867	87386.44400051607	2072286518.7027874	0.0031677352341883147	2443577.081694139	5.784277351224368e-06	6.299952824729645	2848657257.9353065	71939.41889846069	2848729197.354205	0.0017534890262973165	-2339605.7253148775	3.7513060868395827e-06	3.685783163535711
3091.4999999863157	29023228562.62331	14900455.24827838	29038129017.871586	0.0008907990164327007	103.59810124773942	2.27725528965562e-06	-12.599141373801917	4.130867293316726	42106.89319269593	2072207018.2279367	82614.7624658104	2072289632.9904025	0.0018124960434738682	2422270.3928765026	5.725637336533373e-06	3.5912743186944627	2848642178.2762375	79652.71872691065	2848721830.9949646	0.0027736454594497503	-2321938.6789359497	3.898549634410212e-06	5.833414633929024
3131.999999985358	29023255375.082443	14851375.649034977	29038106750.731483	0.0010336108464495159	110.66251409518401	2.2855310134410277e-06	-12.62959265175719	4.786921244830988	42333.573150482436	2072202277.897514	81174.00252207367	2072283451.9000366	0.0019052181041520973	2544413.5265602814	5.575661172377739e-06	3.74936397913157	2848632504.5577707	84368.16624512966	2848716872.724016	0.0043730178157075274	-2340091.4835731005	3.986655655467354e-06	9.217443928022059
3172.4999999844003	29022639033.801277	15440739.584349634	29038079773.385628	0.0009791405652535713	202.67751063353563	2.279674518260963e-06	-12.652056709265176	4.564085924758885	42251.44092077311	2072202912.3562841	83249.31961891054	2072286161.675903	0.0020678542045023344	2481474.313810981	5.567029317584263e-06	4.0286924414780625	2848624889.553792	88318.00291958242	2848713207.556712	0.004817801366337865	-2344411.4253242463	3.993290206557209e-06	10.377499516511405
3212.9999999834426	29022030250.175343	16018736.6107049	29038048986.786045	0.0010392125032084316	26.110205112632716	2.277662656485185e-06	-12.687699680511182	4.853992550401309	42237.07147979392	2072195886.2961512	82931.94889588188	2072278818.2450469	0.0018665029093201885	2506625.121687986	5.616432711225449e-06	3.616536930681455	2848616697.1463118	90015.51409858324	2848706712.66041	0.00507870925642874	-2368141.5182854114	3.940046235154693e-06	11.056904655598952
3253.499999982485	29021258929.007397	16745109.79444027	29038004038.801838	0.0009010126445130019	-140.64551918993567	2.288139752885198e-06	-12.73961661341853	4.192631106234823	42445.377551253085	2072189511.8260221	87278.6764355721	2072276790.5024579	0.0023599743715013565	2510811.670506276	5.598914095638566e-06	4.6098328058299085	2848614273.478213	84064.06895064679	2848698337.547164	0.0030563744874376004	-2407768.3919799337	3.954531771022593e-06	6.569946067621681
3293.9999999815273	29021224719.93719	16749583.351030827	29037974303.288223	0.0008063918796453144	9.732519466945643	2.2683453826270064e-06	-12.773562300319488	3.701950920102608	42013.809351358876	2072184305.226972	86517.04158635065	2072270822.2685583	0.002552852871450337	2529432.004180285	5.465757562253915e-06	5.049178802838557	2848606835.4287844	81272.07268878235	2848688107.5014734	0.002229319450808478	-2395631.5411260994	4.028322017819298e-06	4.6837982644808
3334.4999999805696	29021293589.60444	16637688.714864494	29037931278.3193	0.0007028286579316428	33.660217788667524	2.294703156218477e-06	-12.815095846645367	3.172464282466374	42512.35513292898	2072188986.0066218	81605.61998463514	2072270591.6266065	0.0017853729441257623	2512112.4162559197	5.449200854985109e-06	3.528295373542052	2848593094.680152	81334.21165325725	2848674428.8918056	0.002559261886394592	-2340988.1652937056	4.162609471565854e-06	5.215541973243008
3374.999999979612	29020246526.229958	17655903.293073893	29037902429.52303	0.000613934058946241	116.95824281464292	2.3207142794612902e-06	-12.837559904153355	2.751900206883182	42963.95677152387	2072194052.060734	76080.77737103494	2072270132.8381057	0.0018034512568781088	2488571.090576963	5.4854121142223704e-06	3.569957246173316	2848577167.492312	83093.16752745886	2848660260.6598396	0.002779716279109885	-2345046.9731968185	4.225225100662241e-06	5.576999353931006
3415.499999978654	29020990637.17762	16873062.610756636	29037863699.78838	0.000558770683062174	203.61058584067766	2.294580550153868e-06	-12.87879392971246	2.5008348139124257	42566.617003210195	2072200518.4762435	73719.58997561224	2072274238.0662193	0.0014552630348878964	2528404.7198584517	5.4815888296839835e-06	2.8846814439996797	2848562538.0472574	88230.6121201848	2848650768.6593776	0.0037449486353243137	-2359318.1637353254	4.163712955340624e-06	7.4963955358045276
3455.9999999776965	29020520773.9637	17324707.55101204	29037845481.514717	0.0009108435671295573	211.9039904308483	2.2634744527186732e-06	-12.89007587859425	4.102418809766142	42084.23891244569	2072203107.6539145	73635.06277889665	2072276742.7166927	0.0011758967784621338	2457140.734386798	5.416049946253083e-06	2.3687627818777393	2848549862.5689397	91948.78981201863	2848641811.3587523	0.007271194128040928	-2376637.674848809	3.973417528296835e-06	14.543296506181278
3496.4999999767388	29020295087.034843	17512218.20198357	29037807305.236824	0.0013064731753162804	50.22158857235803	2.2203762283239754e-06	-12.935902555910543	5.900017043908305	41277.480452597156	2072202144.7222917	81736.10794166476	2072283880.8302336	0.0016680884262261755	2474490.32817325	5.44096002256385e-06	3.432726219454176	2848545784.8461404	91342.58973390025	2848637127.435874	0.008873377137573801	-2379991.397686099	3.842765708240684e-06	17.5030164462487
3536.999999975781	29020354148.452587	17441301.513180733	29037795449.965767	0.0012704926934882681	-68.87802425593581	2.210083509069874e-06	-12.959964057507987	5.727841520836913	41118.02228863037	2072187173.894067	91937.23740670923	2072279111.1314738	0.002242298661585258	2640684.27456133	5.498347570192634e-06	4.6070611249290145	2848548410.9604883	85247.526121821	2848633658.4866104	0.004828083280485455	-2464896.583819297	3.74431132452003e-06	9.422783571130301
3577.4999999748234	29020689864.762276	17077667.35056305	29037767532.11284	0.00126166771636123	-29.576808032418942	2.231730200428268e-06	-12.986821086261982	5.668688654413137	41557.45976011928	2072171197.0558362	98155.95178453716	2072269353.0076208	0.0023568603770013716	2562506.9010969875	5.578804484495298e-06	4.769349245663414	2848550902.652905	78037.80122576607	2848628940.454131	0.0024483193049669475	-2376131.9438719293	3.724685948576192e-06	4.767414763296293
3617.9999999738657	29020614206.473392	17115806.45466423	29037730012.928062	0.000881333811918566	-101.92929715824435	2.2372007312269766e-06	-13.028853833865815	3.960964463275735	41630.24603618799	2072174947.6729224	93562.05871649364	2072268509.7316387	0.0031793159540750805	2426272.9084319538	5.765451290515613e-06	6.39115682999143	2848540649.9227295	77475.50905825454	2848618125.431788	0.0016620367945368417	-2256265.7494292036	3.6404896874139315e-06	3.252158811700199
3658.499999972908	29020906912.205833	16791822.933081627	29037698735.138916	0.0005811903748553931	-57.84819175403614	2.2258105290363855e-06	-13.05780750798722	2.6404171885396615	41438.89030347767	2072187354.221324	82173.34222751018	2072269527.5635514	0.0027002567496067767	2436620.603870578	5.7494282953649266e-06	5.386687620222247	2848520168.9922953	80588.69203730277	2848600757.684333	0.001604505314973863	-2225532.166216235	3.6206217024781343e-06	3.2290010143974266
3698.9999999719503	29021383778.27799	16284555.238622904	29037668333.51661	0.0006602126865537206	118.59481026782561	2.2050074762099495e-06	-13.094448881789138	3.0054396614717716	41074.43632154801	2072192683.4576085	76365.80285985582	2072269049.2604685	0.0015331853104889285	2389741.2478097077	5.673755551585658e-06	2.979158723528379	2848505616.392337	84763.73778935148	2848590380.130127	0.002427609105600785	-2244297.6233959617	3.5403520875357983e-06	5.007138246995164
3739.4999999709926	29021864334.466194	15762394.581084728	29037626729.04728	0.0009422330442309003	101.68386640406223	2.1698774817208192e-06	-13.144169329073483	4.284756609472323	40435.136992722895	2072199863.0330133	70763.0779776359	2072270626.110991	0.0008057110698154907	2365957.7360187457	5.688468602672484e-06	1.5479021352331788	2848490178.535587	90097.82853108854	2848580276.364118	0.004393636549246828	-2224275.9419234367	3.4369547474804372e-06	9.142197164390433
3779.999999970035	29022366053.182884	15229744.641643643	29037595797.824524	0.0010265560899796328	-89.40399473834695	2.1564619553420007e-06	-13.17052715654952	4.681424440212822	40178.91666526119	2072205784.6912172	65587.28847729228	2072271371.9796948	0.0006929198800056187	2391456.9055663375	5.621713810734052e-06	1.354286945482103	2848473989.168919	93350.44799704012	2848567339.616916	0.0053980447902969644	-2269729.8584182416	3.344995126146834e-06	11.21652675500022
3820.499999969077	29022777557.249126	14780594.52749896	29037558151.77662	0.001021665143734779	-35.00405615525366	2.1285093210387554e-06	-13.210762779552716	4.7052509906724564	39684.47539284766	2072202295.978836	69431.12644627597	2072271727.1052825	0.0010483694772022187	2485550.3302182285	5.563620910536534e-06	2.0766164560988125	2848468906.143598	90396.88034805421	2848559303.0239463	0.004063480122927056	-2392613.8515553097	3.284491011007128e-06	8.532287688279668
3860.9999999681195	29023901350.671013	13623850.233549833	29037525200.904564	0.0007109234059534944	113.35179279669099	2.104494879893028e-06	-13.242611821086262	3.2905334870371705	39252.452490072705	2072191048.927198	76473.00402951053	2072267521.9312274	0.0012290476273581167	2608445.3302048375	5.613655787062276e-06	2.438900405289273	2848468995.001893	84834.6489534711	2848553829.650846	0.002178864384820279	-2443020.576373038	3.2014726483931165e-06	4.601579069023887
3901.499999967162	29024330462.498802	13170289.403539896	29037500751.902348	0.0006507165598927514	66.83505107094629	2.1161576268108074e-06	-13.25748801916933	3.0263712415091644	39456.90093592979	2072180385.6037056	81387.54664257076	2072261773.1503484	0.0017031223057611883	2576427.628412226	5.6959281707526035e-06	3.427567115947493	2848467865.9613047	80188.60606455989	2848548054.5673685	0.0014931538354502113	-2353983.6086198185	3.14410498893784e-06	3.1448440792353662
3941.999999966204	29024862135.809498	12613687.697624208	29037475823.507122	0.0005968411779509819	1.375339092369856	2.1077925436640477e-06	-13.276457667731629	2.784588855144535	39298.017073818744	2072184642.2679753	81196.5663786456	2072265838.834354	0.001743054262785771	2533470.5005946117	5.779246658700276e-06	3.5963323676648176	2848460150.6443906	79489.83140749855	2848539640.4757986	0.0014922422449223224	-2315335.6599490517	3.0338185309878545e-06	3.1324468773398393
3982.4999999652464	29025281816.56679	12178743.716053963	29037460560.282845	0.0005711551943001932	-12.140877288804514	2.083661185267572e-06	-13.288937699680512	2.645593762957279	38867.56776681115	2072191212.4387882	77734.7623693021	2072268947.2011573	0.0011538997122601355	2474935.2582826456	5.686275065733764e-06	2.3781224332766837	2848448009.630295	81167.32335773832	2848529176.9536524	0.0015316310529999758	-2271272.46099149	3.0178680300950344e-06	3.1743536176745213
4022.9999999642887	29024981494.354343	12450796.224119904	29037432290.578465	0.0006150722770268832	89.5366288020564	2.078873912278066e-06	-13.319289137380192	2.80060996420406	38799.260835524	2072196363.905815	73424.2428822536	2072269788.148697	0.0009056792067376526	2518201.375430996	5.61868003370302e-06	1.8193917918108788	2848434376.734402	83621.3719304353	2848517998.106332	0.00227040295903544	-2311446.250100667	3.0449370670645517e-06	4.605007540237705
4063.499999963331	29024524761.617218	12877830.914046645	29037402592.53126	0.0006518666516922569	87.10574558676178	2.0868451814758347e-06	-13.351537539936102	2.940973662010256	38909.87209843109	2072192635.0009084	76195.39670491405	2072268830.3976135	0.001400314015400077	2503272.9250409603	5.594816957562919e-06	2.787786306339164	2848429216.197416	81555.6760489922	2848510771.873465	0.0019765700238457964	-2308138.4130458315	3.0883545361801844e-06	3.946653013800598
4103.99999996298	29024326768.27626	13047508.502633333	29037374276.778893	0.0006192331378991648	34.67540657820312	2.107401136421711e-06	-13.372404153354633	2.7806902577382586	39238.7240120135	2072191817.1890943	76338.73040176182	2072268155.919496	0.0012730357467664868	2479105.613448593	5.741053533450851e-06	2.521021716739097	2848421499.7116804	80763.3536263844	2848502263.0653067	0.0018576808897036057	-2284623.1221066406	3.074712865563299e-06	3.692536474021834
4144.499999965092	29024263967.16318	13081419.454516413	29037345386.617695	0.00065359316842865	32.83224366427884	2.099734477009398e-06	-13.39966054313099	2.9834151099090818	39106.953764324106	2072194296.620239	74249.24219733756	2072268545.8624363	0.0012243491765411478	2472357.9915062487	5.723540282091257e-06	2.4801484326338232	2848411791.4547186	81339.94302817085	2848493131.397747	0.0022460969658017744	-2281770.8373706187	3.057484091176997e-06	4.553688448316456
4184.999999967204	29024575848.981724	12741406.291504743	29037317255.273228	0.0005799453958515474	26.441698935388025	2.0826197251988576e-06	-13.431309904153355	2.663477314497682	38828.95278616903	2072198438.2418997	74247.14071779046	2072272685.3826175	0.0013676190574178177	2490069.2018702556	5.641773674258462e-06	2.8076421490594208	2848403337.7587786	81147.44097677432	2848484485.1997547	0.002155993958809102	-2279096.372657188	3.0205513605230434e-06	4.39876704961948
4225.4999999693155	29024591776.576134	12713949.58779037	29037305726.16392	0.0005345787642278217	64.49381837392656	2.0630925233444704e-06	-13.436401757188499	2.4402290161378026	38469.86935121383	2072203839.3689046	76546.67618024815	2072280386.045085	0.0017055617986363003	2554951.2684004353	5.611330666877595e-06	3.434565587348213	2848396777.707306	79938.05729519203	2848476715.7646008	0.0018709909912931243	-2323835.451263368	2.97202642965393e-06	3.789141136254406
4265.999999971427	29024490031.23293	12807503.98259461	29037297535.215523	0.0005335074061309066	112.84433388050454	2.0653068533064283e-06	-13.44129392971246	2.4285609098855554	38469.03782632202	2072199703.3153803	79181.58287463244	2072278884.8982546	0.0014276271975196871	2551383.254655593	5.588351571754502e-06	2.8720586872613203	2848392069.7468767	77780.5116584408	2848469850.2585354	0.0013866867447071354	-2309030.9423661344	3.0177091783860225e-06	2.797202795518475
4306.499999973539	29024853727.27117	12414019.928740025	29037267747.199905	0.0005210199917053289	101.82688807937825	2.0848605304156347e-06	-13.472344249201278	2.3706408437921422	38787.55731803473	2072194277.8291821	79971.90700454451	2072274249.7361867	0.001570909510219401	2507520.129141706	5.68951688693698e-06	3.1943708296927134	2848385852.191906	76615.67435346381	2848462467.8662605	0.0011560347783080261	-2258725.794656501	3.022982118065285e-06	2.3320734257590607
4346.999999975651	29024929252.56241	12304616.386554599	29037233868.94896	0.0004790606587746446	48.74215761390179	2.087057457046482e-06	-13.508386581469649	2.1950950624891137	38821.89879824524	2072193585.1025944	79445.63146441522	2072273030.7340589	0.0014908215812039806	2434698.781832114	5.668113889676607e-06	3.091981866086833	2848377612.422946	76744.77943077998	2848454357.2023773	0.0011255981106767167	-2224560.9407707816	3.023156120448431e-06	2.273566015675779
4387.499999977763	29025434696.00107	11764578.44552517	29037199274.446594	0.00046614131899864433	99.61519939492554	2.064158003953411e-06	-13.541932907348242	2.1557723329548386	38468.75322317268	2072196163.8262744	79216.3346178429	2072275380.160892	0.0016229314695196978	2429195.801406354	5.570131549088942e-06	3.4150378497272817	2848369247.084073	77018.5233136192	2848446265.6073866	0.0012392171374800251	-2190591.7653621603	3.041310524393441e-06	2.5383212214523896
4427.999999979875	29025810525.79428	11369826.07515788	29037180351.86944	0.00048563408448453876	141.7417401213242	2.0773874136841568e-06	-13.565595047923322	2.2491231067394906	38683.39310940165	2072198624.9338527	77774.50260996817	2072276399.4364624	0.001490259952752684	2406214.439273792	5.552845675685872e-06	3.099837895262657	2848359340.635299	78181.21042980648	2848437521.845729	0.001693246866733546	-2146026.606684766	3.0809508021257254e-06	3.46970161914481
4468.499999981987	29025724679.498024	11427357.823225021	29037152037.321247	0.000538923406269205	131.29228204432997	2.0954070645605254e-06	-13.58995607028754	2.4792658730260344	39001.42073985678	2072203245.9066546	75316.75237812009	2072278562.6590326	0.00122951635404977	2386115.60893127	5.619117084869652e-06	2.5003461882765925	2848347819.788539	80077.06666585477	2848427896.8552046	0.002457180438391921	-2107250.730861466	3.1393562802900895e-06	4.994653445648475
4508.999999984098	29025798893.80188	11325598.054378748	29037124491.856262	0.0006060814920767186	152.2995180102084	2.121109841509252e-06	-13.616813099041533	2.7639824999865463	39451.62267466786	2072203299.145835	72972.54949970543	2072276271.6953344	0.0011656518573819534	2383314.672079935	5.656151583182774e-06	2.326759214236175	2848337060.6875753	81691.56911919777	2848418752.256694	0.002975899260672539	-2084901.9011164692	3.2271814619204904e-06	6.0193940596870865
4549.49999998621	29025752580.219368	11336355.403764844	29037088935.62313	0.0007981054009416696	210.75042750375658	2.1515188443168096e-06	-13.65155750798722	3.6439709648519534	39994.206300291495	2072203397.609248	71225.77101394162	2072274623.380262	0.0011241666302736096	2344648.593925157	5.721893195464493e-06	2.2297847864167935	2848327248.1409364	83549.4036817334	2848410797.5446186	0.0034610813636434747	-2054609.1817882606	3.3181932703982946e-06	7.1057866637651985
4589.999999988322	29025877232.827156	11178354.839072108	29037055587.66623	0.0010593144751479652	261.8976959338878	2.1901291733041215e-06	-13.686401757188499	4.915533565527253	40700.907566131034	2072206490.2957857	68963.47736265603	2072275453.7731483	0.0009974082757472935	2255926.731500267	5.801615575767349e-06	2.0009914720748205	2848316842.9194045	86515.72627481211	2848403358.645679	0.003998207270050298	-2013607.735314629	3.420952365546658e-06	8.462656994672843
4630.499999990434	29026404191.788197	10619169.279233694	29037023361.06743	0.0011544407565591249	223.10962941077895	2.208861838208193e-06	-13.713957667731629	5.416959206008676	41090.56997366484	2072216979.670579	66239.5629821131	2072283219.2335615	0.0011177819641218147	2237775.8847920606	5.8879847377706545e-06	2.2283074081735843	2848304989.0195403	89495.67451598542	2848394484.6940575	0.004117089344303925	-1972799.7598055503	3.4925881449986807e-06	8.985925435054323
4670.999999992546	29026310555.065002	10703750.562483788	29037014305.627483	0.0011388619087102808	198.5294473140546	2.233829016902257e-06	-13.724740415335463	5.323264131975805	41562.55947601886	2072231287.730873	61826.011453357525	2072293113.7423272	0.0010791245091950185	2222176.783168731	5.940241313662058e-06	2.158242600334023	2848290041.243926	92856.16926459246	2848382897.413191	0.0040343165182930825	-1940514.9943257195	3.513485225127213e-06	8.688669586015937
4711.499999994658	29026162443.09617	10837298.46740055	29036999741.563572	0.0011487512979331924	235.4420204377965	2.2482786590202173e-06	-13.742312300319488	5.327198333963999	41855.06135005927	2072242180.659605	57631.90103482734	2072299812.56064	0.0008161121212895177	2236216.8621689174	5.959571959464337e-06	1.6154913908924426	2848275017.1936383	96662.02182331982	2848371679.2154617	0.004057181331170331	-1932894.382738932	3.591676711444295e-06	8.630301848213321
4751.9999999967695	29025928591.565178	11049270.484711172	29036977862.049896	0.0012846715878762497	321.95173216593287	2.276549893466084e-06	-13.771865015974441	5.947215414870984	42371.53753262939	2072249633.7630267	55833.970367235124	2072305467.733394	0.0008293029828201361	2247986.436418266	5.959451554936048e-06	1.62150074060533	2848262255.489334	100263.54924675822	2848362519.038582	0.004589884375555686	-1898730.2320045882	3.7429929569515905e-06	9.871997270614905
4792.499999998881	29025358151.409782	11597641.36569655	29036955792.77548	0.0013973634770899721	324.48743088194	2.3039056307512483e-06	-13.801817092651758	6.430170793077963	42865.27867458105	2072260482.909989	49621.32560557871	2072310104.2355947	0.00027024736761940274	2240479.985727572	6.051604908672881e-06	0.5185672405600801	2848242923.9081926	105847.33739976956	2848348771.245592	0.005195739889169119	-1858007.7670061581	3.7931755906276943e-06	11.294920197495882
4833.000000000993	29024382552.81716	12534807.556447983	29036917360.37361	0.0015861955256487863	272.54091370605056	2.331002034013232e-06	-13.851637380191693	7.289111292010339	43363.57248029906	2072278410.0111816	42881.38621796854	2072321291.3973994	0.0001227074284614897	2186384.944014511	6.051439858302131e-06	0.2333355860444122	2848220327.2109866	112284.70549954311	2848332611.9164867	0.00518886251986168	-1862421.448633529	3.906190781919326e-06	11.338305018067219
4873.500000003105	29024062693.61782	12816232.935312035	29036878926.55313	0.0016721057655508232	223.2259405205213	2.3429250351653856e-06	-13.906549520766774	7.677730202471295	43635.08225692879	2072295825.4624815	40416.72659484204	2072336242.1890762	0.00018561427010644387	2278989.6857140614	6.126407511184711e-06	0.3446358398140472	2848201075.2204266	117753.87550468765	2848318829.095931	0.0049716104188135355	-1914654.069861582	3.975750026286351e-06	11.02616182412089
4914.000000005217	29023693053.145752	13172384.798829317	29036865437.944584	0.0015350761462932841	197.2617563096897	2.3542288378059524e-06	-13.938198881789138	7.006700176873456	43858.488250330876	2072303908.9752538	43241.45203836728	2072347150.427292	0.000512982705571935	2353129.24352118	6.112669120397099e-06	0.9509567138039591	2848188367.4672675	121807.87363647063	2848310175.3409047	0.004630432932199061	-1988238.1243666331	3.960206547950758e-06	10.187232617589917
4954.500000007329	29023976359.479465	12867070.431226017	29036843429.910694	0.0018155814240834519	26.45339356342788	2.3529798231713373e-06	-13.974640575079873	8.29974760808334	43764.17950186998	2072303958.963331	50976.70161892939	2072354935.6649501	0.0013371641111732785	2390609.1755480943	6.190509484390178e-06	2.4967515816567816	2848183486.078988	122380.55593662766	2848305866.634925	0.005213217459896971	-2010027.0860052863	3.941034348011468e-06	11.334050796272459
4995.000000009441	29024078339.77358	12747966.726907732	29036826306.50048	0.0019057246836930901	-10.908807728023106	2.3616074976039734e-06	-14.002196485623003	8.78357744519401	43902.46140146307	2072305121.3641133	53855.60204595793	2072358976.9661593	0.00157270718439344	2421035.1353328754	6.274871590886601e-06	3.007711626637374	2848176598.5435915	122204.42181672202	2848298802.9654083	0.005582382198592052	-1982790.6674042942	3.955347979157525e-06	12.072564594093405
5035.500000011552	29024555049.17429	12249245.857566357	29036804295.031857	0.0018437782134853283	3.5329332395633917	2.3625392752525116e-06	-14.029153354632587	8.620001069605475	43923.26262625814	2072308017.3892555	51565.50666597392	2072359582.8959212	0.0010052870087714568	2406160.393821361	6.184953092560533e-06	2.0150554926932527	2848166551.7987995	123762.995487608	2848290314.794287	0.00628818965949873	-1947619.5265291838	4.007874863097442e-06	13.5476189794412
5076.000000013664	29024010041.06211	12763266.186508298	29036773307.24862	0.001974120911243729	61.59764013220457	2.355239293798995e-06	-14.080171725239616	9.372811531941668	43800.573486337424	2072314679.281188	48304.65121929534	2072362983.9324074	0.0007304204157354221	2381702.491980262	6.096951248784936e-06	1.5234482100045998	2848154575.7826076	126891.59525747504	2848281467.377865	0.006960363858706191	-1917979.4976303473	4.022598240590966e-06	14.983438930981077
5116.500000015776	29024874505.0943	11869124.600810649	29036743629.695114	0.0020850823348860384	105.42503729466335	2.358587847198578e-06	-14.119708466453675	9.945784429241069	43828.319808181346	2072324126.4406939	45712.6257095281	2072369839.0664032	0.0007160177084491841	2385054.8747418923	6.110308395182058e-06	1.5227101968732684	2848141350.6135864	130440.55643869983	2848271791.170025	0.007168114126211427	-1918069.0431421036	4.039669851479354e-06	15.361369929223637
5157.000000017888	29025137740.09764	11578303.21690309	29036716043.31455	0.0022435634102359256	148.4885572424713	2.3613354203029556e-06	-14.14966054313099	10.61350497519229	43813.89852924035	2072331524.1681283	45383.732644345604	2072376907.9007728	0.0006746165627752191	2414955.0800177287	6.054431122224914e-06	1.4279645585877776	2848129655.6611514	133118.97638968448	2848262774.637541	0.006767354373898905	-1910725.049221978	4.1147027162083784e-06	14.285698998498555
5197.50000002	29024073327.011906	12618992.15414977	29036692319.16605	0.0021308587745033723	44.36635954499981	2.3761324253097474e-06	-14.181409744408946	9.919944041356256	44076.39409560655	2072337675.9886556	46767.60338677931	2072384443.5920424	0.0008430220682997865	2471520.2532995883	6.1785731579481614e-06	1.7559184194985944	2848118985.2107387	134111.41251411126	2848253096.6232524	0.006143632473066107	-1946657.1342987947	4.07423879890117e-06	12.718727136869656
5238.000000022112	29023747458.55725	12916089.763852715	29036663548.321106	0.0019565994909590523	-43.55743769742495	2.3792229758785646e-06	-14.214357028753994	8.993146846994463	44150.81492813477	2072332331.7086227	52493.36807456053	2072384825.076697	0.0013050551677179134	2534533.369623743	6.259070333857989e-06	2.6630306289493233	2848114203.0871634	132036.377061449	2848246239.464225	0.00494584461844221	-1977250.7441487582	4.054736485350289e-06	10.101181083331639
5278.5000000242235	29023480836.7499	13145788.810325623	29036626625.560226	0.0016305330663789652	-32.616226337544475	2.3902280290139925e-06	-14.253394568690096	7.414662794259301	44361.83936991805	2072321574.2632608	58652.69817859399	2072380226.9614394	0.001489439331598572	2585370.2689785557	6.3591900662450875e-06	3.006001057295221	2848111390.02581	129788.22613844134	2848241178.251948	0.004015134052017901	-1983896.6371600307	4.04131629377566e-06	8.07656982744653
5319.000000026335	29023175878.45696	13411460.435309054	29036587338.89227	0.0015981494209160933	-71.35575485460271	2.3939874925368895e-06	-14.29732428115016	7.1947903859383695	44451.46336171062	2072314697.0249696	64017.95196551457	2072378714.976935	0.001576330075597335	2606077.6984387725	6.505158537105552e-06	3.195755581494881	2848108290.069273	128425.28549751418	2848236715.35477	0.004129497427981442	-1964010.707311024	3.938321882468799e-06	8.121309324824797
5359.500000028447	29022943349.9965	13614036.868390203	29036557386.86489	0.0016044715758732815	-91.65209761482774	2.3902944852454846e-06	-14.332767571884984	7.154373172755164	44389.44924221537	2072314063.5904398	68628.92839241866	2072382692.5188322	0.0020233866812000003	2589948.607884177	6.597688582061153e-06	4.114994132235696	2848105807.139518	126517.23165689757	2848232324.371175	0.004683545095457341	-1948812.8729034099	3.856815081708737e-06	9.029870621615235
5400.000000030559	29022461304.065674	14073839.68416965	29036535143.749844	0.0015112560901812773	-8.749243686653063	2.395806676483614e-06	-14.35792731629393	6.7342518005716245	44485.483184170516	2072312793.352771	70116.90567776933	2072382910.2584488	0.0018206946016812167	2558940.7949645314	6.6615485234921215e-06	3.7782739648560613	2848101901.807273	124940.95112275773	2848226842.758396	0.004259131372242368	-1910932.1826815743	3.839262652773278e-06	8.09207433111419
5440.500000032671	29022703308.137432	13808413.338567736	29036511721.476	0.0015417729194907779	51.84109564178428	2.409889951014531e-06	-14.376697284345047	6.8831833805604035	44778.33356953999	2072314139.0718937	69632.56087005697	2072383771.6327634	0.0021547993970341883	2460915.891363835	6.8896425161787415e-06	4.58068608186502	2848095974.2878222	124886.36730053998	2848220860.655123	0.004460312596563901	-1805921.3069175575	3.754992843101662e-06	8.385342606835172
5481.000000034783	29022711247.257423	13771651.137249827	29036482898.39468	0.0015557850744291968	-25.91279072484926	2.417658328222516e-06	-14.4129392971246	6.908330456683604	44935.48678446695	2072320756.7794454	67370.3285715757	2072388127.108017	0.001885832084851809	2422672.475294924	7.0236123306621574e-06	4.053816470629617	2848087048.3780046	127225.12053276761	2848214273.498537	0.00412336256266742	-1737035.6966763106	3.6801727599974456e-06	7.602882795404985
5521.500000036895	29023445819.129395	13014315.420532584	29036460134.549927	0.0014776118283272815	0.4493611869436851	2.399516268577542e-06	-14.447484025559106	6.47331192629875	44677.74099089932	2072313247.3021045	66876.88510420453	2072380124.1872084	0.001552848518844283	2505660.935990479	6.918669972261497e-06	3.281798181739372	2848079706.1779337	127790.3323856903	2848207496.5103188	0.0031338530455522103	-1743852.577821969	3.637665677882205e-06	5.675402150071123
5562.000000039006	29022684086.239624	13717700.89439249	29036401787.134014	0.0014166927140842934	12.498584486384829	2.3813662249050903e-06	-14.51507587859425	6.116805811234682	44396.639062058246	2072314170.8237026	66037.93298660964	2072380208.7566895	0.0015891557067300444	2499893.4168687034	6.922467394496149e-06	3.2681175840883236	2848072502.065221	128940.2259217419	2848201442.2911425	0.003417525880332478	-1745847.602474442	3.6448337318553642e-06	6.122330129540694
5602.500000041118	29022497201.12378	13870104.367208362	29036367305.490993	0.001281444827095139	-26.13898380706892	2.4076849903482748e-06	-14.554712460063898	5.5103855888290445	44855.265642256796	2072307778.3933702	68045.21946376003	2072375823.6128342	0.0018750515378288372	2437275.592155166	6.871482590971561e-06	3.8409502710170496	2848068247.1857896	128441.09020453085	2848196688.2759943	0.0034217888583226354	-1664739.165831957	3.7220393078870646e-06	6.120669238141796
5643.00000004323	29021822053.30757	14506142.129038453	29036328195.43661	0.001165869438899058	-5.063150968394041	2.4085043155471036e-06	-14.598841853035143	5.017246098849613	44889.58901137479	2072320165.2480512	65957.2908344306	2072386122.5388856	0.0013365476667336791	2384481.43063785	6.9066699762283e-06	2.7452714198820205	2848059073.739211	130355.72062936494	2848189429.45984	0.003082464097511501	-1605198.9008039408	3.7714492584771944e-06	5.5617152599814474
5683.500000045342	29022117291.316742	14195217.061365724	29036312508.378105	0.0011996867810561388	18.50709122895318	2.4220068228813744e-06	-14.62220447284345	5.159055457966198	45144.014823324644	2072328874.7909098	61428.650256382294	2072390303.4411664	0.0008139036169527479	2441932.2121447166	6.899117808418837e-06	1.6789615144473538	2848047868.7077813	132899.6701186496	2848180768.3778996	0.0028902932283583985	-1573677.7760955833	3.841764127119477e-06	5.260097298987291
5724.000000047454	29021691347.200706	14598386.88810301	29036289734.088806	0.0012420411338121243	3.574911220478438	2.4361924710789345e-06	-14.652655750798722	5.321484424111059	45390.55363540429	2072335169.4604201	59513.38304308056	2072394682.8434634	0.0007002405720209739	2441446.911151792	6.829199719614104e-06	1.4448840102651408	2848038692.707008	134582.02226881613	2848173274.7292776	0.003038088034409619	-1590914.3653496853	3.908289361783028e-06	5.614517899545592
5764.500000049566	29021654476.337353	14600967.84788573	29036255444.185234	0.001235867070735986	29.2294099768504	2.397450491668755e-06	-14.688198881789138	5.261300208028841	44736.153013944146	2072336471.2623353	62318.674719331786	2072398789.9370549	0.0011901367191284747	2508425.9997339398	6.723817712133131e-06	2.4316420857952843	2848034884.585246	133943.19237985066	2848168827.777626	0.0031507887740462124	-1644515.734102524	3.887208545844698e-06	5.95785248092255
5805.0000000516775	29021178279.667393	15056779.76543975	29036235059.432827	0.001274607678054259	133.80635221580175	2.3714520223118156e-06	-14.70636980830671	5.402987998098432	44270.551544658665	2072335197.7015533	65734.74304918107	2072400932.4446023	0.0017225942718208861	2489530.684601458	6.594958200732255e-06	3.477706188803539	2848032497.7666473	132270.84078947315	2848164768.6074367	0.0029514943243027685	-1591326.3312953773	3.861818725727438e-06	5.708462402906835
5845.500000053789	29020898573.22084	15315476.251861097	29036214049.472702	0.0012014717770842996	154.89050141902794	2.3766892553796615e-06	-14.730431309904153	5.1359389533380755	44313.94855339406	2072341689.2753682	62379.05155217181	2072404068.3269205	0.001822665461874575	2433201.336223308	6.60211265219072e-06	3.707616237310399	2848023066.6263814	133401.9674500497	2848156468.593832	0.0027028478412860716	-1513098.0902166716	3.859342342756784e-06	5.313578280437556
5886.000000055901	29020755416.00569	15427338.608733892	29036182754.614426	0.0010736984352220432	76.77328385040599	2.3693959662158377e-06	-14.77086661341853	4.659408172927161	44177.4607797362	2072348655.319018	59960.695655337535	2072408616.014673	0.001071861586134011	2405806.5100695263	6.575859202679745e-06	2.2157432456780035	2848013175.48459	134924.21314764651	2848148099.697738	0.002026060092114813	-1455087.0302774936	3.8505325425396755e-06	4.001383827022218
5926.500000058013	29020782550.71234	15371792.052982807	29036154342.76533	0.00094681696818446	94.3851913720128	2.3587462833916336e-06	-14.804113418530351	4.100967128812506	44017.22781562206	2072359534.2301602	56593.03913178388	2072416127.2692919	0.0007317940142771405	2468705.5851980182	6.50122283293551e-06	1.5015226796779102	2848000880.6701193	136257.05614008382	2848137137.726259	0.0016348795686365416	-1493396.3180316905	3.852170240774054e-06	3.218339794161691
5967.000000060125	29020500969.590416	15621091.64234507	29036122061.232758	0.0009708506302952911	82.23786392405003	2.355962471539112e-06	-14.84005591054313	4.18550569209131	43952.702149500554	2072355845.1668494	59731.48874281626	2072415576.655592	0.0016904065380375153	2464253.794191705	6.553496605336934e-06	3.4047980704169754	2847995759.511148	135515.78953981074	2848131275.300688	0.0014677958097523076	-1491087.0070007797	3.8014007906701587e-06	2.8787921272410935
6007.500000062237	29020287419.44413	15793959.343594434	29036081378.787727	0.0009693644507057104	73.15078806336442	2.342729336583046e-06	-14.886681309904153	4.226450530089824	43713.197824841365	2072353022.5077474	61600.02328607533	2072414622.5310335	0.001099465702383728	2492993.489261867	6.5879524086783984e-06	2.2294139303206317	2847990111.8616266	135531.8938010533	2848125643.755428	0.0015497873703438324	-1493949.927492046	3.7377451741694477e-06	3.027773962834766
6048.000000064349	29020067789.72126	15975553.488573194	29036043343.209835	0.0009842580078584157	52.668098914797696	2.3295560894386783e-06	-14.931210063897764	4.339491462389921	43482.05563229653	2072344797.208891	66042.50580182858	2072410839.714693	0.0014156955180173684	2493339.093220559	6.569527484494851e-06	2.898017614625674	2847987685.691098	134563.87377202744	2848122249.564871	0.0016727838105889698	-1470721.4216083812	3.6701194020924148e-06	3.2726542168128696
