5.781770450861869
Time 	 Eb 	 Ea 	 Ep 	 phi_d 	 phi_z 	 KED 	 MLD 	 K 	 E_k 	 Eb_D 	 Ea_D 	 Ep_D 	 phi_d_D 	 phi_z_D 	 KED_D 	 K_D 	 Eb_U 	 Ea_U 	 Ep_U 	 phi_d_U 	 phi_z_U 	 KED_U 	 K_U 
0.0	0.0	29042292178.95872	29042292178.95872	7.609293600115235e-06	0.0	0.0	-8.240615015974441	0.03892919202291993	0.0	0.0	1438120614.1872067	1438120614.1872067	0.10636504163548488	0.0	0.0	204.07046550566628	0.0	1977430703.0088506	1977430703.0088506	0.06917349546564946	0.0	0.0	132.7101688355449
40.50000000000131	0.0	29042269619.220123	29042269619.220123	0.00039375965059656114	-754.42793908769	5.588143574750748e-09	-8.317891373801917	2.001362294659539	67.025521981933	0.0	1438110367.4266095	1438110367.4266095	0.00813603672496302	14228.760923493035	2.2925404074980754e-08	15.494618147879727	0.0	1977420498.5691478	1977420498.5691478	0.011116707021748443	-14303.459424595687	1.4262308155769994e-08	21.185350695773742
81.00000000000284	0.0	29042259906.559258	29042259906.559258	0.00035543584077903735	-915.390473105353	2.6695798859045752e-08	-8.318989616613418	1.8069471349640902	397.012842718091	0.0	1438110390.1220205	1438110390.1220205	0.021357452952881866	55927.63064349994	1.1426219655460641e-07	40.692855975678086	0.0	1977418443.947609	1977418443.947609	0.022535517395871146	-56211.717714729355	6.077245472498581e-08	42.95311862181107
121.50000000000438	0.0	29042252283.96483	29042252283.96483	0.00026787916536801946	-994.1031681293754	7.712613218901804e-08	-8.323083067092652	1.3594794183510748	1247.1644505249187	0.0	1438112482.1912518	1438112482.1912518	0.05823325635633883	122909.64945477716	3.276269406682985e-07	110.68527488615128	0.0	1977414789.1525564	1977414789.1525564	0.08317740075483429	-123404.80294795599	1.6626882217617643e-07	158.27884164209306
162.0000000000059	0.0	29042245355.47859	29042245355.47859	0.00023408725191932634	-1091.268652544546	1.6399725181379725e-07	-8.3303714057508	1.1851851886443672	2773.118825591848	0.0	1438117249.620078	1438117249.620078	0.0505339692569028	211775.88853424686	6.659966014627391e-07	95.79362663176322	0.0	1977408620.8652966	1977408620.8652966	0.10496007784672455	-212314.6295274274	3.538920283607342e-07	199.29036904526797
202.50000000000745	0.0	29042238740.150566	29042238740.150566	0.0002083507183939255	-1266.2828467723125	2.8449514453126494e-07	-8.333765974440894	1.052472462625163	4948.61486316448	0.0	1438125369.0293922	1438125369.0293922	0.030442270054112437	318103.2203304218	1.0913527182144612e-06	57.55471698078832	0.0	1977399394.6458395	1977399394.6458395	0.09001257801166954	-318351.1878904993	6.223513684358004e-07	170.57987951663938
243.00000000000898	0.0	29042232364.098362	29042232364.098362	0.00017951137979795696	-1485.1959327114669	4.431759510193634e-07	-8.33236821086262	0.9049321298055845	7857.413340355765	0.0	1438137401.7190394	1438137401.7190394	0.01980305663931833	436846.2955540548	1.6071115115971089e-06	37.35706566720761	0.0	1977386864.3157341	1977386864.3157341	0.0661114238932295	-436361.5770246781	9.861449069596873e-07	125.08558102130904
283.49999999988023	0.0	29042226367.543484	29042226367.543484	0.0001555815155762562	-1691.4536064920094	6.456635748102497e-07	-8.331170127795527	0.782977382042373	11604.828592709062	0.0	1438153715.963346	1438153715.963346	0.013507591466608695	562839.5193358911	2.2185670833284077e-06	25.43280972904531	0.0	1977371066.1630812	1977371066.1630812	0.052804672353518295	-561190.0186197527	1.4711352699540417e-06	99.80109832288294
323.9999999996899	0.0	29042220987.568207	29042220987.568207	0.00014014702017885303	-1850.8050500040529	8.854806552379158e-07	-8.34375	0.7045225347078696	16065.001890556503	0.0	1438174445.491581	1438174445.491581	0.009615170384934512	691287.7083610005	2.8987737452111315e-06	18.078467289780466	0.0	1977352375.4452374	1977352375.4452374	0.04158255457381775	-688198.362065033	2.0660875740181532e-06	78.55558000007862
364.4999999994996	0.0	29042216551.41407	29042216551.41407	0.00012995087670658514	-1993.9141845614977	1.1460167203504669e-06	-8.354532747603834	0.6508835520051267	20934.408681373992	0.0	1438199319.7035847	1438199319.7035847	0.005655141101610324	818981.4652183512	3.607347791098985e-06	10.63218490137431	0.0	1977331609.1427531	1977331609.1427531	0.03559410190842282	-814486.3798188496	2.718800352284353e-06	66.83683173896497
404.9999999993093	0.0	29042213248.58492	29042213248.58492	0.00015708260737093662	-2168.9162847195785	1.4052172340238107e-06	-8.364816293929712	0.7795885986524468	25796.251580525823	0.0	1438227490.6888065	1438227490.6888065	0.003360425955141185	944920.4425473849	4.300651613121906e-06	6.323410888895919	0.0	1977309968.6226592	1977309968.6226592	0.03284878565913674	-939552.7090269888	3.3527329247476918e-06	60.51206573215211
445.499999999119	0.0	29042210737.475925	29042210737.475925	0.000279293681656515	-2461.4060902353967	1.6532939964819096e-06	-8.374800319488818	1.368848616508076	30460.77072352633	0.0	1438257308.053293	1438257308.053293	0.002368821662702055	1067694.2070519999	4.9507459940118505e-06	4.463124681181018	0.0	1977288952.3190422	1977288952.3190422	0.037686016889572835	-1062758.2423341384	3.949856014674225e-06	67.59201410551348
485.9999999989287	0.0	29042208251.128006	29042208251.128006	0.0005233403974129848	-2938.8041164631272	1.8899700096463292e-06	-8.385882587859426	2.537625645740516	34916.62696327397	0.0	1438287056.0903525	1438287056.0903525	0.0024097807340852217	1177791.0575654232	5.597960086514192e-06	4.529288767265762	0.0	1977269491.983282	1977269491.983282	0.0404709412738863	-1175356.048217882	4.494948750120187e-06	71.1409446783018
526.4999999987384	0.0	29042204300.549717	29042204300.549717	0.0010045425958219605	-3657.0817855047253	2.114646579923724e-06	-8.404852236421725	4.81289888190966	39155.54941464605	0.0	1438315032.9589963	1438315032.9589963	0.0025471653407492844	1278600.80233458	6.287465263247511e-06	4.721675793102432	0.0	1977251996.0988324	1977251996.0988324	0.03890284591968572	-1280463.7969054193	4.964897917530844e-06	67.6886216948856
566.9999999985481	0.0	29042196965.82173	29042196965.82173	0.0025516687597602855	-4633.228978337874	2.3291883163780825e-06	-8.425519169329073	12.063533488000152	43205.35659287823	0.0	1438339448.6135764	1438339448.6135764	0.002429795788726557	1368258.0805492983	7.055603444275933e-06	4.394565513448224	0.0	1977236851.6965742	1977236851.6965742	0.03593271012944847	-1375905.7737095235	5.352996266631366e-06	62.7533468207762
607.4999999983578	0.0	29042184403.497883	29042184403.497883	0.0056247733392642465	-5981.945291024326	2.527919315913773e-06	-8.45447284345048	26.152771478274847	46952.41104825349	0.0	1438359054.0925517	1438359054.0925517	0.002188363058207638	1440528.0481399805	7.871891154861306e-06	3.802412086629387	0.0	1977223706.1470585	1977223706.1470585	0.03335980711628825	-1457360.781370827	5.658082523022044e-06	58.69222177060479
647.9999999981675	0.0	29042164039.20143	29042164039.20143	0.005575746351650897	-7854.3220282764105	2.700077175238807e-06	-8.477136581469649	25.590584738844257	50194.142826965515	0.0	1438372797.7290225	1438372797.7290225	0.00192691449757401	1496711.1258969696	8.66226874939985e-06	3.2633321723493394	0.0	1977212081.3823767	1977212081.3823767	0.031806449147878176	-1528107.8925945759	5.878784656612851e-06	56.11252173333596
688.4999999979772	0.0	29042132257.171513	29042132257.171513	0.0035156439586905832	-9860.701717051259	2.838482185541315e-06	-8.51607428115016	15.990981840839517	52795.87959493391	0.0	1438380112.7416584	1438380112.7416584	0.0016770994978759942	1540195.8141666618	9.358222919536912e-06	2.844675921484801	0.0	1977201652.3470416	1977201652.3470416	0.029144879219545696	-1586861.1005302384	6.021694280605609e-06	51.379257715059445
728.9999999977869	0.0	29042086675.099277	29042086675.099277	0.002099999803639759	-11532.416314977989	2.9419359215482826e-06	-8.573582268370608	9.556667577459024	54739.58837033886	0.0	1438381203.947298	1438381203.947298	0.0016202748659343651	1577291.4039538866	9.925699920677013e-06	2.7765560418413533	0.0	1977192014.5873199	1977192014.5873199	0.026810384648716504	-1635888.9356414573	6.0980222146210244e-06	47.212451697500136
769.4999999975965	0.0	29042027160.864925	29042027160.864925	0.0014575996396677202	-12487.308138993285	3.016221257739462e-06	-8.634285143769969	6.682957251637688	56135.792054806705	0.0	1438376928.2856538	1438376928.2856538	0.0014882099437139834	1609627.0676555198	1.0375268095632118e-05	2.5690010044051754	0.0	1977182692.1439073	1977182692.1439073	0.024987951311021318	-1675560.9853048346	6.1213300783907975e-06	44.00541700328539
809.9999999974062	0.0	29041955129.262257	29041955129.262257	0.0016370091938623021	-13196.180605802272	3.0663327828456373e-06	-8.711761182108626	7.558078813136897	57076.53458975921	0.0	1438366419.146192	1438366419.146192	0.0014577123469870508	1627736.1270030988	1.072960498350262e-05	2.5269384500771244	0.0	1977173922.4612796	1977173922.4612796	0.023516684364096214	-1708290.3482442698	6.109555409754709e-06	41.415036114847155
850.4999999972159	0.0	29041866871.25336	29041866871.25336	0.0022333683908120363	-14307.186657188235	3.0980187356184765e-06	-8.805111821086262	10.361431343293106	57669.77826154332	0.0	1438349050.4308245	1438349050.4308245	0.0016505006069618806	1647396.5034221145	1.1008158896543811e-05	2.8680649163859564	0.0	1977165254.4417655	1977165254.4417655	0.02246013882574491	-1730929.6252059815	6.075699092346736e-06	39.52761984989425
890.9999999970256	0.0	29041761445.876587	29041761445.876587	0.002612925036297715	-14311.705423385403	3.117101801616393e-06	-8.906948881789138	12.16382143016968	58031.40765781685	0.0	1438326378.9108973	1438326378.9108973	0.0015876783952094432	1663896.8694102152	1.1218202619780348e-05	2.7550820898565367	0.0	1977156229.2990203	1977156229.2990203	0.02165022950121868	-1744741.5512543428	6.029640221390245e-06	38.0441826330526
931.4999999968353	0.0	29041642211.133446	29041642211.133446	0.002568654742516776	-13958.855768454992	3.1271035844368034e-06	-9.029852236421725	11.972428138088535	58227.29633711142	0.0	1438299059.0737772	1438299059.0737772	0.0014067219021157097	1679913.5928563988	1.1377190190621718e-05	2.422060400441863	0.0	1977146701.099248	1977146701.099248	0.021141903623650943	-1752023.8022216323	5.9793458546296015e-06	37.07611907470189
971.999999996645	0.0	29041510652.815704	29041510652.815704	0.0024447778337560655	-12594.417978563957	3.1323481552461685e-06	-9.153055111821086	11.371553685366893	58328.32717498459	0.0	1438269290.9699717	1438269290.9699717	0.0012965883344888138	1724145.9024301746	1.1491578836346304e-05	2.2182201877897727	0.0	1977136673.6314046	1977136673.6314046	0.020878905548408454	-1754548.8859641664	5.930385316572466e-06	36.53193499586986
1012.4999999964547	0.0	29041374174.711502	29041374174.711502	0.002295510460088878	-7768.097070369103	3.1346825518529534e-06	-9.290934504792332	10.676314752536582	58376.82095727945	0.0	1438247158.8646357	1438247158.8646357	0.0010987507811249797	1777383.227247615	1.1521178363544492e-05	1.8806481596131808	0.0	1977126216.2753263	1977126216.2753263	0.020756252700489454	-1753484.1479662939	5.886671961526633e-06	36.24164981518206
1052.9999999968138	0.0	29041263078.88061	29041263078.88061	0.0021617363307914043	-5228.1783223998955	3.1256485350767376e-06	-9.420726837060704	10.052170443825098	58229.475515721264	0.0	1438229548.8462024	1438229548.8462024	0.0008298629358746148	1786992.8061407583	1.1495832216688286e-05	1.4148973245947867	0.0	1977115398.7988682	1977115398.7988682	0.021095684139711694	-1749602.0474242975	5.8521670002596285e-06	36.79757367941008
1093.499999997391	0.0	29041163713.750214	29041163713.750214	0.0052954458821803125	-4339.296418242613	3.1158543289095775e-06	-9.499600638977636	24.569205091514966	58057.39385818062	0.0	1438214185.545205	1438214185.545205	0.0007774721793960016	1796615.2079707882	1.1443829563094274e-05	1.3151275662522004	0.0	1977104258.613673	1977104258.613673	0.021323387052568428	-1743392.268376194	5.831215185329156e-06	37.24465903865129
1133.999999997968	0.0	29041070826.769073	29041070826.769073	0.01615714564430825	-3480.8022458894998	3.1032301447750003e-06	-9.582268370607029	74.87822307781177	57815.76937633599	0.0	1438200285.336667	1438200285.336667	0.0008539704249176108	1802244.6285773804	1.1344710776522163e-05	1.4428633927462835	0.0	1977092796.127398	1977092796.127398	0.021864305192311785	-1735602.1697554896	5.825665724174585e-06	38.38562534718902
1174.499999998545	0.0	29040981532.998882	29040981532.998882	0.02558240058992106	-2873.0284038379586	3.0875896097205944e-06	-9.654452875399361	118.7846660849619	57520.18940861074	0.0	1438187361.602619	1438187361.602619	0.0009228128571433404	1805889.418332852	1.1202561870614544e-05	1.5637789398232198	0.0	1977080916.6830258	1977080916.6830258	0.022425437956702418	-1726746.4383008557	5.833775559510925e-06	39.767740252689606
1214.999999999122	0.0	29040895033.39068	29040895033.39068	0.021249796319165997	-2087.519317389884	3.0717496390828626e-06	-9.725139776357828	99.11204769647242	57225.205395078476	0.0	1438175783.6322224	1438175783.6322224	0.0010157483968522578	1815557.3213528267	1.1054312017171092e-05	1.716821967146699	0.0	1977068500.1857429	1977068500.1857429	0.022741541376735	-1716676.991717386	5.8490879923575e-06	40.808979850359776
1255.4999999996992	0.0	29040810527.098106	29040810527.098106	0.015466609332441823	-1895.8752921682594	3.0611283217721103e-06	-9.80491214057508	72.25579919136575	56991.77707203948	0.0	1438165545.4204133	1438165545.4204133	0.0010871190201909439	1793189.1777871042	1.0944029601897572e-05	1.8057027273087292	0.0	1977055508.0807228	1977055508.0807228	0.023301634798624606	-1705745.814562384	5.861072871877707e-06	42.1985106420243
1296.0000000002763	0.0	29040724825.061687	29040724825.061687	0.009970677722304122	-1878.8167148264936	3.047180301057741e-06	-9.883885782747603	46.265176240552776	56748.78658210983	0.0	1438155839.7626953	1438155839.7626953	0.0011203939652518014	1792663.3562926925	1.0849987235076878e-05	1.8303369952870108	0.0	1977041901.479239	1977041901.479239	0.02409459882899527	-1694949.7033908875	5.864795269478743e-06	43.916038394082285
1336.5000000008533	0.0	29040649485.09979	29040649485.09979	0.007230309310228278	-1157.3958440140264	3.0405269039235063e-06	-9.950179712460065	33.36046134760759	56633.492870354676	0.0	1438149520.7068572	1438149520.7068572	0.0011532504569394504	1801638.648150962	1.0778373740202665e-05	1.854797626535447	0.0	1977027697.4175508	1977027697.4175508	0.02470725060392337	-1685372.495085746	5.867932470063087e-06	45.19269556066045
1377.0000000014304	0.0	29040572932.021103	29040572932.021103	0.004804610552566818	-1836.2799136231286	3.0242901304563915e-06	-10.016573482428115	22.019368594649382	56356.822034657074	0.0	1438143364.5474699	1438143364.5474699	0.0011516329222450187	1786900.8024786897	1.068085995532932e-05	1.8170927517383615	0.0	1977013189.4924545	1977013189.4924545	0.02462302975820545	-1677592.4182831696	5.872992977297471e-06	45.00705815803223
1417.5000000020075	0.0	29040499433.87672	29040499433.87672	0.0036011228953113823	-1153.906196097198	3.0206810470353366e-06	-10.092751597444089	16.36375985748215	56260.87353761618	0.0	1438138216.957941	1438138216.957941	0.001150830674285562	1792443.3611832948	1.0628458878213082e-05	1.78753229647829	0.0	1976998575.1223998	1976998575.1223998	0.024259181403339984	-1672307.401858729	5.892888653194335e-06	44.1434099310433
1458.0000000025846	0.0	29040429776.251236	29040429776.251236	0.002546630257551594	-1032.9831950188482	3.0243914394533415e-06	-10.161341853035143	11.488370007988191	56295.07708837552	0.0	1438133817.1291852	1438133817.1291852	0.0011233869762352147	1795115.5863089801	1.0543160193142396e-05	1.7228400979411336	0.0	1976984053.1341624	1976984053.1341624	0.023683080454488244	-1669256.9476119915	5.971727250302523e-06	42.6499477610795
1498.5000000031616	0.0	29040360376.668167	29040360376.668167	0.0013498444328388587	-827.9893652138638	3.023027806330607e-06	-10.226837060702875	6.034029608445584	56250.76823805142	0.0	1438130314.1457317	1438130314.1457317	0.0010664456054399673	1797317.8977453453	1.0400279843122725e-05	1.6055142542290413	0.0	1976969912.1534433	1976969912.1534433	0.022304417810952118	-1668660.1122104905	6.069571293975492e-06	39.82625724705408
1539.0000000037387	0.0	29040294239.107788	29040294239.107788	0.0008029588669559148	-793.1569073324442	2.9942895658161065e-06	-10.290235623003195	3.5741023457695875	55720.27344860828	0.0	1438128130.1603618	1438128130.1603618	0.001002994382864105	1813348.7031409275	1.0190892564349112e-05	1.495238961803716	0.0	1976956191.22707	1976956191.22707	0.0182189795541134	-1681197.2836004405	6.064463362909584e-06	32.634390760842756
1579.5000000043158	0.0	29040230865.594288	29040230865.594288	0.0016408722112451217	-636.5276101179038	2.956199837237442e-06	-10.358226837060704	7.262518272638127	55010.374149520714	0.0	1438123304.2172165	1438123304.2172165	0.0013053663806259098	1867279.7042876356	9.870841917719642e-06	1.9436716814674757	0.0	1976946132.2028627	1976946132.2028627	0.012576715198403107	-1733232.763747515	6.085111826959487e-06	23.167315052160436
1620.0000000048929	0.0	29040169325.89327	29040169325.89327	0.0008203605800944432	-509.67476800863983	2.940399442505057e-06	-10.422723642172524	3.607945349898089	54690.32054842956	0.0	1438120040.6996307	1438120040.6996307	0.0011418170190281188	1822588.088403198	9.764881424012173e-06	1.6788097156466264	0.0	1976935170.8264182	1976935170.8264182	0.02339138532713965	-1687583.761793119	6.076855268198167e-06	43.41716277949157
1660.50000000547	0.0	29040109873.17103	29040109873.17103	0.0012126003912490719	-619.8712570432348	2.9120506518613926e-06	-10.481729233226837	5.333543950544791	54163.55051641405	0.0	1438119428.240304	1438119428.240304	0.0011080410742626487	1803348.5715977163	9.63449605955553e-06	1.645068162354409	0.0	1976922442.047968	1976922442.047968	0.021572560101304997	-1667782.1141689837	6.014399161418325e-06	40.10597483227242
1701.000000006047	0.0	29040051989.341007	29040051989.341007	0.0037240884653659784	-556.6064725330452	2.8950252703076006e-06	-10.543929712460065	16.41982712294572	53785.6032245623	0.0	1438115598.433619	1438115598.433619	0.0013716113714309416	1942555.071641391	9.663001727070029e-06	2.0570788443226404	0.0	1976913493.3468122	1976913493.3468122	0.00782506338121057	-1807505.2851321863	5.897964679651357e-06	14.443042049300553
1741.500000006624	0.0	29039993000.38434	29039993000.38434	0.005887700832011244	-804.9347088206326	2.903840525136524e-06	-10.605531150159745	26.262155022679487	53931.70008226767	0.0	1438108985.0394983	1438108985.0394983	0.001251519283599325	1879242.0037674191	9.76647043738224e-06	1.896917233574683	0.0	1976905376.204094	1976905376.204094	0.009069240076782458	-1745548.47090643	5.8774209862114045e-06	16.655780086279524
1782.0000000072012	0.0	29039931794.114136	29039931794.114136	0.004067064762630585	-886.5579124770323	2.9203893220984274e-06	-10.67242412140575	18.39925169522176	54157.62591888669	0.0	1438102145.35076	1438102145.35076	0.0011586004642094713	1852071.2134088306	9.714494047195344e-06	1.807992228664303	0.0	1976894840.1302943	1976894840.1302943	0.012677980504710341	-1717563.4899605517	6.01614164480727e-06	23.1544777658669
1822.5000000077782	0.0	29039860611.03279	29039860611.03279	0.0007228498134733809	209.47944965886444	2.894479474275305e-06	-10.740315495207668	3.2753994380647002	53709.220144597784	0.0	1438095869.5835524	1438095869.5835524	0.0011346104371366078	1842132.965044845	9.704167632082352e-06	1.7615525133820034	0.0	1976883940.904283	1976883940.904283	0.004979375710329753	-1698565.1927994816	6.088037140492156e-06	9.077074035578278
1863.0000000083553	0.0	29039801262.569767	29039801262.569767	0.0004296125404425357	252.5596164343341	2.9207702184774524e-06	-10.797224440894569	1.9607799363273866	54208.9699072819	0.0	1438090615.362061	1438090615.362061	0.0014332230326392515	1821264.4595681992	9.889015773729853e-06	2.224932820653237	0.0	1976873674.2142901	1976873674.2142901	0.0039479368789121245	-1677658.5039539938	6.072293158534194e-06	7.2212256943181155
1903.5000000089324	0.0	29039740355.03859	29039740355.03859	0.00025369170884900045	142.77460092948985	2.9688815665530332e-06	-10.858726038338657	1.1800516337174347	55047.68777771467	0.0	1438086250.9902813	1438086250.9902813	0.00143499455159518	1799130.1362843132	9.953144439628462e-06	2.318683364764661	0.0	1976860120.5187798	1976860120.5187798	0.0024126357644920224	-1656315.6346988436	6.2699365732373965e-06	4.454904022829525
1944.0000000095094	0.0	29039683010.002308	29039683010.002308	0.0002773322002531468	240.55113387961848	3.0417751901345718e-06	-10.919329073482428	1.323080834612276	56219.64595644524	0.0	1438084251.343745	1438084251.343745	0.0013074435577209915	1755396.851711878	1.0044909345310122e-05	2.236099152344939	0.0	1976847256.2827716	1976847256.2827716	0.009373281320696165	-1612271.20015789	6.592099462475777e-06	17.541445219377188
1984.5000000100865	0.0	29039629469.28352	29039629469.28352	0.0006580254204822932	303.84434773199354	3.0264765604535906e-06	-10.97823482428115	3.200804035684064	55955.872264552745	0.0	1438088054.518741	1438088054.518741	0.0014773959781712225	1774925.2852895628	1.0474297332004903e-05	2.6439133679634748	0.0	1976831895.6502743	1976831895.6502743	0.0077594015138511795	-1630943.9583644564	6.175892764209631e-06	14.529245176683338
2025.0000000106636	0.0	29039577739.473873	29039577739.473873	0.0006081347434127526	233.26069663340576	2.9712059721335996e-06	-11.03404552715655	2.990148706440412	54964.03425618603	0.0	1438085737.0978289	1438085737.0978289	0.0013301139357209276	1929530.4164642754	1.0555998951117945e-05	2.420865552287453	0.0	1976823763.0569882	1976823763.0569882	0.005177323247699555	-1785105.5162457407	5.793184593830011e-06	9.633237697552733
2065.5000000105774	0.0	29039526229.13996	29039526229.13996	0.0007213886314576228	291.6893943110535	2.9516518101104086e-06	-11.099640575079873	3.5408487112797875	54585.483216215514	0.0	1438084211.7147477	1438084211.7147477	0.0019301167476086535	1904952.91051812	1.0135935256390281e-05	3.5112947726860635	0.0	1976814234.9237037	1976814234.9237037	0.0039363857258159695	-1750972.6695529593	5.9874363662857555e-06	7.259248441960268
2106.0000000096197	0.0	29039475744.933884	29039475744.933884	0.0004798288151476957	191.44177772975266	3.0023658229159816e-06	-11.16194089456869	2.3541989911840253	55368.134564421525	0.0	1438084696.724944	1438084696.724944	0.0020510245803580527	1860154.8180559897	1.0242729767581804e-05	3.7216679698523247	0.0	1976804576.5575178	1976804576.5575178	0.003733118787933441	-1706806.3067055552	6.182370500182945e-06	6.881070391893088
2146.500000008662	0.0	29039426654.72844	29039426654.72844	0.0006534233574691389	245.34210121134765	2.994928941051857e-06	-11.241912939297125	3.227532421839304	55279.70245246231	0.0	1438082225.3840308	1438082225.3840308	0.0017181912708278966	1812295.5622027018	1.0030196178555917e-05	3.1258722145762508	0.0	1976797668.8323717	1976797668.8323717	0.008533064649550098	-1643430.3819150913	6.289627553080631e-06	15.928910131816298
2187.0000000077043	0.0	29039380332.821537	29039380332.821537	0.0007937690512590562	324.3484695172184	2.9853938751606908e-06	-11.296226038338657	3.9136471011463154	55032.668736502164	0.0	1438085790.2148712	1438085790.2148712	0.0022860766248724036	1811560.2818171876	1.0530200426452188e-05	4.128926487399512	0.0	1976782822.876194	1976782822.876194	0.0065065402170209445	-1659151.1789562267	5.875773234987136e-06	12.144551373005546
2227.5000000067466	0.0	29039329654.327057	29039329654.327057	0.0005183358592530643	-41.861446598752025	2.912824800683169e-06	-11.34285143769968	2.535798958570068	53776.29422079175	0.0	1438080992.344327	1438080992.344327	0.0013022657847234491	1913339.1208716347	1.0152246104861981e-05	2.3232607132949825	0.0	1976771624.495557	1976771624.495557	0.006763072375277613	-1778933.4719108432	5.747801518927802e-06	12.536342467674356
2268.000000005789	0.0	29039269197.268024	29039269197.268024	0.0006255752118142768	418.98480543100305	2.8644742262518718e-06	-11.43460463258786	3.0417752241615745	52686.43764364757	0.0	1438073838.48536	1438073838.48536	0.0008899971080111129	1984919.425888143	9.820409800674837e-06	1.5976850476766167	0.0	1976765756.530188	1976765756.530188	0.005385925147754145	-1816990.1126194485	5.703260021704039e-06	9.832582785256927
2308.5000000048312	0.0	29039207447.514175	29039207447.514175	0.0007743463046549472	224.86000358502312	2.81799621485828e-06	-11.487220447284345	3.7604598423682347	51947.324440278215	0.0	1438062068.0481849	1438062068.0481849	0.0007855469015408504	1931210.0974978928	9.56502980638322e-06	1.4191943241000309	0.0	1976762724.0864847	1976762724.0864847	0.00814238050018565	-1749379.9269225406	5.629620299931222e-06	14.760039003264437
2349.0000000038735	0.0	29039135583.514145	29039135583.514145	0.0010311083322461871	46.761659204021655	2.7665358737308485e-06	-11.564996006389777	5.0307108733953125	51119.65230296367	0.0	1438055398.0457258	1438055398.0457258	0.001594776804382674	1881758.0801483209	9.310910924609723e-06	2.859748916541778	0.0	1976756573.7059605	1976756573.7059605	0.00956406705735673	-1717996.9630409814	5.5019513827508244e-06	17.561338835909304
2389.500000002916	0.0	29039076402.422276	29039076402.422276	0.0006008650793653449	72.44582350766376	2.7388548120623036e-06	-11.642671725239616	2.9444797260446305	50657.46222625835	0.0	1438048369.4231381	1438048369.4231381	0.002252115979079675	1794760.5961369423	9.0458201786464e-06	3.9506338512028907	0.0	1976740426.1875288	1976740426.1875288	0.004700276584470962	-1665412.7646125834	5.588235298664687e-06	8.854037614746636
2430.000000001958	0.0	29039007345.967438	29039007345.967438	0.0004624044798527396	339.02471461712025	2.6728399845798604e-06	-11.71675319488818	2.2441232388634487	49372.22312171703	0.0	1438040446.3145847	1438040446.3145847	0.0020027983850814087	1890265.9726522157	8.812888281619052e-06	3.4208053175915087	0.0	1976731076.2062044	1976731076.2062044	0.008246279210049088	-1747193.6923317832	5.390552913555889e-06	15.507949473961196
2470.5000000010004	0.0	29038941230.450294	29038941230.450294	0.0006587866085594017	131.87417613381527	2.627711415458009e-06	-11.805311501597444	3.1823153627012903	48412.92105515684	0.0	1438036796.247318	1438036796.247318	0.0006454035796106111	1981573.1003323584	8.408911811629349e-06	1.10001964450784	0.0	1976726706.7520483	1976726706.7520483	0.003299003552421577	-1800180.2838480412	5.403696054350565e-06	6.148141282407258
2511.0000000000427	0.0	29038905327.79323	29038905327.79323	0.0012472645234668292	222.9405228766501	2.5632493504906294e-06	-11.83136980830671	5.988990417098109	47337.787166606315	0.0	1438034558.4487805	1438034558.4487805	0.0006056543664105714	1924197.7396008223	7.870634756833874e-06	1.0153585111651886	0.0	1976724317.3147078	1976724317.3147078	0.0024833541255107187	-1799033.9528905968	5.435320489991918e-06	4.632231685950436
2551.499999999085	0.0	29038846766.74217	29038846766.74217	0.001011776062007284	50.559833656076485	2.508003728168356e-06	-11.883586261980831	4.851403777089991	46448.46390008302	0.0	1438013707.215685	1438013707.215685	0.0018139308208107606	1975987.0836081533	7.898627171662443e-06	3.0859222826505976	0.0	1976717453.3235269	1976717453.3235269	0.0015823710850988695	-1782650.562186164	5.125925076728828e-06	2.908638175984532
2591.9999999981274	0.0	29038768876.506424	29038768876.506424	0.0007170834179946004	71.04873861770656	2.4788083855990286e-06	-11.956469648562301	3.4232654204056763	45919.208275190875	0.0	1438007151.1068597	1438007151.1068597	0.0015139544000959313	1911935.3741340404	7.694647731688277e-06	2.592215801262549	0.0	1976707200.6029813	1976707200.6029813	0.002848037388858017	-1724088.2328071347	5.124458782778293e-06	5.160428123358562
2632.4999999971697	0.0	29038700846.064873	29038700846.064873	0.0005946714171875937	226.38596885124025	2.4668685682397704e-06	-12.032048722044728	2.8504250660089854	45653.49338909912	0.0	1437996376.323498	1437996376.323498	0.001339010597797917	1912716.3099047034	7.465152676374866e-06	2.271919394122877	0.0	1976699570.6962051	1976699570.6962051	0.005518855373031106	-1733502.2857402726	5.187891497413533e-06	10.164120407811927
2672.999999996212	0.0	29038641366.82497	29038641366.82497	0.0008703075755739193	305.1217948154788	2.4729826773502905e-06	-12.10133785942492	4.221329093882608	45736.96156838828	0.0	1437992324.6178207	1437992324.6178207	0.000896098070677971	1926303.67983355	7.534218789971963e-06	1.540337730441667	0.0	1976693653.1407192	1976693653.1407192	0.0036262281149116687	-1775076.208642701	5.203966967768017e-06	6.768272780436775
2713.4999999952543	0.0	29038586127.847084	29038586127.847084	0.0013931566983498489	53.93042542669545	2.461784627607561e-06	-12.153554313099042	6.7626861477611815	45541.98203164252	0.0	1437984996.6381817	1437984996.6381817	0.0006894069621342013	1982261.482908418	7.610587079934948e-06	1.2026134389548304	0.0	1976690103.6161892	1976690103.6161892	0.0032468739058051023	-1857520.36096001	5.119291100331162e-06	6.001806574280336
2753.9999999942966	0.0	29038530136.486763	29038530136.486763	0.001073459880913888	130.435610131793	2.3972589686504456e-06	-12.204373003194888	5.17084647905894	44415.31486668012	0.0	1437976751.627452	1437976751.627452	0.0011458565904371907	2026104.5964826285	7.297558604010568e-06	2.0013718655796784	0.0	1976686566.7290473	1976686566.7290473	0.003652338720003761	-1843845.3759646304	4.935223680590183e-06	6.649878416528831
2794.499999993339	0.0	29038483340.296432	29038483340.296432	0.0009092457621831564	67.99337880750365	2.3874655307950684e-06	-12.236022364217252	4.3233718766378	44247.87157438805	0.0	1437967227.8188882	1437967227.8188882	0.0015331476754474886	1910099.4945621532	7.352942367239195e-06	2.636576066274407	0.0	1976679224.4130728	1976679224.4130728	0.0034888095482336606	-1802058.886431811	4.839879125215934e-06	6.252112359344591
2834.999999992381	0.0	29038413744.615707	29038413744.615707	0.0007012908929944679	134.40647016846617	2.3556512392621592e-06	-12.303813897763579	3.2866336371516067	43601.839059005586	0.0	1437959151.2733684	1437959151.2733684	0.0013959046626468466	1928099.694089074	7.317734363925557e-06	2.3674061183027915	0.0	1976672175.9588284	1976672175.9588284	0.0051024949790218	-1807414.0218053611	4.732404929596865e-06	8.958880745782869
2875.4999999914235	0.0	29038373992.72592	29038373992.72592	0.0006784463270976121	137.10957398541086	2.3534970427193813e-06	-12.341553514376997	3.1757178933504306	43543.024371725376	0.0	1437950497.4117765	1437950497.4117765	0.000927097628641755	1949655.0975911138	7.242660420338003e-06	1.5722055283259169	0.0	1976666902.9087348	1976666902.9087348	0.005014998158933706	-1805417.2343483292	4.763200415299685e-06	8.770663585817818
2915.9999999904658	0.0	29038308528.560024	29038308528.560024	0.0008229773124081237	132.9694604716763	2.3360717238797792e-06	-12.427715654952078	3.8714283103019094	43250.05259670912	0.0	1437944762.6532154	1437944762.6532154	0.000706129231857838	1969218.7194408085	7.258492981613722e-06	1.2034558865639755	0.0	1976662390.6663275	1976662390.6663275	0.004013850065507026	-1797095.1729211388	4.66555873860746e-06	7.062975021823467
2956.499999989508	0.0	29038277596.196144	29038277596.196144	0.000919246780340336	2.4485287820594923	2.305037738932085e-06	-12.455870607028753	4.337299318664243	42710.92308859709	0.0	1437947566.1695414	1437947566.1695414	0.0009645485320197712	1947917.4512587443	7.202990381267235e-06	1.6530707486921217	0.0	1976656661.3568735	1976656661.3568735	0.0023254467260685097	-1828996.894692275	4.50575492882844e-06	4.1177810913591415
2996.9999999885504	0.0	29038244072.813004	29038244072.813004	0.0009663182712407822	77.23008151502658	2.2728294930676904e-06	-12.484225239616613	4.520317930150008	42115.61138094783	0.0	1437940655.338575	1437940655.338575	0.0009643344377111254	2036014.1697665795	7.130992458963322e-06	1.6445734994223433	0.0	1976650805.4165058	1976650805.4165058	0.0026194538713067055	-1891654.8661627597	4.435060286292224e-06	4.574022453539729
3037.4999999875927	0.0	29038195370.353466	29038195370.353466	0.0009158399333918523	180.19847024643508	2.275127236002547e-06	-12.53494408945687	4.2535412279662514	42086.8857672753	0.0	1437929210.5048938	1437929210.5048938	0.001346668305711294	1950532.504573254	6.953150423417455e-06	2.2404450080114566	0.0	1976647711.389752	1976647711.389752	0.0027807510382057976	-1833886.8629329493	4.4492139947756055e-06	4.864708440341681
3077.999999986635	0.0	29038141551.74982	29038141551.74982	0.0008643212807398337	147.02512562195568	2.2817119963326425e-06	-12.587559904153355	4.007184213128599	42169.78988193341	0.0	1437930527.090575	1437930527.090575	0.0016821337176057525	1891589.7011817414	6.896366005104772e-06	2.7786305966452622	0.0	1976644692.7251954	1976644692.7251954	0.004569548047009547	-1820327.0338614245	4.630466236640891e-06	8.006074597609269
3118.4999999856773	0.0	29038109464.478577	29038109464.478577	0.0009524326824910292	106.63600257100136	2.2763558558632693e-06	-12.62789536741214	4.411746748135238	42156.86768171415	0.0	1437927640.7162232	1437927640.7162232	0.0013743966151767472	2003348.8077892552	6.7611915317847765e-06	2.260839860609862	0.0	1976642185.3874464	1976642185.3874464	0.005529928962400732	-1831208.4390278324	4.737333062812023e-06	9.699402414688564
3158.9999999847196	0.0	29038094068.665424	29038094068.665424	0.0009942757115646759	178.61003237014845	2.290531985481985e-06	-12.64007587859425	4.62265504218651	42441.41554612752	0.0	1437927420.7415452	1437927420.7415452	0.00109943767951975	1940559.621969072	6.652049559440724e-06	1.7896507307237504	0.0	1976640704.4500666	1976640704.4500666	0.005441364950631572	-1821443.9250606422	4.797161294931584e-06	9.690375837209936
3199.499999983762	0.0	29038058809.120407	29038058809.120407	0.0009907763345108097	105.98265853701234	2.273248817340283e-06	-12.674720447284345	4.629322861046448	42159.22800974542	0.0	1437924557.4816046	1437924557.4816046	0.0009763389916526523	1961696.6870622493	6.73748594883679e-06	1.5768596109813415	0.0	1976637906.787794	1976637906.787794	0.0033280299905045765	-1828585.3021662561	4.729407230443229e-06	6.044423348054652
3239.999999982804	0.0	29038019932.31226	29038019932.31226	0.0009686163305462457	-132.3068564690753	2.291205113919285e-06	-12.722044728434504	4.515601085460447	42493.82398287879	0.0	1437921533.6762924	1437921533.6762924	0.0011797154923259994	1929212.636697002	6.723685700588901e-06	1.9162218214095006	0.0	1976631011.3940039	1976631011.3940039	0.004257824475411814	-1846844.3819912858	4.725362553912627e-06	7.665189831739715
3280.4999999818465	0.0	29037982637.940136	29037982637.940136	0.0008340946251343895	-42.42228946536606	2.2743747920848378e-06	-12.76128194888179	3.849564971828923	42110.41302808192	0.0	1437919915.4328628	1437919915.4328628	0.0013428409838440662	1992457.4342865655	6.6249084383695895e-06	2.205028340018411	0.0	1976623062.6055033	1976623062.6055033	0.003756891636628916	-1879052.4451505335	4.813419227697025e-06	6.63093396873546
3320.999999980889	0.0	29037950549.63478	29037950549.63478	0.0007064500816679864	26.634814080140355	2.281352261448856e-06	-12.799620607028753	3.2077167718257313	42237.93636736089	0.0	1437916342.297915	1437916342.297915	0.0012695815754439534	1962524.6297739777	6.507350344303354e-06	2.0956316155211776	0.0	1976614219.9317675	1976614219.9317675	0.005483299984397813	-1842417.7858068147	4.902793077018189e-06	9.425774388406314
3361.499999979931	0.0	29037910152.913307	29037910152.913307	0.0006419083483298635	38.27595436876361	2.3163908791420525e-06	-12.831269968051119	2.8821214021488206	42877.93666905431	0.0	1437913866.7870264	1437913866.7870264	0.0011368050442160914	1967244.3723287547	6.5633808978070794e-06	1.875186191759179	0.0	1976603830.065136	1976603830.065136	0.005843236345203407	-1824663.8838122294	5.073454773325945e-06	9.804281166989634
3401.9999999789734	0.0	29037876009.362534	29037876009.362534	0.0005023381889173164	186.17546189135146	2.303876718875986e-06	-12.870607028753994	2.2460246681638814	42679.882294063806	0.0	1437916277.0920734	1437916277.0920734	0.0006675971684999431	1966807.1892352556	6.581629287077153e-06	1.1007663171062836	0.0	1976597597.7389297	1976597597.7389297	0.005469282345450299	-1841371.0381644913	5.01696457940231e-06	9.115187042474624
3442.4999999780157	0.0	29037850235.36534	29037850235.36534	0.0007443956891889477	206.86234697904808	2.27620979514368e-06	-12.888178913738018	3.34623796906411	42294.65125611497	0.0	1437916935.634925	1437916935.634925	0.000747023503216662	1960456.2344095197	6.516427974523844e-06	1.2452595529644843	0.0	1976592617.506805	1976592617.506805	0.0035844456285987016	-1841905.6202093977	4.856727620415454e-06	5.978563136920688
3482.999999977058	0.0	29037821334.13472	29037821334.13472	0.0012218284358132111	151.95120907161174	2.232290075589288e-06	-12.918730031948881	5.514728035080809	41502.24079022831	0.0	1437923390.7564206	1437923390.7564206	0.0007403327675542834	1863919.6246553487	6.504291668987486e-06	1.2627128948666873	0.0	1976588428.1502411	1976588428.1502411	0.0024581485546470074	-1832026.1998183797	4.616459716554267e-06	4.065417427976611
3523.4999999761003	0.0	29037797695.06496	29037797695.06496	0.0012469071431337948	-72.94031847622489	2.208079502262817e-06	-12.952176517571885	5.623031900827581	41086.84066196739	0.0	1437925947.8829644	1437925947.8829644	0.000892012006637999	1996888.8493432691	6.578585418349331e-06	1.5300205515847876	0.0	1976584951.3460546	1976584951.3460546	0.00348304568030941	-1870931.8375961606	4.4959746853932065e-06	5.68453289712843
3563.9999999751426	0.0	29037779297.57059	29037779297.57059	0.001308280382797893	-35.675853760491464	2.2272508399000245e-06	-12.976837060702875	5.887293497596658	41450.484368972786	0.0	1437920659.7071095	1437920659.7071095	0.0010237546205753602	2051311.3537667736	6.609077534502219e-06	1.7372997983380116	0.0	1976579836.6006808	1976579836.6006808	0.004318763196142612	-1885112.3293900397	4.486758769265938e-06	7.014832215142033
3604.499999974185	0.0	29037743269.59438	29037743269.59438	0.0010940923240174765	-63.349141172407634	2.2360267980851805e-06	-13.01427715654952	4.909862372402904	41619.191236955754	0.0	1437917659.237517	1437917659.237517	0.0011506462547936362	1929977.2321975133	6.847733794182658e-06	1.9291577542050873	0.0	1976573633.2745233	1976573633.2745233	0.002727533050055507	-1794376.8017225247	4.375980680905e-06	4.43486040629838
3644.999999973227	0.0	29037710622.73695	29037710622.73695	0.0006606234484396858	-113.7517033025479	2.2329736192218775e-06	-13.048921725239616	2.9923574909790527	41556.7811917418	0.0	1437915795.847072	1437915795.847072	0.001986208191234356	1916043.58094057	6.931351953674607e-06	3.323587289196595	0.0	1976562609.4458528	1976562609.4458528	0.0031581414499469076	-1745651.2890021463	4.341547230892099e-06	5.239906422191167
3685.4999999722695	0.0	29037679791.11046	29037679791.11046	0.0005991623090135306	84.72378975969539	2.213108879298403e-06	-13.080670926517572	2.7290546283170154	41218.84465158438	0.0	1437912962.6771963	1437912962.6771963	0.0019625321369742673	1912005.2328450503	6.823781839807856e-06	3.206296157632093	0.0	1976554770.1228385	1976554770.1228385	0.004257592966937045	-1762088.163892367	4.277904129424547e-06	7.271952578785366
3725.999999971312	0.0	29037640568.821243	29037640568.821243	0.0008422521530522041	135.38051843524562	2.180747146976413e-06	-13.127595846645367	3.8288832881310984	40628.30471548348	0.0	1437913244.8838053	1437913244.8838053	0.0012851224042375793	1865725.4605275346	6.810224996400089e-06	2.0576541673206035	0.0	1976550144.5668502	1976550144.5668502	0.004816724239769885	-1756381.9330126988	4.162328542366545e-06	8.342366365848354
3766.499999970354	0.0	29037605423.429165	29037605423.429165	0.0009587816225117	-29.450684883635176	2.159258754740256e-06	-13.16204073482428	4.36755221149096	40225.570178696966	0.0	1437912011.7400525	1437912011.7400525	0.0009255842938152156	1866363.755801841	6.778724365894702e-06	1.4991385140355036	0.0	1976542581.5276957	1976542581.5276957	0.0043383909340246685	-1751557.1660149859	4.034127683531282e-06	7.514966130272033
3806.9999999693964	0.0	29037571336.251648	29037571336.251648	0.0011031313868237447	-76.90142253256442	2.140522367562638e-06	-13.19698482428115	5.061573737217318	39898.24055942445	0.0	1437913044.2936668	1437913044.2936668	0.0007411529780259538	1895332.4610358977	6.677160734130787e-06	1.220030215147049	0.0	1976535344.577568	1976535344.577568	0.0032985918091504238	-1830895.9646490733	3.942914955816743e-06	5.735683522504515
3847.4999999684387	0.0	29037533638.767395	29037533638.767395	0.0008270397336943934	73.3258051311764	2.107987209626141e-06	-13.234624600638977	3.8249459978134657	39308.564915556	0.0	1437913111.935139	1437913111.935139	0.0006135531179125996	1988752.0920647713	6.701475272233547e-06	1.013083960586724	0.0	1976529648.9124713	1976529648.9124713	0.0025870715724132754	-1878318.600525788	3.862009459918496e-06	4.557462921599677
3887.999999967481	0.0	29037509911.79554	29037509911.79554	0.0006694020702900963	94.24901152582984	2.112043656436255e-06	-13.249800319488818	3.108637743331695	39387.44673996657	0.0	1437909472.6153283	1437909472.6153283	0.0007063828302554467	2033350.4935570634	6.761382428751442e-06	1.1779291440051833	0.0	1976524306.050916	1976524306.050916	0.0024297805048394926	-1857250.2212861867	3.8091057799763795e-06	4.273511406195728
3928.4999999665233	0.0	29037483165.520702	29037483165.520702	0.0006298686913066246	17.10134886916461	2.1140817347409537e-06	-13.269269169329073	2.9354342599994006	39410.84417671136	0.0	1437910344.6812549	1437910344.6812549	0.0010302348938776612	1997788.1621857416	6.928365892962818e-06	1.757833421613819	0.0	1976518424.7271934	1976518424.7271934	0.003153788489767141	-1809927.9155030963	3.657816302508451e-06	5.506570407275211
3968.9999999655656	0.0	29037465620.40657	29037465620.40657	0.0005665147660285772	-27.570140211237	2.0901741660156528e-06	-13.284245207667732	2.6344357417535234	38981.85816767313	0.0	1437913423.6118512	1437913423.6118512	0.0011004023135788104	1954773.2508892259	6.861555921987578e-06	1.8972413558306864	0.0	1976511951.573219	1976511951.573219	0.003835960882275981	-1779018.4886982392	3.6136282400275455e-06	6.69161812844973
4009.499999964608	0.0	29037443725.92421	29037443725.92421	0.0005980759091723097	51.43203802557401	2.079283695517468e-06	-13.308007188498403	2.738892424936897	38810.28980443712	0.0	1437912865.4704092	1437912865.4704092	0.001018636526797361	1955142.5247819647	6.74851480717915e-06	1.7215477180564307	0.0	1976504793.4684713	1976504793.4684713	0.0044075198361732335	-1786941.88445193	3.6444528642434226e-06	7.4988231108952474
4049.99999996365	0.0	29037411497.381893	29037411497.381893	0.0006587042561107511	107.52980909543632	2.08186001063227e-06	-13.33915734824281	2.979401891095637	38828.39338033539	0.0	1437912951.2715497	1437912951.2715497	0.0008995162626833028	1987969.2181858306	6.688252626775168e-06	1.495479020544432	0.0	1976498734.339588	1976498734.339588	0.004210536221715146	-1819337.410876889	3.691801419887904e-06	7.0415298145359575
4090.4999999626925	0.0	29037383988.777393	29037383988.777393	0.0006224633460684523	54.13256672831832	2.1008848134820464e-06	-13.364816293929712	2.794504896706647	39141.084609381294	0.0	1437912625.1018653	1437912625.1018653	0.0009355021921971271	1938613.7480395176	6.812409885619993e-06	1.542150993948863	0.0	1976492715.5135586	1976492715.5135586	0.0037034206483615136	-1779808.576199794	3.698016981869853e-06	6.128541089724325
4130.999999964388	0.0	29037354802.747536	29037354802.747536	0.000647052130871442	15.348330949597253	2.106243024834493e-06	-13.389576677316294	2.936218736247895	39214.506972697025	0.0	1437912312.6666224	1437912312.6666224	0.0008971033749569125	1933511.9891868713	6.896958923229757e-06	1.5040582213388756	0.0	1976486633.5321212	1976486633.5321212	0.00392870053775214	-1778634.878863551	3.673090473502283e-06	6.591435096729838
4171.4999999665	0.0	29037325484.19399	29037325484.19399	0.0006254495068267958	43.51495927938003	2.087611778283586e-06	-13.42052715654952	2.870106555993164	38910.829749948854	0.0	1437913537.608988	1437913537.608988	0.0009677443473125158	1937774.3250266956	6.792855948268301e-06	1.6525356616413673	0.0	1976480443.930083	1976480443.930083	0.003773105093292196	-1770486.822963185	3.6362455744652015e-06	6.405994219715111
4211.9999999686115	0.0	29037307463.779488	29037307463.779488	0.000540079321282697	33.3621716301776	2.0690343547145874e-06	-13.440595047923322	2.4730541597062246	38587.67968850273	0.0	1437920253.1684756	1437920253.1684756	0.0011260245362931845	1981256.200800175	6.742860936834376e-06	1.90381817397761	0.0	1976474695.248345	1976474695.248345	0.0030947901193960686	-1791858.6500685734	3.570296410738469e-06	5.2422787557508626
4252.499999970723	0.0	29037303295.937386	29037303295.937386	0.0005296738805111711	110.55647146066698	2.061877352393438e-06	-13.43470447284345	2.4127371749579765	38412.43106333689	0.0	1437922061.3500488	1437922061.3500488	0.0010330988659886446	2015307.2616905733	6.6915605660296935e-06	1.7299463962631176	0.0	1976469071.5447538	1976469071.5447538	0.002741204776168351	-1817769.1090224644	3.5958711760284254e-06	4.608975143593286
4292.999999972835	0.0	29037278487.476837	29037278487.476837	0.0005230791871457548	103.6769820216584	2.0777373820980033e-06	-13.46026357827476	2.3783282744621332	38677.4223299986	0.0	1437918995.246151	1437918995.246151	0.000925456048404102	1974630.8346534064	6.775395058655357e-06	1.5613192424753568	0.0	1976463713.4585984	1976463713.4585984	0.002341445257695811	-1761153.7403731816	3.6258892848682778e-06	3.9347811232877166
4333.499999974947	0.0	29037245934.350212	29037245934.350212	0.0004964673673860571	48.44057059523578	2.0903818678978345e-06	-13.495107827476039	2.270598981521173	38872.32399098083	0.0	1437916859.1002069	1437916859.1002069	0.0011135273299915783	1929131.6953562237	6.824170162890922e-06	1.913057847107398	0.0	1976458093.6362996	1976458093.6362996	0.0023776327018023447	-1743415.9543848117	3.6211633747161957e-06	4.002228255260134
4373.999999977059	0.0	29037209666.359283	29037209666.359283	0.0004663976545602065	71.02823600179502	2.070201551235071e-06	-13.53214856230032	2.149926858147961	38557.63921039819	0.0	1437918278.7877717	1437918278.7877717	0.0010942074340707796	1908861.5991002247	6.716081794793393e-06	1.9137870559581307	0.0	1976452521.8765833	1976452521.8765833	0.0026565692352497955	-1723744.1469907938	3.6315794744653696e-06	4.5016982386356705
4414.499999979171	0.0	29037186202.985466	29037186202.985466	0.00047464477391496204	131.79078956533652	2.068668420454098e-06	-13.560103833865815	2.201911882634035	38539.0948927861	0.0	1437919247.4222772	1437919247.4222772	0.001209389671804844	1913087.1379932533	6.639115731707129e-06	2.1145631341820113	0.0	1976447003.7193913	1976447003.7193913	0.003309225932350535	-1698215.8531483572	3.6725352737499587e-06	5.662968271629219
4454.999999981283	0.0	29037162599.73728	29037162599.73728	0.0005186633131481521	146.35022665552245	2.0900519992597085e-06	-13.580670926517572	2.3922315096943056	38906.125003816815	0.0	1437919796.1869774	1437919796.1869774	0.001184956067860539	1890563.9415171645	6.7106086752809456e-06	2.0238088334716804	0.0	1976441059.5345993	1976441059.5345993	0.004138540786710733	-1670390.5173616651	3.732190675192653e-06	7.031984843286665
4495.499999983394	0.0	29037132823.75694	29037132823.75694	0.0005749300640409136	142.39804924124724	2.110475476949806e-06	-13.60702875399361	2.626471764253847	39270.11697810508	0.0	1437919125.3475418	1437919125.3475418	0.0010965151413723528	1917535.0541266454	6.778531143670279e-06	1.8328587112571981	0.0	1976435071.100709	1976435071.100709	0.004362775912588047	-1655624.634253778	3.824392907330161e-06	7.354197517231268
4535.999999985506	0.0	29037103018.736805	29037103018.736805	0.000721589761916396	180.6289329106031	2.1441463608205475e-06	-13.63827875399361	3.291363512534361	39856.33640143986	0.0	1437917297.6573143	1437917297.6573143	0.0009585448499229449	1876200.692499398	6.824076343748682e-06	1.5858731966525916	0.0	1976429905.998322	1976429905.998322	0.0037741894467948523	-1637964.5082959803	3.929680604548088e-06	6.41979496643234
4576.499999987618	0.0	29037065229.70806	29037065229.70806	0.0009717822910988742	258.92461479098836	2.1749503676213702e-06	-13.675319488817891	4.481385777029091	40429.81932155068	0.0	1437915596.2181358	1437915596.2181358	0.0010066341493069186	1826431.9992839866	6.917764143051776e-06	1.6811643976148898	0.0	1976425708.9736571	1976425708.9736571	0.0028679973006412057	-1612114.1629349985	4.027906449893444e-06	4.992637679104792
4616.99999998973	0.0	29037031713.90953	29037031713.90953	0.0011457512895974753	238.67562830189573	2.202929718655862e-06	-13.710463258785943	5.374294875243973	40957.89015473237	0.0	1437919785.1432762	1437919785.1432762	0.0010591937508517267	1796309.5926992917	7.037441802870091e-06	1.765281043172059	0.0	1976421232.1087277	1976421232.1087277	0.002780989447449574	-1582759.3062584265	4.115505248245918e-06	5.0281636766229925
4657.499999991842	0.0	29037016994.09515	29037016994.09515	0.0011376317669259328	211.7172116109204	2.2265720747892993e-06	-13.720447284345047	5.32324918909972	41425.545111401036	0.0	1437926007.4383616	1437926007.4383616	0.001127702012048644	1787069.8994732816	7.105630487970877e-06	1.8800228115333228	0.0	1976415044.0980372	1976415044.0980372	0.0026852099794456167	-1556398.9418076403	4.147534088219739e-06	4.836054948508837
4697.999999993954	0.0	29037005701.22417	29037005701.22417	0.001128956418923327	192.35191004156374	2.2433127978815685e-06	-13.733326677316294	5.249368912837007	41765.06055380233	0.0	1437930785.7104192	1437930785.7104192	0.0010718075256193566	1791369.5296654003	7.152225194946151e-06	1.7749326418982356	0.0	1976408288.363611	1976408288.363611	0.0027954853802260845	-1546208.4919918622	4.203001222252961e-06	4.97268340444322
4738.4999999960655	0.0	29036985279.499874	29036985279.499874	0.0012325170654591652	310.1739080435466	2.2657843239597438e-06	-13.76038338658147	5.705139959280745	42170.86474769791	0.0	1437934611.1751826	1437934611.1751826	0.0013262231995376586	1817425.1860569806	7.116824484605813e-06	2.1699153248126595	0.0	1976403284.5056229	1976403284.5056229	0.0028898260362291896	-1540893.789613813	4.371123260478542e-06	5.14713079376386
4778.999999998177	0.0	29036964641.30024	29036964641.30024	0.0013453644695164742	332.1177295647578	2.294587291710739e-06	-13.789436900958467	6.202744561250036	42700.951078301136	0.0	1437937307.003152	1437937307.003152	0.0009297377124033585	1813636.2397921067	7.2351593816752535e-06	1.4924474931338942	0.0	1976397208.0007079	1976397208.0007079	0.00311317555759148	-1491251.4543992104	4.435978632611536e-06	5.658490846340184
4819.500000000289	0.0	29036931995.948086	29036931995.948086	0.0015142570532040403	290.30469767537227	2.3227779927389734e-06	-13.829972044728434	6.963191393513069	43204.32582065166	0.0	1437940892.4974165	1437940892.4974165	0.00028614931876870596	1757295.246172594	7.2536212116068875e-06	0.45531648415184356	0.0	1976388852.728321	1976388852.728321	0.004248632374437285	-1474553.044888834	4.567484112590486e-06	7.714571026022512
4860.000000002401	0.0	29036887809.128975	29036887809.128975	0.0016624338618968972	260.01158306640616	2.3388536831205052e-06	-13.892771565495208	7.644972017616019	43534.753921492695	0.0	1437952414.234171	1437952414.234171	0.00021050222173036502	1787994.852152152	7.3344194167679384e-06	0.3280661285948459	0.0	1976380957.8635366	1976380957.8635366	0.005608514443844452	-1495090.6052899375	4.708531735782796e-06	10.342733241440069
4900.500000004513	0.0	29036870613.599873	29036870613.599873	0.0015401498750643062	178.45972547998332	2.351639935953721e-06	-13.92701677316294	7.055965592737382	43810.301430793625	0.0	1437961605.5055964	1437961605.5055964	0.0003838611661859818	1842620.1674878115	7.307284247903955e-06	0.595147676021058	0.0	1976375665.8223572	1976375665.8223572	0.006097050579411574	-1531232.9412750793	4.732712786049312e-06	11.252456314182387
4941.000000006625	0.0	29036850835.38971	29036850835.38971	0.0017354407737371006	105.11835702268611	2.3540981060220345e-06	-13.963158945686901	7.906736081905325	43812.58805383048	0.0	1437969820.9425597	1437969820.9425597	0.0008432536583302063	1872734.6809350979	7.392668871735561e-06	1.3065266717083286	0.0	1976372927.9182246	1976372927.9182246	0.003957787274848626	-1569482.2284722223	4.64324318965219e-06	7.193721532749224
4981.500000008737	0.0	29036831449.446617	29036831449.446617	0.0018968067469279622	-0.5259866821170895	2.355206410591641e-06	-13.997603833865815	8.72309633399196	43789.88607390692	0.0	1437975391.9535413	1437975391.9535413	0.001189165114171441	1908868.2194305332	7.494870555939951e-06	1.8755178833656836	0.0	1976368800.9014149	1976368800.9014149	0.0029055337288724776	-1555221.119277026	4.575062793115633e-06	5.251014868841497
5022.000000010848	0.0	29036813309.109386	29036813309.109386	0.001868962230008453	-19.246748280871113	2.3652707251422097e-06	-14.020167731629392	8.68544163143485	43979.673734856595	0.0	1437975964.80922	1437975964.80922	0.0011355862942177477	1914522.677166957	7.468993753509309e-06	1.865722616808419	0.0	1976363549.4644558	1976363549.4644558	0.002334018655988073	-1530217.7271473026	4.5650591573990005e-06	4.195676125996161
5062.50000001296	0.0	29036783723.746548	29036783723.746548	0.0018913045594174769	47.12742332172333	2.3573170987334224e-06	-14.065195686900958	8.941404984799956	43835.84089340846	0.0	1437976593.3783255	1437976593.3783255	0.0009983658143905296	1896626.1362356544	7.3376370753760206e-06	1.7145058417242867	0.0	1976358752.576867	1976358752.576867	0.002094950441371448	-1504181.4827118134	4.532010100999095e-06	3.763061035791815
5103.000000015072	0.0	29036753681.153355	29036753681.153355	0.0020537365245469337	72.68395532662201	2.3570600435415648e-06	-14.10613019169329	9.789627725443722	43826.12582776019	0.0	1437980580.8442936	1437980580.8442936	0.0007543528371388129	1879233.0196683393	7.315243942142641e-06	1.3321954154912232	0.0	1976353320.2227087	1976353320.2227087	0.0020038220976237213	-1491708.332282731	4.503049328924098e-06	3.5849526627903723
5143.500000017184	0.0	29036724590.068626	29036724590.068626	0.0022397344294934948	121.21637052028511	2.357808604245637e-06	-14.140774760383387	10.648966769343007	43740.31893542596	0.0	1437985696.1832283	1437985696.1832283	0.0009604749891869125	1899976.8647066245	7.264451155383748e-06	1.7036073252361368	0.0	1976348578.1475594	1976348578.1475594	0.0022477713768646683	-1485918.967225632	4.588852934235152e-06	3.9887016879195896
5184.000000019296	0.0	29036700617.49784	29036700617.49784	0.0022010900595461373	74.04410450673004	2.371332054677712e-06	-14.171126198083067	10.300401069414889	43964.475567872076	0.0	1437991717.527797	1437991717.527797	0.0007464551162197765	1918090.0640907118	7.368726870024275e-06	1.3025424945043453	0.0	1976343326.5162716	1976343326.5162716	0.0026891926406262794	-1480709.512680271	4.616278723905089e-06	4.666733175997705
5224.500000021408	0.0	29036673892.13928	29036673892.13928	0.002028592952910907	-8.224930907869366	2.377691083158484e-06	-14.20367412140575	9.36307034774874	44113.3408308432	0.0	1437995387.4312348	1437995387.4312348	0.000901857340087451	1947928.7606738997	7.473515225768306e-06	1.5507825331147091	0.0	1976338160.442583	1976338160.442583	0.00297783108614149	-1489862.5752838703	4.680411072284191e-06	5.101252101589177
5265.0000000235195	0.0	29036639804.386253	29036639804.386253	0.0017030830601832223	-38.01790423743953	2.3862752209261393e-06	-14.243510383386582	7.764151984427197	44281.52018733413	0.0	1437993867.370205	1437993867.370205	0.0010144936492895264	1979305.8145033559	7.578343468444879e-06	1.7055914308590168	0.0	1976334060.725356	1976334060.725356	0.003206561553429541	-1482775.5100583746	4.782333379931706e-06	5.403547913820659
5305.500000025631	0.0	29036600091.44055	29036600091.44055	0.0015695483398744275	-27.933983759724526	2.39452097916438e-06	-14.282747603833865	7.087102509411613	44463.7069725816	0.0	1437992848.4868994	1437992848.4868994	0.0010128328764227568	2004150.9572340054	7.73477687747779e-06	1.7074871369056515	0.0	1976330562.3170977	1976330562.3170977	0.003242696588172166	-1473376.5661872763	4.7175318895900526e-06	5.3558675965402855
5346.000000027743	0.0	29036564557.293137	29036564557.293137	0.0016366410687969248	-106.50027774551354	2.3910003399002886e-06	-14.320387380191693	7.318559714202313	44402.9062675068	0.0	1437996230.6542864	1437996230.6542864	0.001204299987861551	2035236.8239680487	7.885753865843987e-06	2.036967867481895	0.0	1976327237.340241	1976327237.340241	0.0028388768322897334	-1477759.3832916555	4.536476284035736e-06	4.593854457960352
5386.500000029855	0.0	29036545250.59281	29036545250.59281	0.0015422795392675199	-27.45158566565843	2.3925991814596247e-06	-14.346845047923322	6.868075292201219	44421.381025953844	0.0	1437997200.352036	1437997200.352036	0.001370440791381106	1998177.7264657347	7.9571683728403e-06	2.3479669646048524	0.0	1976323143.242373	1976323143.242373	0.0028723485118111727	-1462289.7665469893	4.482359267839574e-06	4.572791983401061
5427.000000031967	0.0	29036517100.840477	29036517100.840477	0.0015024743203892869	40.47985487560708	2.404977404661397e-06	-14.370607028753994	6.708365941275211	44684.11749122537	0.0	1437998867.8913865	1437998867.8913865	0.0012167689405075052	1925827.7542631726	8.144112119253576e-06	2.141276084098525	0.0	1976319313.5830045	1976319313.5830045	0.0029990957569964415	-1379740.6393404366	4.44017112656281e-06	4.725935172491184
5467.500000034079	0.0	29036492554.48491	29036492554.48491	0.0015114169927903302	18.01347809736161	2.4194199033187588e-06	-14.398063099041533	6.729964002209614	44952.11739012949	0.0	1437999964.6342297	1437999964.6342297	0.0014354731479910403	1886474.0564206573	8.404340856880831e-06	2.571098503005374	0.0	1976316196.785933	1976316196.785933	0.003283122192680398	-1325269.152714409	4.347780121469603e-06	5.085573191312242
5508.000000036191	0.0	29036466696.554832	29036466696.554832	0.0015106219737144374	-19.10471504610886	2.4024081362087266e-06	-14.433506389776358	6.653601559412928	44705.47903323102	0.0	1437998205.2977614	1437998205.2977614	0.00125759768894863	2004460.0165269983	8.318414145206929e-06	2.2360629458332735	0.0	1976311331.8087645	1976311331.8087645	0.003952014379740919	-1337346.589078348	4.356137634368145e-06	6.002680272547549
5548.5000000383025	0.0	29036426591.88517	29036426591.88517	0.0014636014597340567	7.359551355827055	2.390068735086876e-06	-14.487420127795527	6.345665109482773	44555.214118116244	0.0	1437994575.273171	1437994575.273171	0.001325207418295591	1915201.1515004914	8.307925238558295e-06	2.289059042265345	0.0	1976308474.3568416	1976308474.3568416	0.003625971609717784	-1306470.0253197644	4.299233997308474e-06	5.432082083681889
5589.000000040414	0.0	29036372990.431213	29036372990.431213	0.0013010336243857732	-25.055858666016846	2.3944979686379767e-06	-14.548023162939296	5.596601531257865	44626.29970136651	0.0	1437992203.8194957	1437992203.8194957	0.0012479329983928244	1945196.6820167361	8.25965186467007e-06	2.1292488129212854	0.0	1976304908.0525584	1976304908.0525584	0.0031206822941491213	-1264782.736471056	4.378927062211123e-06	4.652281528389634
5629.500000042526	0.0	29036342835.989475	29036342835.989475	0.0011815946501200572	1.8600155750823646	2.415851187198782e-06	-14.582567891373802	5.081223708140176	45025.27710133495	0.0	1437997328.7667203	1437997328.7667203	0.0013629783235144465	1849991.8807661163	8.25613489966352e-06	2.3309414259838204	0.0	1976301086.1673694	1976301086.1673694	0.0028482551034861485	-1226110.8729109229	4.43544789041909e-06	4.2709337688905125
5670.000000044638	0.0	29036314462.577232	29036314462.577232	0.0011853043326164972	2.564714416239861	2.412006115529288e-06	-14.621705271565496	5.100935145434992	44977.96100080156	0.0	1438001399.4747677	1438001399.4747677	0.001152451328668562	1914661.544540296	8.29369994683314e-06	1.9788636219874975	0.0	1976296778.6456013	1976296778.6456013	0.002883703722682561	-1191087.730221096	4.502866713399416e-06	4.365970879762681
5710.50000004675	0.0	29036300452.522118	29036300452.522118	0.0012013940899671142	20.363467848234215	2.4385978005782485e-06	-14.64007587859425	5.152132299058972	45432.23796656499	0.0	1438003411.1301892	1438003411.1301892	0.0008839593291836365	1919271.9723740856	8.218762064011572e-06	1.5218039774198462	0.0	1976292229.02388	1976292229.02388	0.003089877777958926	-1184906.3899102202	4.583315984164102e-06	4.737232801878676
5751.000000048862	0.0	29036266437.698257	29036266437.698257	0.0012622001308922929	-2.7611247405762036	2.4139471446348044e-06	-14.677615814696486	5.386437028975032	45016.19979157156	0.0	1438007296.821749	1438007296.821749	0.0009503534915802567	1942164.6319035732	8.123372323601817e-06	1.625248136672952	0.0	1976288876.5509636	1976288876.5509636	0.002733030220773718	-1224543.9202032024	4.556708262076563e-06	4.269649260914426
5791.5000000509735	0.0	29036240207.195225	29036240207.195225	0.0012530238032347238	106.18161139141485	2.3741570157460066e-06	-14.703773961661343	5.31342537395028	44329.879047335475	0.0	1438010390.5867424	1438010390.5867424	0.001051578898203793	1979305.3916215897	7.943696618083061e-06	1.7746957376699206	0.0	1976285940.8132112	1976285940.8132112	0.002538728912001233	-1220641.624933057	4.49686402071978e-06	4.0655835060909835
5832.000000053085	0.0	29036222570.123337	29036222570.123337	0.0012202753874384648	157.93023227958574	2.375380902964673e-06	-14.719848242811501	5.193439708475796	44310.175563078345	0.0	1438011910.910059	1438011910.910059	0.001665742419651542	1923415.2190096634	7.903042355937583e-06	2.80776699051295	0.0	1976281943.2027888	1976281943.2027888	0.0027318148377255885	-1147933.1358115785	4.528148482709917e-06	4.459026763437979
5872.500000055197	0.0	29036193800.59327	29036193800.59327	0.001134880676869178	97.87394626339679	2.3729742304280886e-06	-14.75579073482428	4.904264303651602	44235.53628093286	0.0	1438014204.2672474	1438014204.2672474	0.001171280625883167	1900925.1964021153	7.915630020448258e-06	2.0121517427052584	0.0	1976277283.785647	1976277283.785647	0.003054740392764792	-1104854.6344818664	4.565348247569224e-06	5.031831624282441
5913.000000057309	0.0	29036162881.352478	29036162881.352478	0.0009546172607648774	74.18865195769601	2.362504602593125e-06	-14.796525559105431	4.145296885487251	44077.853649577635	0.0	1438019059.5235324	1438019059.5235324	0.0009687873654559034	1918064.0706154483	7.81495947619119e-06	1.6653235249526719	0.0	1976271488.8183212	1976271488.8183212	0.003356186870305411	-1087187.7901474852	4.610132762564634e-06	5.515702628116621
5953.500000059421	0.0	29036134943.835064	29036134943.835064	0.0009564280383534165	103.78888484330203	2.3557664299154415e-06	-14.8258785942492	4.1212557481844305	43957.102433502325	0.0	1438020745.325378	1438020745.325378	0.0011102851026467723	1930457.6358539553	7.810895852031136e-06	1.8686871160981373	0.0	1976266551.8104906	1976266551.8104906	0.002868462236175934	-1103661.7915609896	4.572021850713231e-06	4.696608831102035
5994.000000061533	0.0	29036094507.364998	29036094507.364998	0.0009712530526947592	61.590567452206216	2.3496868531945e-06	-14.872503993610223	4.216503027476643	43834.25972437878	0.0	1438021188.6597219	1438021188.6597219	0.0010966993683649137	1952565.3805519436	7.915721317210881e-06	1.8481182496732282	0.0	1976262724.2089055	1976262724.2089055	0.002717503910464852	-1111739.3754244905	4.475275633894051e-06	4.431050764533337
6034.500000063645	0.0	29036056062.176003	29036056062.176003	0.0009932580506479126	59.34077040424335	2.333862653495318e-06	-14.915934504792332	4.368142205882637	43558.93160985295	0.0	1438020025.1149507	1438020025.1149507	0.0010462121217226317	1973996.4852105412	7.88957133937445e-06	1.7802201775326276	0.0	1976259947.2656698	1976259947.2656698	0.002609496301213321	-1094262.4369445278	4.3920501742150275e-06	4.25479126759265
6075.0000000657565	0.0	29036019036.481724	29036019036.481724	0.0009245395943444151	51.62022154248948	2.316156001639768e-06	-14.956569488817891	4.084386308232858	43240.50880890961	0.0	1438014928.32443	1438014928.32443	0.0014607706015104804	1929177.113029147	7.855718465231717e-06	2.505307254047912	0.0	1976257373.8928118	1976257373.8928118	0.002546142851345811	-1084117.9324113466	4.310972336750428e-06	4.160258522764225
