2.681986871286535
Time 	 Eb 	 Ea 	 Ep 	 phi_d 	 phi_z 	 KED 	 MLD 	 K 	 E_k 	 Eb_D 	 Ea_D 	 Ep_D 	 phi_d_D 	 phi_z_D 	 KED_D 	 K_D 	 Eb_U 	 Ea_U 	 Ep_U 	 phi_d_U 	 phi_z_U 	 KED_U 	 K_U 
944.9999999967719	29888593372.72757	609421.8734459281	29889202794.60102	8.129470274670562e-05	-1094.4145285941313	5.42724140491868e-06	-8.505990415335463	0.41290923023894444	102647.4828470762	2072605924.5573406	23663.77177106123	2072629588.3291118	0.0006439157251852946	1422712.0452620585	1.5608984630887014e-05	1.4738592768873702	2849661202.8014593	5011.372777462005	2849666214.174237	0.0003365581143537675	-1344085.6661622825	9.439657012864195e-06	0.767596940914383
985.4999999965816	29888525277.51761	601004.1639117002	29889126281.681522	0.00010932058979650283	-903.2645976132488	5.406104835501705e-06	-8.581968849840255	0.555067054741703	102476.56942037927	2072588973.0028825	25441.86987229576	2072614414.872755	0.0008461006376375036	1449569.3907690472	1.5644175557311955e-05	1.9352624497941706	2849648495.861426	5112.936899159104	2849653608.7983255	0.0004554350883596352	-1366095.4247260217	9.28801674065056e-06	1.0384772973231997
1025.999999996429	29888475082.44169	574886.3048430085	29889049968.74653	0.00010835287654319882	-992.3089184320602	5.411661085446774e-06	-8.657847444089457	0.550217506150995	102256.99811247294	2072573001.9205809	27412.643177392893	2072600414.5637584	0.0007984865973799639	1459834.3861174923	1.586531907853881e-05	1.827395532734799	2849635981.9052773	5164.2606083173305	2849641146.1658854	0.0005334089651226505	-1383172.150350539	9.136463846753606e-06	1.2159688052721929
1066.4999999970062	29888471404.439373	502804.45550766593	29888974208.89488	0.00012757653343702547	-2010.773059115328	5.340775546910995e-06	-8.734424920127795	0.647427305407314	101124.46388525837	2072556189.4774632	29611.37424492417	2072585800.8517084	0.0006635208591330465	1443370.6322786422	1.560069491717931e-05	1.5174086307126444	2849623700.5231795	5164.99790164642	2849628865.521081	0.0006542810055894624	-1379662.8688739478	8.99289036650536e-06	1.4911145457606614
1106.9999999975832	29888434817.418842	459754.25165626407	29888894571.670494	0.00012042132532826245	-2503.213636450407	5.370392688413272e-06	-8.822683706070288	0.6109250253364314	101236.17629291736	2072538035.4456332	30540.039779895913	2072568575.4854128	0.000513070804013937	1437952.5151788318	1.5981721341769467e-05	1.1731655323979067	2849611590.448122	5153.021468116902	2849616743.4695897	0.00062725463805117	-1371815.2684323997	8.858447519147949e-06	1.429135849030302
1147.4999999981603	29888512867.881985	307470.54146793485	29888820338.423462	9.446709698653007e-05	326.8857382942776	5.227360895687415e-06	-8.896365814696486	0.47819150976813346	98963.14290102433	2072530464.574745	35441.90991102951	2072565906.4846566	0.00034094992210566776	1449693.1340915414	1.5196399390174705e-05	0.7754557723233491	2849600111.4327836	5127.312382185832	2849605238.7451663	0.0005666819297309056	-1352893.4165301125	8.733300764219706e-06	1.2907907258877287
1187.9999999987374	29888503401.85049	270258.01663029194	29888773659.86712	0.0001692917238245122	-3275.782670524146	5.192164412895305e-06	-8.954373003194888	0.8505296899899547	98287.14435426373	2072514517.0093882	38102.41576503822	2072552619.425153	0.00037375856673838346	1395996.8469504358	1.5170699892331504e-05	0.8338166181469062	2849589130.095734	5085.082235704176	2849594215.1779704	0.0002655570354931097	-1334662.0243549068	8.607152674353397e-06	0.6047563900554904
1228.4999999993145	29888588968.69936	115104.8431199789	29888704073.54248	0.0005086337456422182	-2211.337020820022	5.158779034796925e-06	-9.050019968051119	2.552973748103032	97699.94588657486	2072498082.2431412	41212.24179269373	2072539294.4849339	0.00535328522244929	1380966.2642327202	1.512410285271307e-05	11.913395762312755	2849578286.1805005	5068.275534777902	2849583354.456035	4.408181965742247e-05	-1336750.4400631122	8.476613852024136e-06	0.10036600758102196
1268.9999999998915	29888627477.176422	-1088.5684152543545	29888626388.60801	0.00013723349577560037	-2964.3978396389407	5.163984558065226e-06	-9.150159744408946	0.6865407005721392	97924.51281798132	2072476859.2144423	36655.4667465291	2072513514.681189	0.00010569393914306936	1476019.4586523967	1.5268181609487767e-05	0.23392257432868271	2849567181.180256	5149.052451028954	2849572330.232707	6.424534341425799e-05	-1355181.8641770943	8.344293502039699e-06	0.14624097797763666
1309.5000000004686	29888633562.172997	-95597.5713876188	29888537964.601612	0.00011372629186854824	-99.39416048156026	5.004575856997888e-06	-9.259784345047922	0.5692062992254336	94838.87643195226	2072456097.3646739	38313.10227399599	2072494410.4669478	9.144888885502018e-05	1434007.7771842326	1.4413141313614555e-05	0.20246922106357026	2849556132.435236	5213.894316433928	2849561346.3295527	0.00011819783268178914	-1370051.7247209107	8.221519621414918e-06	0.2689957489127881
1350.0000000010457	29888532122.61938	-82260.42648544908	29888449862.192898	0.000122680981418397	-3116.799493830298	4.887943730244819e-06	-9.359624600638977	0.6184356981159863	92432.73707234638	2072437793.6917806	41612.63828093279	2072479406.3300617	9.973356434472413e-05	1387291.7246833458	1.389534318325921e-05	0.22493015792929139	2849545746.200162	5286.569569652899	2849551032.7697315	8.766828219542594e-05	-1357466.4940908505	8.116802081243911e-06	0.19945425911642634
1390.5000000016228	29888663316.48751	-287363.52558511496	29888375952.96192	0.0001564171011272782	-2578.4505098763475	4.842721850970995e-06	-9.431409744408946	0.7883370154937938	91809.75224666829	2072424798.4158716	42914.89559933356	2072467713.3114715	0.00028634840819087624	1355930.7160491028	1.3761147960356862e-05	0.647243891586479	2849536396.934208	5267.0754703124985	2849541664.009679	4.146074845208527e-05	-1327990.674961255	8.027237178534075e-06	0.09429446957534127
1431.0000000021998	29888746259.383068	-426035.44756117463	29888320223.935505	0.0005442718710288519	-3768.101462365305	4.782819365561058e-06	-9.56060303514377	2.709754833449335	90852.29146360463	2072410626.461428	48368.70406902931	2072458995.165497	0.008187627384623523	1414533.5722308122	1.3492334217269232e-05	18.19906732231783	2849526868.7455144	5498.445842043031	2849532367.1913567	4.6286324853720716e-05	-1335423.2541776919	7.930267658669868e-06	0.10513104984744147
1471.500000002777	29888887873.00581	-614568.647466898	29888273304.35835	0.00021734804096969944	979.960942088685	4.804494667082375e-06	-9.636481629392971	1.0750392395188808	91139.20319554643	2072402074.503273	42049.60214164107	2072444124.1054146	8.864089629892193e-05	1369906.5726682758	1.3768842588445666e-05	0.19270903157003233	2849517496.247112	5491.2794241365045	2849522987.5265365	2.7447279255812742e-05	-1349956.679224543	7.834787663759228e-06	0.06228317913579442
1512.000000003354	29888769287.21449	-578356.2220726311	29888190930.992416	0.00013046889441008962	1836.7696929909002	4.686062708261372e-06	-9.70636980830671	0.6287018075256697	89032.1961741318	2072380868.6103294	39326.680749983985	2072420195.2910795	6.567651486433664e-05	1544075.5907395089	1.3063102465273357e-05	0.13348347480468703	2849508149.5995374	5569.407434841152	2849513719.006972	3.116713114189779e-05	-1366098.9100583487	7.743917840064065e-06	0.07080361909944581
1552.500000003931	29888750402.00743	-612874.9291551411	29888137527.078278	0.00014973761412723116	657.1267993002216	4.602575077447897e-06	-9.76986821086262	0.7384416428373274	87225.76274901141	2072351323.5576162	37741.841890688054	2072389065.3995068	6.373399023577518e-05	1456994.953121494	1.2674052489181522e-05	0.13674777265787058	2849498916.4364643	5764.009008193853	2849504680.4454727	3.3369600910210167e-05	-1376971.77743531	7.659868030962808e-06	0.07578797614790928
1593.0000000045081	29888672848.228493	-651674.3737416267	29888021173.854755	0.0006385942548359374	-139.402947646869	4.559268968672422e-06	-9.853933706070288	3.178613987646363	86378.1607197911	2072330564.9257536	39063.817932682345	2072369628.7436862	0.0021200239422904457	1440641.9342242258	1.2589550792793962e-05	4.703669617043421	2849489972.99669	6058.813157033175	2849496031.8098464	3.052696309318966e-05	-1384951.7056246242	7.581251411410744e-06	0.06928555152005555
1633.5000000050852	29888670457.632668	-742018.7501029968	29887928438.88256	0.00018114216635520378	-1638.5128614787754	4.56821291226123e-06	-9.942991214057509	0.9050856797463958	86411.71917643648	2072311951.5752647	37139.69646857702	2072349091.2717328	0.0008118234469634462	1401731.9695753034	1.2727138681458973e-05	1.8182724051956003	2849481614.2167196	6264.521675725467	2849487878.7383957	2.883979347307946e-05	-1384328.3199368056	7.50991212005663e-06	0.06544319143556974
1674.0000000056623	29888729967.847046	-882524.0266045034	29887847443.820442	8.666960065437116e-05	-2184.1175845328244	4.474246981314896e-06	-9.98482428115016	0.4338696195336298	84945.72690713101	2072283404.4540622	36876.16774515597	2072320280.6218078	1.9990441172989227e-05	1382878.352469459	1.2225312113675317e-05	0.044692013422499344	2849473937.884843	6390.118698855862	2849480328.0035415	2.8816362196719997e-05	-1382810.8238262776	7.443239135269956e-06	0.06538005284056478
1714.5000000062394	29888663664.47976	-917709.49442482	29887745954.985336	0.0001249208837559432	2286.3203273194813	4.43906703162985e-06	-10.046525559105431	0.6182048075301463	84194.24429357453	2072275103.2670317	33480.313629346434	2072308583.580661	3.9480922180343794e-05	1517315.6977505279	1.198847096435358e-05	0.08587905331290578	2849466499.8959165	6585.318192791193	2849473085.2141094	3.200402187210217e-05	-1395766.7499193856	7.376325362845196e-06	0.07259090013769492
1755.0000000068164	29888731758.826195	-1004504.0526951553	29887727254.773502	0.00011761880528374444	2220.520631998538	4.407062598262045e-06	-10.096246006389777	0.5892458683035317	83337.72696529166	2072274491.5455945	32330.54163377662	2072306822.0872283	3.0509556544694924e-05	1297385.2688386184	1.1686661697460977e-05	0.06821269436325676	2849459510.6599665	6761.935474060009	2849466272.5954404	3.584446181916309e-05	-1400609.6752594782	7.316894882043252e-06	0.08127573440899137
1795.5000000073935	29888579418.698494	-904303.8828125299	29887675114.81568	6.29406059931254e-05	-9340.357546490486	4.3267460659397375e-06	-10.147464057507987	0.3165571144749074	82065.11132127793	2072261514.294427	33497.77899325057	2072295012.0734205	2.0433283361841355e-05	1415877.2192722992	1.1604624941228484e-05	0.04614552879217492	2849452911.2790065	6930.268506105058	2849459841.5475125	5.107822352685047e-05	-1408904.9791908427	7.260919991202748e-06	0.11578805880224584
1836.0000000079706	29888880418.32832	-1243791.4498984814	29887636626.878418	0.00019733271387237445	29.17606898660068	4.276454493634186e-06	-10.16004392971246	0.989052444977691	81205.40546281374	2072238349.3979788	30912.413828629302	2072269261.8118076	2.798417073984241e-05	1506164.0235645673	1.1388729988262817e-05	0.06249912722732437	2849446477.136039	7116.273256168701	2849453593.409295	0.00011113116547653774	-1421025.0759082474	7.224190315700163e-06	0.2518539453409701
1876.5000000085477	29888758334.027332	-1216984.5491543114	29887541349.478184	6.422778204650953e-05	170.95808316851395	4.208778142797128e-06	-10.2566892971246	0.3233701392809365	79997.2653106623	2072214456.6228807	28177.821409124877	2072242634.44429	2.5121395187163093e-05	1335731.403880015	1.0899824125661811e-05	0.056879170841327896	2849440107.056807	7316.0429942766195	2849447423.099801	0.00012401644264263908	-1436127.2461590376	7.179077545176775e-06	0.2809889706674379
1917.0000000091247	29888628204.28308	-1167192.9635081291	29887461011.319576	7.383049515072147e-05	77.02768407443267	4.13095351504014e-06	-10.345946485623003	0.3716277253039834	78513.50522117806	2072215158.4153833	28406.29552863119	2072243564.7109122	2.6362044078445642e-05	1143073.7883982281	1.0667229798590199e-05	0.05975053411955637	2849433849.751988	7525.396535693202	2849441375.148523	8.446850051464536e-05	-1450409.1328104227	7.135633016023981e-06	0.19134562369796376
1957.5000000097018	29888697512.06505	-1253112.7669914663	29887444399.298054	6.921710309773556e-05	-70.9956869897613	4.1347135998060665e-06	-10.348841853035143	0.3487366002156754	78427.58220845154	2072227063.6581752	25055.12573823472	2072252118.7839136	2.6481449789151856e-05	1410964.508469631	1.0746733395836882e-05	0.06021189207217866	2849426925.565188	7728.915333324577	2849434654.480521	5.46769429451912e-05	-1465764.7357700437	7.097904853695618e-06	0.1238368524469533
1998.0000000102789	29888794263.683502	-1294742.6365230381	29887499521.04698	5.115894994591708e-05	85.25896858111393	4.0762686782757545e-06	-10.285143769968052	0.25803250047737825	77464.2032716129	2072237120.0320504	25244.234164999332	2072262364.266215	2.771272398170977e-05	1367985.4507813614	1.0172165397777588e-05	0.06323254901488969	2849420164.326775	7932.866699975915	2849428097.193475	5.929667396540393e-05	-1476521.016903603	7.06556529149931e-06	0.13427303589316428
2038.500000010856	29888734961.093956	-1276888.5572998226	29887458072.536655	7.459891578080214e-05	186.11210101488604	4.049899398252772e-06	-10.295327476038338	0.3765381910061666	76948.67719442685	2072223948.1204054	27040.462881451003	2072250988.5832872	2.6668346554710872e-05	1406401.655464199	1.0091177743519454e-05	0.0609629297029652	2849413642.1233253	8135.8446407634765	2849421777.9679666	8.763552427141512e-05	-1486008.5529210968	7.0369602897696785e-06	0.19841315437964877
2079.000000010258	29888799205.574413	-1379928.0677827299	29887419277.506638	6.241204831764871e-05	-5.673254491096834	4.07011560153086e-06	-10.299820287539935	0.3148550481540458	77292.23378202385	2072200292.5827684	25038.340101932637	2072225330.9228704	2.526831469645689e-05	1440676.1197498706	1.0065562975984188e-05	0.057660324948164955	2849407500.9579687	8364.694030874409	2849415865.6519995	9.92598686935775e-05	-1497186.4382512164	7.01095368527228e-06	0.22469624021887252
2119.5000000093005	29888741585.153122	-1373276.0453526976	29887368309.107777	6.156379469268505e-05	65.50076919073129	3.988421238555044e-06	-10.342452076677317	0.3106966139502033	75844.68652965382	2072213870.2231665	25479.202477934767	2072239349.4256449	2.8062195935180722e-05	1145339.583083502	9.890594925542287e-06	0.06413658329077532	2849401623.9768353	8612.525364360306	2849410236.502199	8.450017324402476e-05	-1511164.7254422128	6.986615720550298e-06	0.19125633919119364
2160.000000008343	29888778844.744625	-1385690.1842887402	29887393154.560337	7.105004699504711e-05	81.82648214419011	3.976775927754463e-06	-10.30011980830671	0.35851060787390826	75678.7998842343	2072220142.5795522	25727.732214438958	2072245870.3117666	3.6026634380842145e-05	1481736.4367927085	9.787566596477426e-06	0.08236282293832353	2849395919.0499825	8838.776354619302	2849404757.826337	7.74758216510521e-05	-1518155.82355386	6.962577583306546e-06	0.17533663009003936
2200.500000007385	29888849624.426666	-1457810.1998337805	29887391814.22683	7.38862711137911e-05	122.06345976801634	4.035792231142896e-06	-10.292731629392971	0.37274331219654583	76681.38784503727	2072204320.156026	25392.957525608595	2072229713.1135514	4.4322838481596777e-05	1494038.1540241106	9.879910803678885e-06	0.10123663114130876	2849390124.0183454	9055.775462928694	2849399179.7938085	7.520887121864561e-05	-1517977.921459117	6.945219371649719e-06	0.17018144706508795
2241.0000000064274	29888754559.950176	-1438465.721457079	29887316094.22872	7.270927696611534e-05	137.56157063736936	4.019778239757821e-06	-10.362919329073483	0.3669034726546521	76166.82095294997	2072211326.3844624	26897.381041473705	2072238223.765504	3.655352420471142e-05	1267926.0637643887	1.012910006932099e-05	0.08364071419562975	2849384999.98678	9258.303658506831	2849394258.2904387	7.274757601550171e-05	-1511040.4280836405	6.921776697432882e-06	0.16458737150091743
2281.5000000054697	29888878726.579014	-1535387.6663523316	29887343338.91266	0.000128359137175105	311.19824299156426	4.021558760059532e-06	-10.32857428115016	0.6467734068874269	76327.46225376337	2072213951.312471	31177.534987100164	2072245128.8474581	7.371099272247459e-05	1458042.1935228726	1.0158681709326852e-05	0.16801941834075895	2849380364.6086035	9460.396034870762	2849389825.004638	6.958758248528992e-05	-1502654.1390975912	6.904041385904511e-06	0.15741134497524784
2322.000000004512	29888942820.415512	-1602665.6485705674	29887340154.76694	0.00012448516662163603	35.32010273425949	4.007702576463161e-06	-10.375199680511182	0.6178191804124135	76321.6941886458	2072210144.790589	37485.93725911016	2072247630.7278485	6.38131688541203e-05	1360137.886581676	9.912873637074114e-06	0.14167285468251065	2849375797.091651	9877.17224233551	2849385674.263894	5.052776977672283e-05	-1504031.6014331838	6.883226352630472e-06	0.11407646186555362
2362.5000000035543	29888988314.88176	-1675820.939250946	29887312493.94251	0.0003315243418044002	22.057380199392526	4.021583925348867e-06	-10.39576677316294	1.6536881274084114	76522.71989737515	2072221165.854053	31282.89859017078	2072252448.7526433	7.006994097002519e-05	1456010.5730402363	1.0223377920400718e-05	0.15543544077973054	2849371744.531304	10028.843991902191	2849381773.3752956	6.430170199033092e-05	-1508610.8167415045	6.862975806207803e-06	0.14539777432241535
2403.0000000025966	29888918869.251236	-1576351.0652395934	29887342518.185997	0.00012373565553299673	221.84881305675094	4.0337933683417015e-06	-10.385882587859426	0.6160892929650459	76786.07542795439	2072209281.6772327	31773.184721520636	2072241054.8619537	4.502650813087999e-05	1505345.9441692391	1.013388569923071e-05	0.0991811892299072	2849368101.464858	10271.132057750132	2849378372.596915	7.907831406228425e-05	-1510458.8279855018	6.844908845201742e-06	0.17879052779222238
2443.500000001639	29888773974.01092	-1481298.695186317	29887292675.315727	9.759315780877847e-05	148.90527441222372	4.0092158105446075e-06	-10.464357028753994	0.4825441233972614	76180.4435370728	2072208992.6568747	36562.09123988543	2072245554.7481146	5.1839330824118604e-05	1225402.350159274	1.0037512616177856e-05	0.11434273956311873	2849365116.1038065	10434.925730156712	2849375551.0295367	0.00012583778086967232	-1514896.3931744867	6.827470940473299e-06	0.28445981589762565
2484.000000000681	29888729564.015423	-1450213.0898414403	29887279350.925583	0.00014072815486612176	-9.91870835200967	3.963518600017267e-06	-10.498801916932907	0.7040202541767668	75372.91683234995	2072222404.9804654	34916.44506546762	2072257321.4255311	4.751121973766202e-05	1385571.788566136	9.94639623362413e-06	0.10722900224604488	2849361733.6287365	10591.038963535799	2849372324.6676993	8.842028115542256e-05	-1517901.0817993083	6.812472815932533e-06	0.19985568173014454
2524.4999999997235	29888900047.44379	-1603960.0605804625	29887296087.3832	0.00013229195117326768	121.41856100476708	3.948225649807137e-06	-10.434504792332268	0.6570451503585085	75134.27019080275	2072208280.7836492	32986.21812880738	2072241267.0017781	4.1513574980264065e-05	1545110.9723764993	9.792459288704911e-06	0.09141841077649762	2849358626.493802	10742.800732233094	2849369369.2945347	8.03150928351156e-05	-1519092.8186561344	6.79909379081055e-06	0.181510944666317
2564.999999998766	29888773131.381287	-1523872.4604001343	29887249258.920883	7.042356232033263e-05	32.50348136989198	3.913714141142255e-06	-10.500499201277956	0.35271570738497376	74492.8000333994	2072205746.8486505	31202.336874518078	2072236949.1855252	3.4848951182293644e-05	1522398.3383082424	9.37363545061797e-06	0.07860582406741981	2849355540.6528764	10918.013640782563	2849366458.6665173	8.171771166607967e-05	-1524586.6336562226	6.785905234453733e-06	0.18466114260274613
2605.499999997808	29888730687.452522	-1461114.0753887894	29887269573.377132	0.00010027018283600438	135.1300168436992	3.780980727958511e-06	-10.493210862619808	0.5031582758348084	72187.81180765062	2072210703.2121556	29931.326314517297	2072240634.5384705	3.710599994574397e-05	1319137.954084344	8.740120797239258e-06	0.08439280049313337	2849352397.7053504	11122.245978528166	2849363519.9513283	8.505614764891994e-05	-1531300.6435809066	6.7735898662089005e-06	0.19218512007625577
2645.9999999968504	29888710173.242264	-1483081.108234167	29887227092.134037	8.356796109556551e-05	82.19573904111746	3.687222914604575e-06	-10.496405750798722	0.4198723521398577	70362.32431664062	2072209653.2674026	30862.260107899085	2072240515.5275106	3.6312997700411965e-05	1580744.8924082427	8.09917929812094e-06	0.08261242810641715	2849349260.603821	11339.245360101573	2849360599.8491807	8.41477034694789e-05	-1538818.8563235276	6.762258556684638e-06	0.19011608369133498
2686.4999999958927	29888720527.45428	-1511445.7612886429	29887209081.692993	7.792896409595753e-05	114.74103345328291	3.6887265231155113e-06	-10.51507587859425	0.3920590350009578	70274.01363112344	2072180317.2589936	25423.298778577704	2072205740.557772	2.4873240322757832e-05	1648139.4277211216	8.046902690893328e-06	0.05691531828684028	2849346157.980614	11559.679727209732	2849357717.660342	8.882656495715035e-05	-1544679.5887025855	6.752076549757375e-06	0.20067228453973268
2726.999999994935	29888662815.60816	-1536324.105834514	29887126491.50232	7.155219370103e-05	112.88537850523261	3.6367864394814223e-06	-10.579073482428115	0.3600478061729934	69401.51415259982	2072157710.804723	23707.938086395618	2072181418.7428093	2.2233121147758836e-05	1504887.8268436545	7.745298218081419e-06	0.050864741728092674	2849343134.2463756	11779.147641755173	2849354913.3940167	8.925938691071593e-05	-1549225.2374050457	6.743581415081096e-06	0.20163906266994625
2767.4999999939773	29888657349.853344	-1597060.231005788	29887060289.62234	6.572012953793795e-05	40.05566532472923	3.5859299578033243e-06	-10.621505591054314	0.3306341367833141	68452.8886410337	2072164782.211313	23078.488520232026	2072187860.6998336	2.578887761848269e-05	1503812.9200909657	7.5671518450849615e-06	0.058994275730119485	2849340105.538019	12010.581353397109	2849352116.119372	8.523925788093712e-05	-1555400.9548625317	6.735378391545423e-06	0.19254747097905206
2807.9999999930196	29888692617.497253	-1604337.3604311645	29887088280.136818	6.713363463315443e-05	67.00509122912429	3.5867520212202472e-06	-10.581569488817891	0.3377618164599484	68460.1165382897	2072166466.0752351	23105.33477938687	2072189571.4100146	2.4429928743161837e-05	1548827.8456659694	7.519875092327335e-06	0.05588796880639166	2849337129.3747497	12232.540060547644	2849349361.91481	9.69807698522911e-05	-1560325.0451823752	6.729042891204769e-06	0.21906286046560663
2848.499999992062	29888742299.82952	-1655125.7985647023	29887087174.030968	6.657403209131569e-05	84.42846698718276	3.573015555751547e-06	-10.566693290734824	0.3348139092773991	68224.01084851168	2072164190.3991144	23186.10456475988	2072187376.5036793	2.727542926172804e-05	1606264.977221004	7.3302312818051014e-06	0.0623471756675551	2849334172.81236	12461.077675484587	2849346633.8900356	9.634487332167051e-05	-1564690.9619903257	6.722663040950242e-06	0.21762553544638719
2888.9999999911042	29888700111.176224	-1647319.200314194	29887052791.975918	6.538525034519626e-05	105.18729633757482	3.541044926796985e-06	-10.597144568690096	0.32887975967195665	67571.00028344028	2072153783.8686414	21835.2681912668	2072175619.1368327	2.438759669841724e-05	1375082.3596297288	7.203549354394768e-06	0.05580967684001751	2849331301.0014772	12674.706208773887	2849343975.7076864	0.00010241297322938667	-1568983.1663513503	6.71802635839758e-06	0.23132370017461754
2929.4999999901465	29888685141.702637	-1660305.813471854	29887024835.889168	6.882217336352206e-05	34.70061104166959	3.527467909516704e-06	-10.616313897763579	0.34611404549266866	67322.67106693605	2072161233.5025146	22365.572478938382	2072183599.0749931	2.5631926795815015e-05	1475805.769467933	7.284910338918262e-06	0.05863211542478001	2849328471.7705355	12875.558554555755	2849341347.3290906	0.00010699436375637233	-1572852.1386192206	6.7163558498101015e-06	0.24166961268622505
2969.999999989189	29888749528.202915	-1702564.3937526643	29887046963.809162	6.961956657960884e-05	66.4705393123266	3.5338159423604498e-06	-10.589257188498403	0.35002929404973643	67503.16084791458	2072160508.517787	22512.677455652505	2072183021.195243	2.7322776282710158e-05	1566560.1157387572	7.194296106570873e-06	0.06251399185608501	2849325700.964657	13058.928464750292	2849338759.8931217	0.00010778262318281947	-1576953.7798532792	6.7138030960367945e-06	0.2434529541537661
3010.499999988231	29888737738.399258	-1700999.6302607956	29887036738.768997	7.030484169329867e-05	63.614530158424394	3.516710282731947e-06	-10.59744408945687	0.35341181728906496	67184.76852363284	2072164297.8607354	22986.115497843362	2072187283.976233	2.9762354767943003e-05	1493653.5547687416	6.983269626748394e-06	0.06808567221482308	2849322973.1370974	13221.50830730563	2849336194.645405	0.00011015133753572803	-1580752.635075376	6.7183671136605455e-06	0.24878526236595844
3050.9999999872734	29888768250.271103	-1725271.6958820226	29887042978.57522	7.47349252454714e-05	51.61103153710346	3.49188869636381e-06	-10.585163738019169	0.375585707294271	66717.4844365301	2072169772.5949538	23658.98316243291	2072193431.5781164	3.189843552977168e-05	1551961.2209049824	6.96026598847206e-06	0.07301378743184325	2849320177.8345046	13380.97614066163	2849333558.8106446	0.00011108145634145859	-1583725.0454671865	6.732766725125578e-06	0.25088637071793385
3091.4999999863157	29888790612.16421	-1739720.6245957615	29887050891.539608	7.43614843288269e-05	66.65301126324823	3.508899646486557e-06	-10.577376198083067	0.373652695699979	66995.17329479477	2072167155.2143874	23589.30539819505	2072190744.5197856	3.245046475159404e-05	1562332.6987940168	6.903391232564651e-06	0.07428814232049459	2849317352.9494762	13530.363203000741	2849330883.312679	0.00011485109019173234	-1586967.7746231398	6.762239633523365e-06	0.2594317803694932
3131.999999985358	29888774468.70842	-1742018.2028892636	29887032450.505527	7.850746854906688e-05	64.79911425833453	3.5184674652984846e-06	-10.594848242811501	0.3943525854484662	67090.15174333565	2072168557.995329	23774.013620523732	2072192332.0089495	3.418263724110967e-05	1467491.1079020645	6.966827808830247e-06	0.07821709384994084	2849314553.649365	13655.391055398619	2849328209.0404205	0.00011437421897107257	-1590588.55571962	6.8192207104056685e-06	0.25825187669734156
3172.4999999844003	29888782917.240734	-1753791.9235490859	29887029125.31719	7.444457667947874e-05	21.003136272531844	3.549622621069736e-06	-10.596246006389777	0.3739880159236114	67556.09847053228	2072175414.064156	24164.5200823145	2072199578.5842383	3.581692255786984e-05	1470184.949268759	7.058385144430211e-06	0.08197868281544785	2849311430.922977	13882.47449465422	2849325313.397472	0.0001086504917501338	-1590436.2762649115	6.965537519031002e-06	0.2454435657164661
3212.9999999834426	29888758477.356644	-1716599.9606184068	29887041877.396034	7.271161949667172e-05	95.34365465316115	3.5772331597773314e-06	-10.582667731629392	0.365321871842142	68064.83248207043	2072180873.7970314	24117.672361481003	2072204991.469393	3.414446343065203e-05	1557220.1709433089	7.178998147266929e-06	0.07816604325818956	2849306743.2229443	14604.572035707068	2849321347.79498	0.00011179715318821966	-1609722.6052840592	6.9993463115291695e-06	0.2523370749143934
3253.499999982485	29888792123.451492	-1746519.8659730554	29887045603.585514	6.79945153865694e-05	22.334784993901884	3.6072646068245344e-06	-10.579173322683706	0.34233232992220614	68589.20960555521	2072185172.8627913	23960.381528791968	2072209133.2443202	2.9970643795808272e-05	1556137.7939914404	7.2041142436862605e-06	0.06849068947440075	2849300972.993325	15908.231337422969	2849316881.224663	0.0001463875983461026	-1600652.6819136788	7.098830077922846e-06	0.33090878003878016
3293.9999999815273	29888818183.294846	-1774736.826402098	29887043446.468437	7.60427646782965e-05	331.18240701561297	3.5995667403523334e-06	-10.584864217252397	0.3835089904636403	68465.29383707841	2072185162.6853442	24334.173974851146	2072209496.8593192	3.0213971234663498e-05	1692793.1296218254	7.22555824842951e-06	0.06886846773545507	2849297364.381011	17394.27345498139	2849314758.6544666	0.00024131998540711323	-1690987.5184802688	7.0386945878153454e-06	0.5466572681913744
3334.4999999805696	29888744283.997826	-1706266.8904788643	29887038017.10735	0.00011995986936026183	62.13362777726816	3.716404139687578e-06	-10.594049520766774	0.6051353320848735	70437.40565613424	2072180327.8999264	25894.52481461363	2072206222.424741	5.1368444338478e-05	1585013.1721048136	7.364372158563889e-06	0.11725450387260457	2849296882.135557	19380.72681920603	2849316262.8623757	0.0010885603899496458	-1619324.048268731	7.436389456563116e-06	2.4578645334642752
3374.999999979612	29888840677.511887	-1815647.7089901569	29887025029.802895	0.00034225454883314777	131.69634578441514	3.789518394208682e-06	-10.609624600638977	1.727275461751462	71740.87959153097	2072197035.25394	24266.300740512088	2072221301.5546808	4.150017729846098e-05	1627413.1818557775	7.90095995241841e-06	0.09482130640408458	2849278611.491946	26093.901799414773	2849304705.393746	0.010030951041405788	-1689697.4300184892	7.455171858957074e-06	22.647227014667656
3415.499999978654	29888747277.29353	-1717613.4691852033	29887029663.824345	0.0007818260446169358	677.1982651003822	3.752068231063004e-06	-10.613119009584665	3.952118504316066	71008.42471037654	2072173924.0082533	33827.362693703035	2072207751.3709474	0.0020756436182782856	2108518.336653908	7.77048945031954e-06	4.7139883871993655	2849298458.8954	23120.616483915597	2849321579.5118837	0.02588216235627348	-2090560.0957008298	7.3727884689539286e-06	58.99416835212042
3455.9999999776965	29888662217.06999	-1632573.9196301103	29887029643.15036	0.0012134094765882547	298.7239768347413	3.918545802294013e-06	-10.624800319488818	6.122990875061814	74084.32880606777	2072142233.4290543	49208.374771545175	2072191441.8038256	0.008060148380318315	1711840.1413851585	8.995385154282377e-06	18.2354021642185	2849324140.2256484	15369.523398005404	2849339509.7490463	0.00021308967302542886	-1702332.114712552	7.202938764678089e-06	0.48701614914068414
3496.4999999767388	29888804361.915207	-1793591.4203623089	29887010770.494846	0.0004333267161412714	154.55509169626296	3.9809223944267886e-06	-10.67142571884984	2.185228434247377	75323.717607834	2072144740.097868	48016.21426635957	2072192756.3121343	0.0010722618726726543	1627507.845618728	9.72590250267737e-06	2.4191146315608627	2849316860.127418	18062.78660332132	2849334922.9140224	0.0005805086571854445	-1628152.9118440012	6.996861936477046e-06	1.3288843805674877
3536.999999975781	29888794106.39339	-1791973.0560991168	29887002133.337288	0.0006041881958224497	536.859450916942	3.924830656251797e-06	-10.687899361022364	3.025670865458587	74306.70596452996	2072130600.7507024	51998.887952363344	2072182599.638655	0.0007093221220612259	1842685.3842905597	9.51934926237534e-06	1.5765069938070846	2849327379.6733446	16600.87353293132	2849343980.5468774	0.0020072598184602336	-1850997.2572583507	6.891515693885517e-06	4.597636347258164
3577.4999999748234	29888751363.80017	-1765885.8724119666	29886985477.92776	0.0005732022969212044	-66.6507992932012	3.942756620935483e-06	-10.722244408945686	2.8797407043679826	74610.68046935875	2072107955.3562918	54431.25992503227	2072162386.6162167	0.0009837594771475865	1656461.3639852672	9.681638995064355e-06	2.196400167945815	2849345983.828649	11711.0782869542	2849357694.906936	0.0002297900672021074	-1666510.1811826134	6.848930021403364e-06	0.5259345466864312
3617.9999999738657	29888496832.98374	-1530797.9901548475	29886966034.99359	0.00035753192060044604	349.3050052919532	3.888318873737357e-06	-10.743909744408946	1.805425358687929	73804.42273280116	2072091683.1044421	51360.867813021876	2072143043.9722552	0.0004210733870265907	1616864.4466331135	9.25864208211839e-06	0.9485885467534563	2849351467.81602	10481.243915158324	2849361949.0599346	0.00010068784663234651	-1596255.9513972134	6.893635011442353e-06	0.2302054370490524
3658.499999972908	29888371737.754265	-1447091.8161976188	29886924645.93807	0.00025699808568182555	91.5591722619736	3.925970529457826e-06	-10.778654153354633	1.3052271450174742	74360.34110099824	2072075953.7102766	47721.28537543188	2072123674.9956522	0.00014239613954541684	1525482.4785166825	9.094066673507701e-06	0.3252467209498091	2849352458.6128664	10219.213907800382	2849362677.826773	6.612830643111597e-05	-1503789.0988201266	7.186664080376559e-06	0.1511898030891503
3698.9999999719503	29888336641.737156	-1457851.4858629704	29886878790.25129	0.00020503581603633012	90.15587702688079	3.9537088135032354e-06	-10.853933706070288	1.0423853724357595	75033.87671792567	2072076863.70996	44023.4814996121	2072120887.1914601	0.00010917783535179788	1510173.203451204	9.58981386840748e-06	0.24968328326172332	2849342886.9488826	12753.90991409635	2849355640.8587966	0.0002640228266757096	-1532428.1402610706	6.94250111779843e-06	0.6042963077564243
3739.4999999709926	29888258150.377293	-1389891.3891839385	29886868258.98811	0.00025875852580843585	295.7379085783508	3.906442110163103e-06	-10.862420127795527	1.3140830733138622	74113.71634051537	2072062389.2203653	41317.23288499634	2072103706.453251	8.413915496953485e-05	1649542.575960181	9.344367325035476e-06	0.1921832327539948	2849351976.898488	11170.16905714292	2849363147.0675454	0.00042218378027333305	-1702889.731241132	6.962792678269291e-06	0.9666997721451851
3779.999999970035	29888224788.772087	-1388463.0828777105	29886836325.68921	0.0003353666879069118	258.83313439001995	3.9245314288725044e-06	-10.87030750798722	1.7025474580861184	74446.14774301919	2072042941.250891	46091.6819745081	2072089032.9328656	0.00016867659561811406	1593318.863071606	9.612602730051035e-06	0.38490537889829035	2849359615.555872	8953.363951536361	2849368568.9198236	8.134182861616417e-05	-1558207.8164247465	6.785238773271552e-06	0.18611608445667624
3820.499999969077	29888096900.794144	-1277966.4391908497	29886818934.354954	0.0002450856723968456	60.239287048376475	4.023727128271619e-06	-10.879992012779553	1.243978941947983	76076.6490413553	2072041870.531332	47182.09162852634	2072089052.6229603	8.732551345246694e-05	1547903.5568328071	1.0205650071089948e-05	0.1991933224738727	2849359273.7902403	8658.583225898445	2849367932.3734665	4.747800422790868e-05	-1507865.9865866592	6.8011669920335805e-06	0.10857104611857515
3860.9999999681195	29888040162.576523	-1260866.0868699104	29886779296.489655	0.00013979502324475875	209.65984251506978	4.032175047379245e-06	-10.914436900958467	0.710399047771768	76399.62440657853	2072023106.2798707	41162.70688762934	2072064268.9867587	3.248823080587756e-05	1514219.641409746	1.0111025432118686e-05	0.07429945665722547	2849357100.053795	8648.201900756452	2849365748.2556953	3.2680274568033523e-05	-1471507.2135369675	6.935507360130853e-06	0.07476678912933371
3901.499999967162	29888046004.363968	-1317099.777257651	29886728904.58671	0.00028030166715220826	354.7412616200964	4.04648517328065e-06	-10.9821285942492	1.4248448129064064	76713.40342911068	2072017168.7165828	47090.54704999993	2072064259.2636328	8.810346045906902e-05	1458216.449369671	1.0131617076810546e-05	0.2017385251619468	2849352255.7350235	9121.893687926931	2849361377.628711	2.9781147198604456e-05	-1438944.505273596	6.9603543414418486e-06	0.06809662031373447
3941.999999966204	29888214971.91368	-1512948.726769656	29886702023.186913	0.003180684550168622	173.11838530841402	4.061327964772065e-06	-11.014376996805112	15.890334776454905	77078.01143574617	2072008119.705182	51969.31269957381	2072060089.0178814	0.00789656681691995	1458993.901822618	1.0423009612809485e-05	17.367919015321093	2849346207.85493	9970.276113823988	2849356178.131043	4.5260219646007366e-05	-1444274.1104429737	6.870645951291017e-06	0.1034200236107143
3982.4999999652464	29888143364.726463	-1471391.9900635332	29886671972.736397	0.0007913039341807684	-219.9663625500159	4.175380195487457e-06	-11.095946485623003	3.922871519762761	79205.6676499785	2071994549.3131642	42033.930262376314	2072036583.2434266	0.002338387729699622	1473379.1154792756	1.1096793463544516e-05	5.117123848293982	2849340650.332077	10954.816156653222	2849351605.1482334	3.821473278626195e-05	-1471198.1900004493	6.788154085328756e-06	0.08681456984404994
4022.9999999642887	29888200781.174946	-1614422.1738726646	29886586359.00107	0.00018516355735110685	110.8612711129119	4.16528650042524e-06	-11.184504792332268	0.9082372947228134	79028.05721223357	2071989665.3019543	31320.34469773993	2072020985.6466522	4.622762221468657e-05	1251561.2366182087	1.1246290736504221e-05	0.09799905734407488	2849336842.484763	11123.322997229174	2849347965.80776	4.1692744408005066e-05	-1492978.2934726337	6.73014357286228e-06	0.09503534100636149
4063.499999963331	29888248599.022217	-1662752.7614341378	29886585846.260788	0.00017702074212947282	191.9108201809355	4.121013088482294e-06	-11.247803514376997	0.8740739877410583	77836.30604212053	2072002066.1574638	38064.39235699223	2072040130.5498207	8.026813882681892e-05	1548824.90798999	1.1056350708875143e-05	0.1720357331736889	2849333428.9043617	11465.917934259398	2849344894.822296	5.2580548456131844e-05	-1503213.4092734903	6.7095079305802765e-06	0.11998010008690757
4103.99999996298	29888076846.015877	-1458764.8279120028	29886618081.18797	0.0003976368074524734	104.5962451798047	4.087714146718738e-06	-11.177615814696486	1.992581506615035	77374.0674151998	2071993803.505876	39207.792455404764	2072033011.2983313	0.0003621173199591893	1467255.792529407	1.0665777235917584e-05	0.8078488899994911	2849330688.6418514	11757.021329229463	2849342445.663181	4.553086119338517e-05	-1498838.5579764922	6.676167096558404e-06	0.10381248232172301
4144.499999965092	29888092048.937607	-1535529.9633710533	29886556518.974228	0.0001546099544268858	121.63250363840662	3.975993095495291e-06	-11.213957667731629	0.7753010184065913	75236.64079937887	2071989968.9730682	33296.32362480997	2072023265.2966928	3.63113451453739e-05	1281615.2814550581	1.0143145536262985e-05	0.08099341214497284	2849328659.986732	11935.48440187145	2849340595.471134	3.595444747118207e-05	-1489459.4064344927	6.670868790516861e-06	0.08188191853381305
4184.999999967204	29888135032.095104	-1599667.7715782076	29886535364.32352	0.00016217531663271364	151.84162441140032	3.986768424058534e-06	-11.278654153354633	0.8136216803553538	75623.18294141705	2071987689.9074297	37094.07341219345	2072024783.980842	0.0002109356753017774	1382316.7919748153	1.0302335566283801e-05	0.47129261236853687	2849326477.119222	12088.376554159911	2849338565.4957757	4.611916956065404e-05	-1482736.3080127614	6.676450037680397e-06	0.10507076179101314
4225.4999999693155	29888043433.53317	-1506358.5340788215	29886537074.999084	0.00012915456647738055	-47.5728911557686	3.964263183625331e-06	-11.288638178913738	0.6499186866220008	75337.41087731099	2071982675.8288848	32831.414451927645	2072015507.243337	2.7215319254630693e-05	1672733.6507741637	9.882063793840788e-06	0.06130372236220079	2849324190.72547	12279.870209163984	2849336470.595679	5.5638677451196226e-05	-1496626.630476551	6.643693019645167e-06	0.12668833561178058
4265.999999971427	29888059549.790695	-1522389.0091955513	29886537160.7815	0.00010650042780219407	190.86193370231814	3.890251308027945e-06	-11.284444888178914	0.536142770151445	73925.66469751428	2071986537.061442	31892.813649646934	2072018429.8750916	3.999744419543826e-05	1193707.7716954914	9.544482791863463e-06	0.09017991359893036	2849322067.7033224	12422.7254827884	2849334490.428806	5.008004723859044e-05	-1510343.1985655872	6.6470736436319125e-06	0.11397067123516798
4306.499999973539	29888077371.13259	-1575890.309651226	29886501480.822945	0.0002828675716359107	17.611665659515495	3.826614196445251e-06	-11.329173322683706	1.4278991484498649	72841.90481880713	2071980618.2623572	33713.26441136282	2072014331.5267687	0.00045262146772505953	1189515.5203806832	9.219396990518829e-06	1.0289688344823924	2849319195.6312003	12748.16796738724	2849331943.7991676	4.6111563993420135e-05	-1520365.2167747288	6.6566095198700556e-06	0.10496730993632208
4346.999999975651	29888033246.94286	-1540516.6324889362	29886492730.310368	0.0001614798847040714	-33.83855297309767	3.854502342243755e-06	-11.295726837060704	0.8097289837123608	73244.16338351945	2071988224.0557551	30358.65742029459	2072018582.7131755	0.0002412102356100546	1339088.9682423712	9.422408116905371e-06	0.5410713998631046	2849316342.4374785	13124.093980764039	2849329466.5314593	4.3673743120080276e-05	-1534133.3246124159	6.628452499437777e-06	0.0991642469312819
4387.499999977763	29888059380.301964	-1542436.9130756706	29886516943.388885	0.00010259306843177934	192.03446934973886	3.872946365947679e-06	-11.258686102236421	0.5175234446992804	73494.82919501493	2071977851.2406425	29916.323159338906	2072007767.563802	1.84206563283367e-05	1422611.3111984883	9.278050675063206e-06	0.041818014119217504	2849314173.52179	13241.484790300485	2849327415.0065804	4.327973526672885e-05	-1535345.6094182045	6.635569084614864e-06	0.09839783013620025
4427.999999979875	29887958802.792313	-1498552.0413144827	29886460250.750996	7.972839396360023e-05	80.52657655357515	3.814155345508193e-06	-11.327076677316294	0.4030283847204861	72238.67007741213	2071977667.1984286	30464.4233927906	2072008131.6218214	1.787896175707799e-05	1053132.6679874628	8.986118370325984e-06	0.04083156263930849	2849311769.9738693	13416.450825766195	2849325186.4246955	6.0068309924180186e-05	-1523372.8662589565	6.6469517248043356e-06	0.13659665431562984
4468.499999981987	29888005265.663357	-1547535.5843504965	29886457730.079006	0.00011335258100211185	3.5294827428632622	3.7677027263810643e-06	-11.348841853035143	0.5718502883029246	71627.67071156086	2071997756.4251876	33301.94129178417	2072031058.3664796	3.9828902715406886e-05	1018942.2950732538	8.855419597400478e-06	0.09054421116822428	2849309467.5838985	13624.434411975088	2849323092.018311	6.639185320061249e-05	-1525543.2396857366	6.626650766697059e-06	0.15095526698167777
4508.999999984098	29887992377.113686	-1477867.0547561648	29886514510.058933	0.00013228551788257233	-87.54120252571374	3.7743103797415757e-06	-11.287739616613418	0.6654711583793339	71786.63053099823	2072012767.3947315	29632.515092359856	2072042399.9098237	0.00013710410495344186	1362978.308400937	8.833725223368133e-06	0.30890397669480835	2849307368.880614	13792.15341724176	2849321161.034032	7.408602063095911e-05	-1532752.0517282467	6.622031264381451e-06	0.16835795221508962
4549.49999998621	29888047851.617832	-1497396.5855549425	29886550455.032272	7.136226279453398e-05	16.6000380146697	3.8038632953426037e-06	-11.216553514376997	0.35983227587295263	72354.28403227398	2072005102.6990886	25541.611902073026	2072030644.3109908	1.0607163927831126e-05	1278277.1927640527	8.902496791069908e-06	0.024142589734532455	2849305030.661726	14036.395769687835	2849319067.0574956	6.474352727291163e-05	-1539443.2527091024	6.617021025642255e-06	0.1470900360574301
4589.999999988322	29887992230.90542	-1485199.2148984969	29886507031.69052	5.9667510210749365e-05	-5.4405594966446005	3.7952443066835116e-06	-11.253893769968052	0.30119245368300107	72044.58167467405	2072017852.2143736	24506.0664238343	2072042358.2807975	1.24822719773986e-05	808484.6936557405	8.909688831899692e-06	0.02852697784508528	2849302665.7211227	14230.48035492189	2849316896.201478	7.340723593233703e-05	-1538074.6460943168	6.627535700218622e-06	0.16674422339767833
4630.499999990434	29888062602.14754	-1513435.6833738536	29886549166.464165	4.4350267066864155e-05	-11.279570680455711	3.792874568282846e-06	-11.19219249201278	0.2235557808148595	72029.91437653473	2072049975.4164898	25449.917395043183	2072075425.3338847	1.0896773900679011e-05	1151567.6042975558	9.035717361723274e-06	0.024835195448998475	2849300275.8869505	14461.199678614736	2849314737.086629	7.987186626701211e-05	-1538228.0871659555	6.61257713748408e-06	0.18146643300982176
4670.999999992546	29888182198.154606	-1524275.077208206	29886657923.077396	7.81535171098558e-05	-34.72314443798186	3.824463499873779e-06	-11.08805910543131	0.3927781226494674	72647.25830390418	2072059047.6514447	25747.636635907456	2072084795.288081	2.806676824770717e-05	1452369.602867609	9.19594959036636e-06	0.06339658760607439	2849298539.586111	14579.56744592078	2849313119.1535573	5.6099876471795856e-05	-1543753.6154600114	6.596624136839911e-06	0.12736201447932005
4711.499999994658	29888185612.62737	-1523465.862796843	29886662146.76457	8.177428705894731e-05	104.4943824190282	3.868614722919751e-06	-11.077775559105431	0.4109452451941499	73424.91571197839	2072045903.9312224	22564.097401589384	2072068468.0286238	0.00014009971835866983	1302923.150881912	9.23591066469652e-06	0.31719572200818164	2849296504.2663093	14748.596513463182	2849311252.8628225	6.151219073361245e-05	-1534814.2674268242	6.634994245729523e-06	0.13958691114091154
4751.9999999967695	29888144008.313198	-1533136.4773979187	29886610871.835804	4.266018743385784e-05	-14.418662011081212	3.808556633003156e-06	-11.111920926517572	0.2145585422699892	72509.59404706793	2072066559.995362	23736.740569747053	2072090296.7359319	1.3511916941446347e-05	1098939.1353962235	9.13101927516549e-06	0.030644737303504026	2849293810.4698057	15063.145496093202	2849308873.6153016	5.876333788995082e-05	-1540359.7814887043	6.61475420144541e-06	0.13340271641956766
4792.499999998881	29888207212.646164	-1515779.902508885	29886691432.743664	3.999931595629371e-05	-20.964180423565693	3.818881253677836e-06	-11.008785942492013	0.20133953322696213	72735.50871569104	2072089889.2503963	22672.674003376622	2072112561.9243999	1.060927261846903e-05	1395647.0938850506	9.202964768283486e-06	0.024158324060811885	2849292119.833015	15144.244055665096	2849307264.077071	6.749418887435797e-05	-1555851.6939939	6.585246009928997e-06	0.15319436777999706
4833.000000000993	29888253098.826656	-1521911.3591501713	29886731187.467506	7.647525620154011e-05	138.35377120509486	3.7941164981710644e-06	-10.96505591054313	0.3856600899313617	72315.63694020451	2072085482.5651128	25655.183768891726	2072111137.748882	1.7930463262826225e-05	1447482.8718552636	8.802269095998837e-06	0.041016392770691745	2849290063.6163507	15290.618254964007	2849305354.234606	7.677797360883303e-05	-1553569.3808517465	6.6263148857759695e-06	0.17414451303017797
4873.500000003105	29888266488.449272	-1558983.1686338782	29886707505.280643	5.5468949801607486e-05	-16.829779877584436	3.700687186212153e-06	-10.981529552715655	0.2798454000128064	70569.81602491188	2072072002.0921435	20982.983196828514	2072092985.0753407	1.1899328514510031e-05	1107908.2323448057	8.262638142907442e-06	0.027253732489349498	2849287085.932437	15650.646457195282	2849302736.5788937	7.839435384333185e-05	-1556660.7627333866	6.61689297970084e-06	0.17783702408721191
4914.000000005217	29888228346.644936	-1569701.937785238	29886658644.707153	4.6924231250215096e-05	-39.26661550159644	3.659390277831845e-06	-11.032448083067093	0.23656104652488816	69797.95461854566	2072107481.840464	18765.846837002784	2072126247.687301	1.2718392624707552e-05	1125333.236545295	8.159969426127036e-06	0.02911241160240587	2849285343.5659924	15754.87294894969	2849301098.438942	8.471266773546025e-05	-1565044.6744867498	6.579287063951686e-06	0.192178587016297
4954.500000007329	29888386259.17879	-1594238.360741645	29886792020.818043	5.567253562885338e-05	68.32674587034785	3.663447815720733e-06	-10.903254792332268	0.2806690838618198	69770.36147744894	2072117616.0096078	20852.582565126242	2072138468.5921733	1.260206886929349e-05	1478309.3327254008	8.128070105397913e-06	0.028813750439112402	2849283495.2224684	15873.929718683474	2849299369.152187	8.022361692902084e-05	-1555240.4012065644	6.624234439376734e-06	0.18186558766361094
4995.000000009441	29888407653.203514	-1611149.2725598067	29886796503.930954	4.066336746347523e-05	61.41927144330658	3.727304337731157e-06	-10.90435303514377	0.20503865143818942	70794.14421577567	2072115205.394048	20242.609739777865	2072135448.0037878	9.303670274183159e-06	1292325.701308007	8.375799037768585e-06	0.021288834243726847	2849280690.130697	16207.085067979524	2849296897.215766	8.259379159913108e-05	-1553429.9450770011	6.609789961345956e-06	0.1872172289732383
5035.500000011552	29888394876.840744	-1605620.8212448212	29886789256.0195	5.143480283295781e-05	127.55044610207632	3.690691358941818e-06	-10.883286741214057	0.25913192810366603	70087.43516414199	2072127929.8728962	23714.356866194168	2072151644.2297626	1.3870886861708889e-05	1442764.2955981283	8.286125748970534e-06	0.03175437002476214	2849279372.3568153	16233.333196563646	2849295605.6900115	8.473542333003903e-05	-1557466.358419022	6.574575871097048e-06	0.1921118001990963
5076.000000013664	29888511017.27442	-1716356.7317707539	29886794660.54265	4.258591485535315e-05	-66.99614848662009	3.728563671681829e-06	-10.870507188498403	0.21457359370571952	70834.59109846172	2072127344.7991476	20725.037412226895	2072148069.8365595	1.1335424768744683e-05	1148162.0965087612	8.485352246650431e-06	0.025845074957385892	2849277544.5839953	16364.477839960484	2849293909.0618353	8.395710668296222e-05	-1543039.8019098865	6.631558362167557e-06	0.19021991183578288
5116.500000015776	29888442823.90061	-1649657.784949392	29886793166.11567	3.444972411251196e-05	54.44893672067444	3.7595225120260773e-06	-10.87300319488818	0.1735973517772194	71344.92159938866	2072145465.4902241	20007.55575981503	2072165473.0459843	1.2227930202002752e-05	1330328.3794553436	8.907054008017415e-06	0.028022521983801753	2849275031.5970755	16647.71690516919	2849291679.313981	9.039315517555939e-05	-1549313.737161411	6.584202477453372e-06	0.20481312153347048
5157.000000017888	29888484985.590324	-1623743.6787299218	29886861241.9116	6.207150696319009e-05	162.96112851407042	3.7818253696386946e-06	-10.79542731629393	0.31256558790179867	71848.1011678692	2072143333.266405	22099.635567342862	2072165432.9019723	1.7859435687135227e-05	1394724.6146252938	8.94615859435443e-06	0.04088734522533437	2849274173.400968	16589.353995427024	2849290762.754964	8.435216333656555e-05	-1546688.9256146026	6.578024942401352e-06	0.1911208816457601
5197.50000002	29888598443.6594	-1756167.2196782827	29886842276.439728	5.223782819052641e-05	-10.21111298072907	3.7974354155825843e-06	-10.819788338658148	0.26291123000955086	72165.16923106636	2072145329.8187408	21821.787245446583	2072167151.6059864	1.5636829769621073e-05	1491556.2603271375	9.138660974741052e-06	0.0355593262533891	2849271955.40379	16810.881714223186	2849288766.2855043	9.003553152961354e-05	-1535578.0169332838	6.6266238587329284e-06	0.203842033014241
5238.000000022112	29888521501.530403	-1678326.5113712254	29886843175.01903	3.720878489951315e-05	133.2043616424158	3.817973371558235e-06	-10.82947284345048	0.18724851165646988	72477.14278293322	2072141073.4356165	20580.355378546286	2072161653.790995	1.1651752995444166e-05	1432843.4655182657	9.121838539509111e-06	0.026614411339987227	2849269770.824654	17034.336880272254	2849286805.1615353	9.186409041164911e-05	-1547871.521003937	6.566561511064562e-06	0.20806836828901754
5278.5000000242235	29888448700.270535	-1626618.610029027	29886822081.660507	7.452391425385915e-05	132.8196816399306	3.7765923762620727e-06	-10.857727635782748	0.3749364513534159	71760.69930825544	2072145850.527802	23736.278095584363	2072169586.8058977	1.93227109129904e-05	1311404.3066343612	8.975137634402547e-06	0.04414813589430118	2849268931.9852242	16978.575988170225	2849285910.5612125	8.914911039892506e-05	-1543657.067339487	6.572939461541637e-06	0.20185902274870063
5319.000000026335	29888537446.31829	-1693488.4188173863	29886843957.899475	5.817163174137975e-05	-171.33540421597428	3.7847048892992205e-06	-10.823482428115016	0.2926733823269654	71860.93923010536	2072164879.3127456	21367.16745560104	2072186246.4802015	1.680643901183221e-05	1523518.673534026	9.001445268385784e-06	0.03831072771605266	2849266525.5515532	17250.928407111904	2849283776.4799595	8.441136340450087e-05	-1536548.9355929734	6.617623028103349e-06	0.19101044529183503
5359.500000028447	29888509295.957184	-1640366.3787102401	29886868929.578476	3.585543706146741e-05	236.77931489128724	3.816922377904579e-06	-10.795726837060704	0.1804154864794848	72437.97053645832	2072155438.8055952	18334.398351947777	2072173773.2039473	1.1875129933302774e-05	1527780.012500038	9.16421601397822e-06	0.027181139780610514	2849264535.318693	17442.25292778341	2849281977.571621	9.642359290654414e-05	-1550229.9558714759	6.549700850913024e-06	0.21826827808248153
5400.000000030559	29888454596.793144	-1609754.4324506375	29886844842.360687	6.530534095674404e-05	96.88604159212021	3.7960361856664146e-06	-10.837859424920127	0.32861689486231366	72055.03375373612	2072146964.7063656	22779.40160557395	2072169744.1079712	1.7347610620305206e-05	1531482.3699820635	9.048784065908593e-06	0.03964497045513865	2849263889.8230286	17352.6098252018	2849281242.4328537	8.552814900429768e-05	-1543070.6198532663	6.578664842868247e-06	0.19353752308607852
5440.500000032671	29888456176.678524	-1646295.7254491153	29886809880.95307	3.652030116114069e-05	50.45958145176911	3.840023938004349e-06	-10.851837060702875	0.18382501283588218	72780.00165027195	2072133319.923765	17840.941422407515	2072151160.8651874	9.783055469428698e-06	1319036.052252141	9.13918445971076e-06	0.022397423089732523	2849261161.4896574	17704.01463093888	2849278865.504288	9.994622415199042e-05	-1533784.5999711803	6.619485046550549e-06	0.22605764874217502
5481.000000034783	29888407117.02331	-1618580.9639584573	29886788536.059357	5.5755950141145257e-05	154.98988056894686	3.7694546175297942e-06	-10.88548322683706	0.28036566419109654	71473.74170309133	2072148726.4437425	21988.562091069758	2072170715.0058339	1.3765890552309847e-05	1348044.1757405642	9.042742998345048e-06	0.031530227078604575	2849260144.474656	17707.311269031372	2849277851.785926	9.184873471615026e-05	-1547074.1589839563	6.547091410408673e-06	0.20775220586631202
5521.500000036895	29888562735.70003	-1737775.7702171803	29886824959.92981	4.840573821971118e-05	-97.68721087565555	3.834461679050698e-06	-10.868710063897764	0.24348548873899267	72655.39111098491	2072142415.6872432	19505.800183689455	2072161921.4874272	1.1053909669258505e-05	1485972.7261085282	9.137751149232404e-06	0.025199337988045308	2849259315.7352686	17678.420918080723	2849276994.156187	0.00010024993689030628	-1520838.9991569784	6.641223332758924e-06	0.22663344186706116
5562.000000039006	29888472689.389534	-1687225.1787886769	29886785464.21074	3.447543977010669e-05	292.0628001085471	3.816211962146673e-06	-10.891873003194888	0.1733157440554168	72355.56886888256	2072149403.404736	19626.50633505266	2072169029.9110708	1.0105216774584208e-05	1440610.3292889188	9.031286391608439e-06	0.023106274958631837	2849256500.016531	18083.27489387244	2849274583.291425	0.00010370572631218097	-1532413.713826145	6.605812688503997e-06	0.23453438316639139
5602.500000041118	29888492169.96925	-1672721.3888911158	29886819448.58036	7.56260282289981e-05	21.56912271062027	3.757819763699894e-06	-10.866713258785943	0.38015271612085677	71238.0072895087	2072140279.2839756	22166.18275532196	2072162445.466731	1.5275104780755834e-05	1523504.3271984071	8.848621140556459e-06	0.03488611260700884	2849257301.802556	17728.63012360409	2849275030.432679	9.581305405054102e-05	-1534048.1520129929	6.616847126407639e-06	0.21644402216982084
5643.00000004323	29888493951.087334	-1712613.45755592	29886781337.629776	3.187995482123529e-05	178.3792725805128	3.869442936945907e-06	-10.92052715654952	0.1603740247696667	73280.1871284153	2072127952.055911	16246.34016999672	2072144198.3960812	8.024150594438215e-06	1454875.6028674173	9.229115834814987e-06	0.018343843216102013	2849254685.946655	18082.854964315193	2849272768.801619	0.00011356358392249015	-1511508.0155332629	6.706052693064045e-06	0.25675523884105317
5683.500000045342	29888392919.025993	-1656401.164300114	29886736517.861694	8.740289096613022e-05	154.1378016389868	3.7659412564620403e-06	-10.974141373801917	0.43928781811292983	71385.97506681923	2072139212.3737657	22867.78238820471	2072162080.1561542	1.5033116820652888e-05	1310521.3823385658	8.752752114107343e-06	0.034317093152135686	2849254073.958798	18037.9886443899	2849272111.9474425	0.0001075088464711417	-1539977.2143139117	6.632455736916737e-06	0.24279241697981502
5724.000000047454	29888474952.70701	-1701208.0269557089	29886773744.68006	5.894174064487386e-05	48.67030844921488	3.802926632975107e-06	-10.923522364217252	0.29650884299407326	71940.43592577451	2072136239.2323155	19610.76012171805	2072155849.9924374	1.338627062195647e-05	1502309.9887921985	8.959858073784837e-06	0.03060655100928207	2849253854.598942	17892.275235329987	2849271746.8741765	9.538380398602019e-05	-1514167.153416564	6.776092543917032e-06	0.21547871787277129
5764.500000049566	29888437039.555378	-1680633.8690937161	29886756405.686283	3.3735600713992636e-05	190.07991217023272	3.8266833283594696e-06	-10.942691693290735	0.16983189821030534	72454.68530749055	2072124158.8999639	18823.200545814816	2072142982.1005101	8.166387032713115e-06	1491532.9722869557	8.986539508846355e-06	0.018680417637814393	2849250887.903103	18329.240470740013	2849269217.143574	0.00010751802498505082	-1523961.6508550192	6.7181465580654975e-06	0.24300854647922454
5805.0000000516775	29888309178.378494	-1581713.0254137963	29886727465.35308	6.993602386371947e-05	34.45313013370611	3.7552305147211753e-06	-10.976737220447284	0.35171074015542	71074.7529217561	2072131842.2324686	20381.48143591266	2072152223.7139044	1.4381476542568723e-05	1278123.7073206245	8.565190328622678e-06	0.032908179388718255	2849251648.69799	17980.145632900763	2849269628.8436227	9.216005129218386e-05	-1532205.360763672	6.7159514492927305e-06	0.2081984485502051
5845.500000053789	29888425052.76968	-1701816.6097960472	29886723236.15988	3.3119487064462526e-05	17.35153324349686	3.826683261433278e-06	-10.971445686900958	0.16683374346184995	72380.31176597375	2072128048.2939296	16603.3209935762	2072144651.6149232	8.129873147209824e-06	1397144.0208812517	9.057166838405553e-06	0.01858824996715863	2849249934.882301	18109.97620938276	2849268044.85851	9.776645938018932e-05	-1497048.896299737	6.831233592481111e-06	0.22107451483715224
5886.000000055901	29888253052.868305	-1527564.985883832	29886725487.882423	5.579537531605705e-05	285.6850071920861	3.811492722286513e-06	-10.981829073482428	0.2810991148152202	72167.84953187818	2072127532.6070385	20180.860132019036	2072147713.4671707	1.1042756288026027e-05	1474983.4840789498	8.936275111547225e-06	0.025291845223924764	2849247736.4242215	18373.07285456825	2849266109.497076	8.83309619802294e-05	-1512114.1417507571	6.700660824327808e-06	0.19980424385961418
5926.500000058013	29888211624.22661	-1506972.091503948	29886704652.135105	5.9172537831625294e-05	-12.070784074652298	3.770272956165799e-06	-10.997004792332268	0.2981213261591669	71353.33652586746	2072126086.3682475	18084.880610854598	2072144171.2488585	1.1670090084684822e-05	1323492.2654644758	8.85752434436149e-06	0.026718911452360352	2849247633.392534	18181.5741261926	2849265814.96666	7.848358394741683e-05	-1502152.7092349825	6.686492743685617e-06	0.17768225181829947
5967.000000060125	29888352176.890465	-1649033.7920421513	29886703143.09842	3.572405612413423e-05	265.5903625398409	3.853172995470598e-06	-11.000499201277956	0.18018959525333475	72947.78754692792	2072117720.4821932	18003.283161979634	2072135723.7653549	8.63278979686902e-06	1485483.1290571452	9.222433429151344e-06	0.019763524777806393	2849244603.454627	18558.567713815017	2849263162.022341	8.967136730255598e-05	-1477159.5953641862	6.765616117782496e-06	0.2031173731603224
6007.500000062237	29888241286.11208	-1550069.4610310793	29886691216.651047	7.63154792164332e-05	-17.200913016756168	3.787705543852347e-06	-11.00758785942492	0.38509054016543526	71882.62259683953	2072115872.341071	20292.899271029048	2072136165.240342	1.3042379361975849e-05	1412117.0143364284	8.793131040327244e-06	0.029810658104900446	2849242019.9045687	18858.85314857494	2849260878.757717	8.551225691914773e-05	-1493685.2719362904	6.6804414462814955e-06	0.19392377340217629
6048.000000064349	29888307577.500008	-1662023.4999952617	29886645554.000015	4.00595396478185e-05	220.9955521771255	3.832730416713207e-06	-11.060303514376997	0.20197441295529617	72568.23940635924	2072105690.3214483	16155.693468610754	2072121846.0149167	9.163997172017056e-06	1398354.4208675611	9.288189554334165e-06	0.020830966608202918	2849240633.593394	18932.2891537603	2849259565.8825474	9.015027215975278e-05	-1493249.7391280003	6.657945196673731e-06	0.20460519896037238
