1.5943257553202483
Time 	 Eb 	 Ea 	 Ep 	 phi_d 	 phi_z 	 KED 	 MLD 	 K 	 E_k 	 Eb_D 	 Ea_D 	 Ep_D 	 phi_d_D 	 phi_z_D 	 KED_D 	 K_D 	 Eb_U 	 Ea_U 	 Ep_U 	 phi_d_U 	 phi_z_U 	 KED_U 	 K_U 
944.9999999967719	30068770222.39781	-639125.3602785766	30068131097.03754	3.2727341599202703e-06	-3263.7486857207577	4.774589894969502e-06	-8.312100638977636	0.01667982844439673	91505.45755719584	2072630131.6704485	5945.382162220776	2072636077.0526109	6.002690026518294e-06	691155.2231848711	1.1649136235009554e-05	0.01372473872375481	2849727597.568993	1208.300113350153	2849728805.8691072	2.0014834046030876e-06	-661673.4198920589	9.356502158456273e-06	0.004601374975334052
985.4999999965816	30068733397.032112	-644261.4720626771	30068089135.560055	4.028663122193193e-06	-2942.7960836167385	4.727213928676182e-06	-8.354932108626198	0.020530204126138256	90660.16355248285	2072625621.4130566	6473.427134368568	2072632094.8401911	6.661295935946397e-06	720131.3938099655	1.1535418891853769e-05	0.015225997690282935	2849715779.6165	1240.7525265663862	2849717020.369026	2.625345568759205e-06	-667493.3120132826	9.225825297535436e-06	0.006035283463480151
1025.999999996429	30068695777.85284	-651454.8776652217	30068044322.975166	4.9648544619487925e-06	-1596.1949296781895	4.6676415705390245e-06	-8.3883785942492	0.02530126394925867	89538.08583953722	2072616447.5234485	6864.460111178458	2072623311.9835596	5.980499159834504e-06	738568.3516151308	1.1310629328849694e-05	0.013669609891304632	2849704216.3705297	1241.111784145236	2849705457.482313	3.5181036330021665e-06	-674121.5166470609	9.0889240637835e-06	0.008087086389404585
1066.4999999970062	30068646902.242085	-658293.0090866685	30067988609.232998	5.884855397943929e-06	-1324.395334406305	4.618222948925817e-06	-8.44219249201278	0.02998453939030108	88586.54940024705	2072606521.074695	7173.9387411512425	2072613695.0134358	5.2269284874135736e-06	744196.0400334061	1.1159024315318045e-05	0.011947172680736333	2849692745.304456	1218.2154100984335	2849693963.5198665	4.777947874744269e-06	-680592.0217815044	8.950933756285564e-06	0.010982344343339353
1106.9999999975832	30068602150.166153	-670886.6493291855	30067931263.516827	6.506564147816656e-06	-1539.8495149243022	4.564055265701282e-06	-8.502096645367413	0.03314674391602038	87564.1026901248	2072597111.0873542	7455.831120982765	2072604566.9184752	4.437383776006801e-06	746428.5919683927	1.0990974085208488e-05	0.010138774485612694	2849681349.9003716	1189.4116309136152	2849682539.312003	5.4531122749211185e-06	-687168.7059391718	8.814946420911985e-06	0.012533279441613107
1147.4999999981603	30068557824.80999	-682287.3672355711	30067875537.44276	6.2062899387916615e-06	-1781.6043434264623	4.505666006234054e-06	-8.55111821086262	0.03160938686126206	86433.2828171629	2072587985.4509676	7727.514421969652	2072595712.9653895	3.75584742792928e-06	749662.4128524731	1.0800013087165905e-05	0.00857595427318085	2849670331.2275634	1172.5540408194065	2849671503.781605	5.514817857062451e-06	-694197.387788744	8.681151755456307e-06	0.012673987399518886
1187.9999999987374	30068519194.492477	-697314.8857403547	30067821879.606743	6.298163202698952e-06	-1932.8204078813933	4.456765033875847e-06	-8.605730830670927	0.03206680728889562	85509.35355522044	2072578973.2561934	8032.286761969328	2072587005.5429554	3.499917376082902e-06	752189.3186775038	1.0668445092960052e-05	0.007985939312782072	2849659695.392813	1150.3345877230167	2849660845.727401	6.680078919372062e-06	-699422.3073457507	8.550620929057558e-06	0.015349987481319634
1228.4999999993145	30068490048.114414	-720371.5498246253	30067769676.564583	6.880667964341913e-06	-1974.213777185033	4.39334161074834e-06	-8.656549520766774	0.03501939158914683	84299.39298009878	2072569822.2476423	8303.107157688588	2072578125.3548	3.3475072026408094e-06	756014.8244106066	1.0436670554385353e-05	0.007633555359293625	2849649348.71033	1123.249092668295	2849650471.959422	7.443694834798615e-06	-702747.7446255988	8.424910465912897e-06	0.01710140741692957
1268.9999999998915	30068464633.65696	-746561.8782551587	30067718071.778698	7.225189140300774e-06	-1826.2567231771259	4.3264325422433054e-06	-8.702376198083067	0.03675627813176737	83014.58380334277	2072560494.6972551	8497.116452276707	2072568991.813707	3.176747275802766e-06	761792.7431622334	1.0171438096429974e-05	0.007239401047558136	2849639274.0603204	1097.9659218341112	2849640372.0262423	7.504435324453508e-06	-706833.4482504898	8.304515413478868e-06	0.017236750545074925
1309.5000000004686	30068446943.166084	-779677.639743194	30067667265.526344	7.368308870370154e-06	-1480.5873649055322	4.274707799011382e-06	-8.752695686900958	0.03746914044638934	82024.0107481495	2072551546.9987116	8732.601001165807	2072560279.599713	3.0617144133984866e-06	769020.88317693	9.996748352706164e-06	0.006972675133417358	2849629557.334976	1074.1602039039135	2849630631.49518	5.865351251374585e-06	-710025.6365372092	8.189809916482983e-06	0.013468590753143309
1350.0000000010457	30068420917.76682	-802269.4630473107	30067618648.303776	6.913756380985404e-06	-1307.5093942206283	4.240584807288514e-06	-8.792032747603834	0.03514352373193362	81363.71003593937	2072542391.2559915	8946.539139878005	2072551337.7951312	2.9028246483280284e-06	773662.5864784085	9.926479043249004e-06	0.006606990773014778	2849620253.2267504	1057.3635912239552	2849621310.5903416	4.486158068283033e-06	-712438.9604779545	8.083339739457423e-06	0.01029927765621592
1390.5000000016228	30068392022.02086	-821751.8288757355	30067570270.191986	6.407339537904237e-06	-1092.8208115500806	4.210051219201361e-06	-8.842152555910543	0.03256218866277572	80785.94050995607	2072532903.013273	9207.163662936538	2072542110.1769364	2.771354664003815e-06	778603.9781415842	9.86623368316247e-06	0.006304199589153305	2849611260.552012	1042.6048642843962	2849612303.1568766	4.0356453271269945e-06	-715250.6304012154	7.984644590754545e-06	0.009263260490066795
1431.0000000021998	30068363847.528275	-841880.8437288703	30067521966.68455	6.77989434123082e-06	-950.140804879677	4.1492375652225975e-06	-8.890475239616613	0.034445179220416566	79613.71423777801	2072523701.3743694	9289.419504530728	2072532990.7938743	2.8267442634395094e-06	782071.1698004398	9.600601796494649e-06	0.006427376606201014	2849602444.7565193	1038.5543215423822	2849603483.3108406	3.9631404546945355e-06	-719691.6282532865	7.892054214596288e-06	0.0090953060150465
1471.500000002777	30068342690.012035	-868163.9494828135	30067474526.06255	6.3010922804411446e-06	-949.5984898849377	4.106276467091418e-06	-8.932008785942491	0.03200482689570266	78800.73558568856	2072514040.5731575	9387.492009405047	2072523428.0651667	2.8500804798714674e-06	790686.4746550114	9.446732228080792e-06	0.006478583586702876	2849593853.3909173	1041.364792227745	2849594894.7557096	3.7343321155637556e-06	-725502.2150515637	7.804715428115848e-06	0.008568779744955896
1512.000000003354	30068326631.99488	-899616.4751867653	30067427015.519695	6.4405396572368564e-06	-626.1587069506622	4.0564074724716456e-06	-8.977735623003195	0.03270772485016276	77842.9540033449	2072504700.643751	9426.554842714218	2072514127.1985934	2.9542322915047143e-06	794985.4398253458	9.23329779535455e-06	0.006714854270939195	2849585447.676763	1059.6205089092255	2849586507.2972713	3.7861658121191296e-06	-731031.1016157629	7.722131482228445e-06	0.00868629801887415
1552.500000003931	30068304830.786324	-923751.2833491416	30067381079.50298	6.194925946838052e-06	-848.392455244561	4.015834831731212e-06	-9.011182108626198	0.031457076467853555	77068.0461695158	2072495886.534545	9503.279065705836	2072505389.8136108	3.041673732832832e-06	798186.3859889491	9.07924719257922e-06	0.006913987729808355	2849577281.1194353	1099.1119028925896	2849578380.2313385	3.973261107125708e-06	-736591.9660511044	7.64346655028391e-06	0.009114080674527443
1593.0000000045081	30068286823.13299	-950554.9279776216	30067336268.205013	6.209500965491695e-06	-867.8750609028273	3.981935020697359e-06	-9.062000798722044	0.03153074492733479	76417.29416899181	2072486731.9004695	9569.923725321889	2072496301.8241951	3.1243162051776255e-06	808820.149442588	8.964301038179467e-06	0.007102586224777446	2849569504.3627725	1152.2352086156607	2849570656.5979815	4.040976957054455e-06	-742994.3319764888	7.5691682783679534e-06	0.00926805197409808
1633.5000000050852	30068266502.834625	-974608.1707168819	30067291894.663902	6.434392742007756e-06	-483.4431328758763	3.96154668579069e-06	-9.10423322683706	0.03267159668341559	76026.83833662567	2072475208.890378	9542.889077991247	2072484751.779456	3.167033465538281e-06	821208.477473191	8.920602809435953e-06	0.0072001718834370605	2849562206.432735	1208.7154848128555	2849563415.14822	4.479605567317836e-06	-749816.9620720306	7.499561968831254e-06	0.010272737603020922
1674.0000000056623	30068238619.397705	-996613.6508461833	30067242005.74686	6.885538724746027e-06	23.32676211496897	3.926597323199698e-06	-9.148063099041533	0.03496283049818936	75356.03639893861	2072465714.0425272	9724.93658458069	2072475438.979112	3.3602645267261386e-06	834713.8092866779	8.77638227111489e-06	0.007640165407626256	2849555378.146609	1262.8657097369432	2849556641.0123186	5.008353684096968e-06	-757126.236769076	7.434960859939338e-06	0.011484095831630564
1714.5000000062394	30068216460.408386	-1014245.1350816042	30067202215.273304	7.1560437236097545e-06	-569.8959766331394	3.884493213884896e-06	-9.18839856230032	0.036333972138684265	74549.28188877853	2072457488.6602635	9791.903437517583	2072467280.563701	3.582471119935127e-06	828933.8506421483	8.592648230118178e-06	0.00814688455082784	2849548960.2336965	1314.9731931760905	2849550275.20689	5.128070361182079e-06	-764586.0281139084	7.3751038196485014e-06	0.011757671555610113
1755.0000000068164	30068203667.16204	-1041955.893505633	30067161711.268536	7.657997917908455e-06	-306.634985732823	3.843803836987231e-06	-9.219848242811501	0.03888269357970496	73770.17851306015	2072448558.3804011	9870.080439750103	2072458428.4608407	3.8073527282075326e-06	829021.2191918563	8.404397825040832e-06	0.008659853200488614	2849542891.8017955	1365.6988868415356	2849544257.500683	5.3744682209644346e-06	-771614.7089669504	7.3196391660861206e-06	0.01232176786146915
1795.5000000073935	30068191203.856754	-1067403.6156392843	30067123800.24112	7.730806162668878e-06	-227.46784410063088	3.7979224310004716e-06	-9.260083865814696	0.03925465096671489	72889.45475398074	2072438657.656811	9825.577712867409	2072448483.2345238	3.928906108874998e-06	866979.0426401817	8.179092776812338e-06	0.00893826149470542	2849537120.8223066	1416.4944414123893	2849538537.316748	5.8436722595991825e-06	-778499.8837708929	7.267924622950131e-06	0.01339659359132587
1836.0000000079706	30068195995.409397	-1120135.2647208571	30067075860.144676	8.472245762410967e-06	91.21563444229352	3.7155993929374236e-06	-9.314197284345047	0.04299186990912257	71310.15381590932	2072426415.1792645	9643.106774508951	2072436058.2860389	3.85542255123928e-06	881595.1104156955	7.969353085534539e-06	0.008774224424334185	2849531628.7827287	1468.319900281727	2849533097.1026287	5.723361215057117e-06	-785678.3893361186	7.23077363755892e-06	0.01311991053259401
1876.5000000085477	30068173992.532883	-1144410.275837183	30067029582.257042	8.332506797602329e-06	87.1625931967884	3.6876660676663474e-06	-9.353134984025559	0.04228971179711396	70773.50944627597	2072416272.4750564	9528.02460548468	2072425800.4996622	3.82368417247363e-06	869920.948488134	7.803963750493528e-06	0.008705627697400957	2849526386.243943	1521.837635435164	2849527908.0815783	5.925310290583049e-06	-792731.0207287904	7.18813847245287e-06	0.013581932117716782
1917.0000000091247	30068155232.161064	-1167933.2336595356	30066987298.927414	8.134094023656872e-06	80.9508017550929	3.662482640312449e-06	-9.387679712460065	0.041290440695313936	70290.81651014405	2072408440.7067919	9499.954340111462	2072417940.6611323	3.840483469678905e-06	878542.9740391183	7.677648886602746e-06	0.008747610967266327	2849521280.9534187	1574.7228449434042	2849522855.676263	5.782209939064552e-06	-800917.2353853433	7.147094883035652e-06	0.013252931309880566
1957.5000000097018	30068154189.75164	-1196168.7807458192	30066958020.970886	8.392626385282314e-06	80.43924766521337	3.6407271136613067e-06	-9.41194089456869	0.042610929677640554	69873.09916424131	2072402291.8994215	9575.94606520608	2072411867.8454869	3.930385670083363e-06	879771.0061155218	7.5566045077310396e-06	0.008956539939941286	2849515594.770089	1612.5641853064299	2849517207.3342743	5.8477484792049465e-06	-811827.252355027	7.110657715429257e-06	0.013402046029503433
1998.0000000102789	30068147453.063164	-1221337.8529903144	30066926115.210175	8.519459360916534e-06	79.4076830867042	3.622280026493438e-06	-9.452376198083067	0.043260623451591956	69520.62256328897	2072395794.0840526	9676.86564349942	2072405470.949696	3.938899022959538e-06	874678.2927346325	7.468756934246518e-06	0.008979470822650522	2849510087.109644	1657.0427573621273	2849511744.152401	5.279587598777503e-06	-818871.7475987276	7.078938389868061e-06	0.01209884201187911
2038.500000010856	30068138236.887856	-1242905.2782452404	30066895331.60961	8.525018282588192e-06	80.30419915764213	3.6098433408884506e-06	-9.479732428115016	0.04329112930550746	69283.73693233693	2072388829.4195013	9755.016256641597	2072398584.4357574	3.9377907616425e-06	915269.768728856	7.4213413535772106e-06	0.008980252654108244	2849504863.8460827	1705.9371049255133	2849506569.7831874	4.9069327879272165e-06	-821738.4231700776	7.051471594850447e-06	0.01124382786063403
2079.000000010258	30068123630.250607	-1263558.1135395393	30066860072.13707	8.68482031308441e-06	84.31313718071392	3.594333811965126e-06	-9.515275559105431	0.04410889229960688	68986.81229163607	2072376673.1693463	9375.535503419116	2072386048.70485	3.6286886976663126e-06	915400.8531285956	7.311831689614971e-06	0.008278266022888336	2849500057.5040994	1761.6081870645285	2849501819.112286	4.761643124135956e-06	-827799.7416418113	7.026098099463786e-06	0.010909892551487868
2119.5000000093005	30068095584.14547	-1279478.738861911	30066816105.40661	8.538580890332586e-06	77.83961844709033	3.5686815902024567e-06	-9.552715654952078	0.04336896495640914	68494.18866052566	2072367801.9313703	9197.275601297617	2072376999.206972	3.5219074685508625e-06	895150.0745154258	7.1869386346585545e-06	0.008036720609485884	2849495598.949711	1821.917614325881	2849497420.867325	4.660473984596055e-06	-833665.6852042187	7.002357553557835e-06	0.010677089640212984
2160.000000008343	30068077656.753826	-1295751.7447753623	30066781905.00905	8.592514881688942e-06	72.33279845761716	3.5531244288335545e-06	-9.588558306709265	0.04364499556124997	68195.64866658434	2072360950.1820862	9133.570056151599	2072370083.7521424	3.50621416299255e-06	901030.9129669364	7.1241059401006996e-06	0.008002913505024021	2849491267.5996804	1882.4186821132898	2849493150.018363	4.611278856453371e-06	-838950.6250096596	6.9771479347605425e-06	0.010563381625016929
2200.500000007385	30068066393.495895	-1312673.2553552391	30066753720.24054	8.70969300045238e-06	71.35944622650342	3.5373713614145464e-06	-9.616014376996805	0.04424099287906399	67894.50991062229	2072355122.0030217	9129.272441323847	2072364251.2754629	3.4997514669901555e-06	888883.6382198915	7.042641477175154e-06	0.007989414184514824	2849486900.3552237	1938.1591634154317	2849488838.514387	4.565297178692903e-06	-843130.3014802993	6.958965117074523e-06	0.010457034016635848
2241.0000000064274	30068057475.3095	-1330627.767068021	30066726847.542427	8.788539313732744e-06	68.47587762774216	3.513460778546666e-06	-9.63917731629393	0.044644572041837735	67436.0720468004	2072349891.5808308	9169.753267558292	2072359061.334098	3.4960752485620253e-06	900240.2378225606	6.934103119140948e-06	0.00798194858513215	2849482930.7315116	2002.2829012423751	2849484933.0144124	4.630456380852829e-06	-850177.6297282189	6.9346163882959484e-06	0.01060524711904432
2281.5000000054697	30068048832.49773	-1345740.0008149445	30066703092.496918	9.037800927412701e-06	69.56895401678084	3.4956640269502575e-06	-9.664337060702875	0.04591146361415944	67093.92953005088	2072343466.2557917	9134.429960757494	2072352600.6857526	3.460156186943646e-06	913419.3184846299	6.820740723606056e-06	0.007900492941404094	2849479178.696042	2075.314025975764	2849481254.010068	4.729783597645162e-06	-855530.93403916	6.9176569908770085e-06	0.010831681684641657
2322.000000004512	30068038208.258026	-1362234.1733740643	30066675974.08466	9.165147201153586e-06	70.10312665685298	3.478783874647485e-06	-9.687000798722044	0.04655920090894566	66770.3620326687	2072336832.40617	9067.174926163629	2072345899.5810962	3.417526161465473e-06	908563.9677591386	6.722217179190929e-06	0.007803488547927588	2849475621.568306	2167.0610739663243	2849477788.62938	4.932563055864323e-06	-860476.1799350509	6.9003366113061894e-06	0.011294964828655142
2362.5000000035543	30068022914.994694	-1373975.0073803738	30066648939.987316	9.313080266309028e-06	68.62532367407889	3.460509326121475e-06	-9.717152555910543	0.047312442477739795	66420.07791555295	2072331465.6545613	9093.321470769122	2072340558.9760323	3.4118023397408114e-06	894693.973005208	6.647668044728551e-06	0.007790500139414451	2849472376.3862333	2283.279446437955	2849474659.6656795	5.251713371937485e-06	-864466.2713377835	6.883443632810147e-06	0.012024557440562675
2403.0000000025966	30068015878.209988	-1389585.5876861068	30066626292.6223	9.757763975515203e-06	66.5456896574768	3.444484485978093e-06	-9.737519968051119	0.04957265798953583	66112.62678962432	2072326505.118442	9244.819558240473	2072335749.9380002	3.5073854872280844e-06	891385.7656157981	6.5870521099996994e-06	0.008008673257427119	2849469793.33829	2378.4267404675484	2849472171.765031	5.804531616896549e-06	-867192.8319912613	6.867055076895003e-06	0.013289000220003106
2443.500000001639	30068007472.809486	-1401483.0686553642	30066605989.74083	1.0371938420133716e-05	62.894542996774305	3.4334443311002193e-06	-9.755491214057509	0.05269275648067609	65901.11560710074	2072321083.869742	9447.90488270484	2072330531.7746248	3.6311087274696754e-06	906199.2529189386	6.534279542590392e-06	0.008290962185054901	2849467857.819646	2394.548906892538	2849470252.3685527	5.663642712459052e-06	-872468.1356518179	6.851147492986256e-06	0.012965375945301037
2484.000000000681	30068001412.924088	-1413708.545667775	30066587704.378414	1.023760439430727e-05	62.3928801546247	3.4243089130108454e-06	-9.775758785942491	0.05200894612292069	65726.05929605849	2072314844.8824482	9387.742183191702	2072324232.6246312	3.4560341075212067e-06	930999.4453169617	6.476474541550819e-06	0.007891004636574226	2849465402.872505	2471.9824828803535	2849467874.854988	5.885194247442176e-06	-877772.2516321905	6.836546510760189e-06	0.013471253523703488
2524.4999999997235	30067985904.24183	-1423376.5572883338	30066562527.68454	1.0196204207530031e-05	64.22893802591446	3.4123407746331205e-06	-9.797923322683706	0.05179731961010872	65496.844665390854	2072306814.4446938	9132.590645197779	2072315947.035339	3.2758994519664198e-06	930014.0299953885	6.4052397066924155e-06	0.007479323519227068	2849463222.439781	2529.4089681357145	2849465751.8487487	5.985729523610903e-06	-882402.7055015778	6.822781943864693e-06	0.013700053061908432
2564.999999998766	30067966532.82563	-1431473.460164167	30066535059.365463	1.0137544903881607e-05	61.05429965872986	3.3992590162744897e-06	-9.826078274760384	0.05149673180316497	65246.1912834092	2072300315.5024629	8991.8273191005	2072309307.329782	3.175830739836248e-06	923512.6510443594	6.344784513963785e-06	0.007250825514460284	2849461126.988653	2587.1017538532615	2849463714.090407	6.182132594899996e-06	-886232.2286819157	6.809843954843433e-06	0.014148165903356515
2605.499999997808	30067949595.539635	-1437198.1807520913	30066512397.35888	1.0116331267124156e-05	58.20548986953461	3.3880490646084162e-06	-9.847344249201278	0.05138473146603064	65031.50189994062	2072294499.970398	8885.487176343799	2072303385.4575744	3.11715801594276e-06	921794.215093276	6.292939367785834e-06	0.007116489939770962	2849459080.5223875	2651.022760555148	2849461731.545148	6.063033937885506e-06	-889049.337597379	6.79750454139405e-06	0.013873891019015058
2645.9999999968504	30067934715.186825	-1443305.8307432905	30066491409.356083	1.0062931058292997e-05	56.13424454242754	3.3789659234034667e-06	-9.86920926517572	0.05110976132059908	64857.3720436484	2072289683.3824117	8833.16281259805	2072298516.5452244	3.0310432354005887e-06	920243.7320295494	6.252982433683452e-06	0.006919387339002769	2849457125.5721707	2715.6149774491787	2849459841.187149	6.159581253742235e-06	-893835.2619547351	6.785709126453268e-06	0.014093128188749068
2686.4999999958927	30067922470.361362	-1448609.543250963	30066473860.8181	1.0016445338676016e-05	52.95990785567227	3.3744594890628866e-06	-9.885183706070288	0.050867330089448215	64771.996619262856	2072285649.2088041	8819.463587308303	2072294468.6723912	2.9747709921827424e-06	924313.5818256949	6.240451105722231e-06	0.006790921565864739	2849455251.005023	2780.9557033777237	2849458031.9607267	6.32564691639707e-06	-897740.8651929107	6.774481500826846e-06	0.014471261503568441
2726.999999994935	30067913114.064903	-1454619.0765663832	30066458494.988346	1.0010541797349033e-05	52.65182038310941	3.3695559267265682e-06	-9.898162939297125	0.050833456734230356	64678.41898199054	2072282009.9180868	8797.63644136861	2072290807.5545282	2.9492966502991595e-06	929233.9729339754	6.221290583388248e-06	0.006732408380110493	2849453478.9765863	2843.740515485406	2849456322.717102	6.4949539486117745e-06	-901337.8872842726	6.763887797312118e-06	0.014856562484948654
2767.4999999939773	30067904567.109566	-1459980.942704238	30066444586.16686	1.0053438570607538e-05	50.005977257165874	3.3608377296259604e-06	-9.91583466453674	0.05104530364856154	64511.5667761664	2072278857.3939962	8767.706365060061	2072287625.1003613	2.942571476155476e-06	931158.1870414821	6.177591267599016e-06	0.006716800570894574	2849451777.1184373	2907.2393122315407	2849454684.35775	6.702779964687174e-06	-905021.9688379829	6.753896939617979e-06	0.01532981022583331
2807.9999999930196	30067894204.973866	-1462823.4131094068	30066431381.560753	1.0165431227616975e-05	50.11401455133826	3.348549970583733e-06	-9.925519169329073	0.05160775939466952	64274.63022014439	2072275505.2048903	8725.366656493396	2072284230.571547	2.9385509954332996e-06	930279.7253366845	6.113625091919953e-06	0.006707619590718683	2849450158.466837	2968.275898858905	2849453126.742736	6.874343637323418e-06	-908615.1557167406	6.744546394424472e-06	0.015719932612112696
2848.499999992062	30067883829.33227	-1466458.2939116284	30066417371.038357	1.0277414621996762e-05	49.9887930682949	3.3392076140815862e-06	-9.940195686900958	0.05217048077487736	64095.39797538836	2072272086.2896204	8699.420626020059	2072280785.7102466	2.927644669838577e-06	936738.1377377027	6.064582116606508e-06	0.006682387987603106	2849448586.319224	3031.3899966925383	2849451617.709221	7.096110059435399e-06	-912279.2660519703	6.735711726703798e-06	0.016224684158179827
2888.9999999911042	30067876204.640083	-1471938.7092194185	30066404265.930862	1.0391779695531256e-05	49.869839613077076	3.329360898237402e-06	-9.952875399361023	0.0527477891983335	63906.82881678463	2072268380.6620793	8673.812103470787	2072277054.4741828	2.9139261365242246e-06	937796.465007035	6.009194909318997e-06	0.006650889375076495	2849447104.881403	3089.3816227242346	2849450194.2630253	7.329848220480573e-06	-915949.8417591307	6.7276045714144595e-06	0.016756599039770663
2929.4999999901465	30067870061.09005	-1480149.976340294	30066389911.113716	1.0489976104183356e-05	48.67994869548489	3.318701130114096e-06	-9.96675319488818	0.053242992723549015	63702.55491973816	2072264750.4269185	8645.73672020249	2072273396.1636386	2.894029088767428e-06	933954.5981937436	5.956610089504914e-06	0.006605271420423428	2849445707.575815	3140.716493532061	2849448848.2923083	7.512930978238465e-06	-919340.1693366799	6.7202787542790724e-06	0.017172509812941612
2969.999999989189	30067861572.676144	-1485764.9721579105	30066375807.70399	1.054852358022657e-05	46.61181064759556	3.308785213537184e-06	-9.978833865814696	0.053535630019636835	63512.7011925654	2072261422.7291665	8623.127898244187	2072270045.8570647	2.875129005011316e-06	936129.2017839612	5.908719343059986e-06	0.006562012277809367	2849444365.341693	3186.6814680099483	2849447552.02316	7.685769002407144e-06	-922377.5255289518	6.713659149143513e-06	0.017564784916014497
3010.499999988231	30067856481.937218	-1493064.504851729	30066363417.43237	1.0605968524450348e-05	45.8805095765797	3.3008680169907143e-06	-9.992811501597444	0.053824510338742346	63361.0051846422	2072258266.701338	8599.222067179158	2072266865.9234054	2.8641709149783906e-06	941520.929611676	5.863598637109495e-06	0.006536932405077963	2849443054.384371	3229.1225965395565	2849446283.5069675	7.853010892973781e-06	-925113.8927348291	6.707678618863378e-06	0.01794404604748214
3050.9999999872734	30067847627.89493	-1496200.838533476	30066351427.056404	1.0691461203360655e-05	45.34322729770543	3.293447664560198e-06	-10.00579073482428	0.05425550219497128	63218.93782668756	2072255178.8352475	8567.122908670455	2072263745.958156	2.8309931118021544e-06	941974.2994080515	5.819780363757305e-06	0.006461239517628327	2849441761.024805	3268.927871592343	2849445029.952677	8.002259874753887e-06	-927606.8973033893	6.702347208279143e-06	0.018281949668051703
3091.4999999863157	30067841101.33426	-1501615.4098740742	30066339485.92438	1.0647096710690615e-05	43.54262174742021	3.2862355039776854e-06	-10.017472044728434	0.05402739930623063	63080.79557194505	2072252436.2410188	8545.292286090553	2072260981.5333052	2.8046009941678474e-06	943702.191402983	5.780872912682182e-06	0.006401040702151986	2849440477.816513	3305.8273843079805	2849443783.643897	8.147603260921757e-06	-929898.5370206217	6.697758391482774e-06	0.01861062964228495
3131.999999985358	30067832192.56443	-1503588.9847203195	30066328603.579712	1.0634887522086565e-05	43.61776635375273	3.2793499036893526e-06	-10.026357827476039	0.053961597007805194	62948.932398862955	2072249260.2058144	8479.519400985911	2072257739.7252152	2.7600044421539377e-06	949439.3621503841	5.742109613340447e-06	0.00629933756639425	2849439198.392983	3339.623820248991	2849442538.0168033	8.236503802904424e-06	-932000.5699220855	6.6941147350693235e-06	0.018809987281996034
3172.4999999844003	30067822548.171806	-1506720.3222501501	30066315827.84955	1.055721092038438e-05	42.02457040254929	3.273242233829427e-06	-10.040634984025559	0.05356347087794929	62831.385488073174	2072245969.181212	8381.480465941131	2072254350.6616778	2.704591326152309e-06	948650.5218352013	5.7030523541788834e-06	0.006172947178219319	2849437905.5647445	3371.674963843077	2849441277.239709	8.35817145738478e-06	-933700.7065116717	6.6927887279987086e-06	0.01908440899058451
3212.9999999834426	30067812272.81465	-1508568.2800285819	30066303704.534615	1.04083377945621e-05	43.90343076208935	3.2679201341229516e-06	-10.05201677316294	0.052803134437035375	62728.91950904952	2072242896.6662571	8283.334014710039	2072251180.0002718	2.643097364922397e-06	953160.123228518	5.668296086434558e-06	0.006032819530154392	2849436573.828021	3406.0251077413554	2849439979.853129	8.183487877743013e-06	-935666.0757167642	6.693348276203588e-06	0.018678757561618426
3253.499999982485	30067803664.128323	-1512468.4078969136	30066291195.720425	1.0393328867675493e-05	34.965770052249724	3.26728462480428e-06	-10.062599840255592	0.05272369305392407	62701.6753606237	2072239606.1267016	8133.278848880902	2072247739.4055505	2.5677983649496533e-06	950225.4743752582	5.633091320776423e-06	0.005860713213722279	2849435160.148881	3448.4379104003306	2849438608.586792	8.657379383164878e-06	-934480.545051016	6.714493446738765e-06	0.01976582879754765
3293.9999999815273	30067786793.945457	-1508518.1829565987	30066278275.76249	9.409708393879435e-06	60.45329486549349	3.267648141056977e-06	-10.07757587859425	0.047735651249054364	62687.888787500335	2072237555.1378431	7914.252591852099	2072245469.3904352	2.476733535914752e-06	953274.8933657825	5.606973725359384e-06	0.005653668245212394	2849432971.2802887	3609.30762809515	2849436580.5879164	7.1455082086296866e-06	-943002.0090164241	6.735313595133734e-06	0.01630195511547217
3334.4999999805696	30067796644.17576	-1529547.0364319088	30066267097.139328	1.0060959511042772e-05	-9.156313369235662	3.2866083406868414e-06	-10.086960862619808	0.051052199327263584	62977.426365146646	2072235614.6735435	7821.291787583381	2072243435.965331	2.383679309533813e-06	944465.5809370211	5.60975445012582e-06	0.005440653376665377	2849431504.1324196	3729.8037887737155	2849435233.9362087	7.743579445864846e-06	-938795.6238354382	6.823957187495487e-06	0.017695811910100306
3374.999999979612	30067774025.31948	-1515623.8233757615	30066258401.496105	8.306571403848948e-06	139.49956730389482	3.3019817104586267e-06	-10.096146166134185	0.04219726695125041	63206.25887839408	2072236450.975554	7584.3133513480425	2072244035.2889054	2.2967899108215802e-06	974968.96823632	5.681781943391504e-06	0.005238490348078831	2849427809.8588743	4218.637620292604	2849432028.4964952	9.280089212073753e-06	-972521.8245482829	6.843893961866587e-06	0.02125466822397203
3415.499999978654	30067787181.22841	-1535602.3001716137	30066251578.92824	1.0843647113673493e-05	-76.92555554376543	3.362914581074649e-06	-10.104333067092652	0.0551325600819262	64245.405650486064	2072234019.8121355	7991.711178276688	2072242011.5233133	2.4555532555859048e-06	962019.5024985075	5.920430775398532e-06	0.005605895514205731	2849427800.2806816	4393.661908224225	2849432193.9425893	1.1659043353232865e-05	-961635.2856134243	6.962304038031627e-06	0.026796775303613893
3455.9999999776965	30067768293.922024	-1522580.147975549	30066245713.77405	1.2419462945838635e-05	219.2022473123257	3.3690419563988276e-06	-10.112020766773163	0.06321224378478378	64379.12328653093	2072232831.1423516	8431.417614098638	2072241262.559966	2.6058242371015498e-06	1060284.41788688	6.094160584585693e-06	0.005956775652933841	2849426388.094736	4947.781841158867	2849431335.8765764	5.0839693252604024e-05	-1058755.993091387	6.866229575209801e-06	0.1167577612963488
3496.4999999767388	30067744870.525837	-1505082.2475433052	30066239788.278294	3.488519928157997e-05	-103.51213753065994	3.4278162873520116e-06	-10.117911341853036	0.1777863809986507	65406.462611975556	2072219831.4839861	10729.314107593147	2072230560.7980938	6.017555387155795e-06	980621.87831307	6.431793922119951e-06	0.013779558595289187	2849436861.392328	3595.3479766324162	2849440456.7403045	1.079339284351558e-05	-978337.3652964989	6.901289348826639e-06	0.0248309206759024
3536.999999975781	30067720424.874092	-1487472.5657456145	30066232952.308346	4.3400829460494685e-05	116.58066123466661	3.43743093433955e-06	-10.126098242811501	0.2213805334219693	65708.56271131634	2072218836.595007	11527.454067472368	2072230364.0490744	8.870981002610659e-06	897421.3688377526	6.4625524958655405e-06	0.020342686413722767	2849435004.912366	3818.3934178948402	2849438823.3057837	8.653611543974808e-06	-898373.8755723044	6.921509245583612e-06	0.01991391036531195
3577.4999999748234	30067660734.468544	-1434576.6617025957	30066226157.806847	4.603470667787454e-05	9.413084164457455	3.4414100167650483e-06	-10.133985623003195	0.23481377388896335	65783.73911270812	2072219727.163996	12202.022896403447	2072231929.1868925	8.778430767924255e-06	965996.8021282149	6.623432133473817e-06	0.020138443537945624	2849431333.2593794	4465.713927164674	2849435798.9733076	2.4730980480826594e-05	-970569.5592180043	6.826816534346823e-06	0.0567845587856695
3617.9999999738657	30067630927.315414	-1410573.8162676096	30066220353.49915	8.066132436240306e-05	240.38513736196586	3.483680240740787e-06	-10.141673322683706	0.41142418974910355	66551.17980680309	2072210048.1180575	14754.514746367931	2072224802.632804	1.5922646662516667e-05	1027035.134540777	6.957649027962525e-06	0.03653613872953478	2849438321.7255054	3698.972537793219	2849442020.698043	2.7278094957907103e-05	-1033231.4003935882	6.787063065460022e-06	0.06266138827539723
3658.499999972908	30067592049.406357	-1377938.2222397926	30066214111.184116	0.0001962828133774414	242.51169942424102	3.5238604548556877e-06	-10.15155750798722	1.0008947472306002	67287.98940244588	2072200927.9093022	17714.49077957496	2072218642.4000816	3.8794050108218066e-05	907855.3720966193	7.295797375099811e-06	0.08899843397939977	2849444144.8575683	2891.817673102021	2849447036.675241	5.524599582199157e-06	-918524.6088894443	6.7316485938159515e-06	0.012695568426882426
3698.9999999719503	30067567651.86432	-1363642.5578898266	30066204009.30643	0.000313122431780546	61.94000924663602	3.5352968989122217e-06	-10.16283945686901	1.597809589132741	67543.94331575264	2072195973.3959737	19101.196991018947	2072215074.592965	7.903475186470143e-05	824482.120009249	7.258004068607657e-06	0.1814505771928686	2849444692.401455	2748.527117587626	2849447440.9285727	3.284802099090766e-06	-837419.642176571	6.814637169099817e-06	0.0075544116363486956
3739.4999999709926	30067509829.041042	-1319919.6652369425	30066189909.3758	0.00014790144378123662	13.047793869266243	3.569313228655817e-06	-10.176018370607029	0.7549425391245306	68268.49243000883	2072194740.654444	17256.475170273334	2072211997.1296146	3.365062520014763e-05	808571.0945225349	7.495573742262903e-06	0.0772866287636914	2849441259.3805733	3044.413696784526	2849444303.79427	3.7475513483526266e-06	-824978.8821884067	6.804576145050505e-06	0.008618438408345577
3779.999999970035	30067459627.81672	-1282256.2319270521	30066177371.584797	0.0001263653604526266	126.52220554210075	3.5364217928652297e-06	-10.190994408945686	0.6444680630971942	67697.3385689902	2072191460.8967159	18623.023814223707	2072210083.9205303	2.9879038505984693e-05	855305.0226875718	7.383314588595331e-06	0.06856917313110934	2849439080.835373	3294.3336822800334	2849442375.1690545	5.513254240563301e-06	-869086.2357871475	6.7309534216819716e-06	0.012653427259789202
3820.499999969077	30067450095.03849	-1286162.7035572827	30066163932.334934	0.00010114408991225996	29.13804025903394	3.522527498817141e-06	-10.203474440894569	0.5157303090690881	67451.94664804969	2072185519.5000904	19123.434426855296	2072204642.9345171	2.1419164508083635e-05	878837.8819664982	7.3126998357302345e-06	0.049105770074564424	2849441531.720513	3018.0031192079186	2849444549.7236333	5.038225089823199e-06	-890530.7616496424	6.714025210281152e-06	0.011571465900047399
3860.9999999681195	30067409308.571186	-1256898.6138599962	30066152409.95732	7.635695466914698e-05	149.4655752811305	3.554878277101762e-06	-10.21305910543131	0.3890114785782944	67951.7369674683	2072183011.050114	17042.42042236775	2072200053.4705362	1.4282576568669473e-05	862738.0087871474	7.529807495128267e-06	0.0326903300389702	2849442200.9813814	2871.373377382755	2849445072.3547583	3.4796458249929067e-06	-849100.2219892071	6.707203083352851e-06	0.007998530082398241
3901.499999967162	30067387596.274063	-1236576.3979511857	30066151019.876106	0.00011181675949767378	87.38736397230552	3.5614956797115037e-06	-10.218250798722044	0.5700235536341605	68129.76203481478	2072175218.257571	18862.742893818766	2072194081.0004647	2.7370320850641144e-05	830030.0844760081	7.54905304988735e-06	0.06272277285294939	2849440673.5892243	2965.352194178849	2849443638.941418	3.3744116649640393e-06	-828172.7440574868	6.709475625545617e-06	0.007755724234027569
3941.999999966204	30067334955.544872	-1224710.6571492776	30066110244.88773	9.167531864930404e-05	30.106405630835567	3.555264428602433e-06	-10.258586261980831	0.4674298314230754	68011.47050697122	2072164020.6787176	16778.0312711671	2072180798.7099888	1.128533826979644e-05	881472.4077799259	7.573935393643335e-06	0.0258761106034327	2849438977.3616	3101.069513440132	2849442078.4311132	3.695357778947702e-06	-830283.7567696397	6.685018807683119e-06	0.008485211373077183
3982.4999999652464	30067306810.466785	-1220495.4500893503	30066086315.016693	0.00015157438013493516	138.9077128111128	3.512867030194521e-06	-10.28873801916933	0.7726112075022045	67286.28803107477	2072154488.119734	16620.15812505409	2072171108.277859	2.0877739074171455e-05	848865.9375623555	7.244278068611152e-06	0.047866108376504055	2849438332.4298863	3145.643416009843	2849441478.0733023	3.868720308511895e-06	-837716.1251624383	6.656726573880393e-06	0.008875994284055456
4022.9999999642887	30067226917.56865	-1187484.7073854953	30066039432.86127	3.211571204719479e-05	-32.5840685370009	3.491765296072505e-06	-10.335762779552716	0.16355367320723188	66900.03101025517	2072143871.2139041	13959.294027101247	2072157830.507931	6.397024227026358e-06	837033.6703147832	7.224561264024569e-06	0.014647001925946854	2849438104.3597603	3141.8762538842852	2849441246.2360144	3.97443181582114e-06	-842212.4674081783	6.652678385266207e-06	0.009117979155782663
4063.499999963331	30067146100.833893	-1127960.501601927	30066018140.33229	2.692682088552251e-05	110.3835356714685	3.4933172293214962e-06	-10.364117412140574	0.1370579494873841	66943.8405574888	2072134861.6702375	12731.739548712967	2072147593.409786	7.884373573221962e-06	774072.5196376977	7.150372502878342e-06	0.01803992107730104	2849437618.276647	3162.857395220548	2849440781.134042	4.149849066831442e-06	-845650.178806723	6.653702978166669e-06	0.009519590865687245
4103.99999996298	30067128255.10605	-1128027.9602453262	30066000227.145805	2.1327977186120718e-05	77.90434971782692	3.4870872129034676e-06	-10.379093450479234	0.10863766750474445	66822.01519468226	2072137433.390601	13869.235948204994	2072151302.6265492	4.826780454170871e-06	803354.3451854152	7.1490158941686594e-06	0.01105761448171288	2849437003.260721	3197.615817412734	2849440200.8765383	4.199281863351475e-06	-850757.855290863	6.650465338232762e-06	0.009630302508569147
4144.499999965092	30067150837.25184	-1157892.5449282154	30065992944.706913	3.298483485722882e-05	61.42152243163214	3.467770990334699e-06	-10.390575079872205	0.16732418086446846	66485.0764909444	2072130706.6368701	13042.408565644175	2072143749.045436	5.632273282201093e-06	884783.0197125	7.081690049698565e-06	0.012809202453817873	2849436401.482362	3231.5284057222307	2849439633.0107675	4.411713789454466e-06	-855232.3896871353	6.647799211450394e-06	0.010115198378908431
4184.999999967204	30067112233.123165	-1135850.808698304	30065976382.31446	5.875374539029389e-05	66.87423098017135	3.457188577435851e-06	-10.410543130990416	0.29885004637110707	66289.86957262387	2072118682.00503	11669.135027457027	2072130351.1400573	9.333853017009406e-06	798293.3153741816	6.841964847426962e-06	0.021332955014506504	2849435812.1638155	3265.5386769212782	2849439077.7024927	4.461656026905318e-06	-859000.6162004726	6.6454816557964805e-06	0.010228320330177426
4225.4999999693155	30067062475.654984	-1129117.2543193176	30065933358.40067	1.4578336976314601e-05	29.52569431496441	3.3963870633908536e-06	-10.458965654952078	0.07422678303601565	65141.60790076793	2072124585.3713198	11761.841786943376	2072136347.2131066	3.2628809703517274e-06	585922.7205446643	6.583867996652276e-06	0.00747516657719719	2849435229.8752055	3295.514632549137	2849438525.389838	4.569022993065988e-06	-862870.1478094206	6.643227870785819e-06	0.010473204340770075
4265.999999971427	30067095860.566933	-1128602.1616921201	30065967258.405243	1.9314402368972903e-05	9.85851339678936	3.3696245643431877e-06	-10.407747603833865	0.09831646417803486	64656.68436658743	2072130109.5605643	10260.339911796153	2072140369.9004765	3.7681089603725847e-06	902651.6004283305	6.457510558603969e-06	0.008628842816063758	2849434628.2713823	3329.24760209769	2849437957.518985	4.656055359700977e-06	-867890.0652575667	6.640775356879519e-06	0.010671652296589711
4306.499999973539	30067103050.67884	-1137270.308310084	30065965780.370525	1.677103876119106e-05	76.32248137659028	3.3581581595653346e-06	-10.416234025559106	0.0853598092324562	64448.371161785544	2072120145.2837706	9243.02948050946	2072129388.313251	3.0566998748825563e-06	861307.1234682427	6.1801338926871945e-06	0.006997189591895104	2849433999.4689474	3365.6192557439203	2849437365.088203	4.790176390388483e-06	-873211.32056526	6.638397102399617e-06	0.01097806502225193
4346.999999975651	30067081036.325424	-1154286.9484050572	30065926749.37702	1.1702843392402694e-05	56.76114457922928	3.3222600448074763e-06	-10.453873801916933	0.05954610460672884	63761.88092215328	2072113612.961157	8409.481345042586	2072122022.4425025	2.383587767099183e-06	713989.0247905394	5.916489459567661e-06	0.005453973754505322	2849433350.9338493	3403.674621321261	2849436754.6084704	4.917602087165038e-06	-878500.2161989891	6.63606064888789e-06	0.011269099496710172
4387.499999977763	30067087406.756687	-1174472.1511583328	30065912934.605537	1.0074481213675663e-05	7.575899858588633	3.2830135354097456e-06	-10.463857827476039	0.051247459857270715	63009.83684135355	2072123636.6161492	8876.912893567234	2072132513.529043	2.3132472040244605e-06	564366.3038608076	5.875914359365469e-06	0.005290486445318317	2849432689.224916	3442.823757342994	2849436132.0486736	5.022071393658e-06	-883530.24214792	6.633754900859185e-06	0.011507402433540138
4427.999999979875	30067143119.91123	-1192087.953325905	30065951031.9579	1.2342463864905428e-05	-12.786753855726039	3.2855705036611395e-06	-10.412539936102236	0.06276736985256556	63060.17468959064	2072126657.5543141	7878.470998320728	2072134536.0253122	2.182881781217902e-06	846314.7683012299	5.877036192978459e-06	0.004990096037606999	2849432026.37177	3482.362366307527	2849435508.7341366	5.124205515410148e-06	-888240.0855558107	6.631556092174461e-06	0.01174023609300769
4468.499999981987	30067153722.50995	-1209541.7534825653	30065944180.756462	7.66746092217466e-06	20.837643730753747	3.281837235387951e-06	-10.426417731629392	0.038986813608489865	62989.74265358281	2072131184.3682854	6958.230981756002	2072138142.599267	1.716594261248938e-06	569219.8018654385	5.7728741040868636e-06	0.0039226806754924315	2849431359.820722	3521.6378710642452	2849434881.458593	5.238914212880833e-06	-892664.4076726347	6.6293683341760635e-06	0.012001748449764961
4508.999999984098	30067192774.568672	-1234835.7135350108	30065957938.855133	8.98276989671354e-06	-5.3240765128363226	3.270159197542017e-06	-10.407448083067093	0.0456644411631502	62766.29873856458	2072144114.4653468	7615.630846761166	2072151730.096193	1.911016727017464e-06	768056.681907709	5.8399659257243774e-06	0.004365623851152642	2849430699.0238934	3560.8957193829115	2849434259.919613	5.33436204883127e-06	-896728.0249465099	6.627278817482912e-06	0.012218960965388154
4549.49999998621	30067253334.268948	-1249938.1398276836	30066003396.129116	1.3472258358173677e-05	49.43565259236063	3.279745236780036e-06	-10.364816293929712	0.06847375064969702	62950.63466834881	2072143346.2328782	7901.301704224198	2072151247.5345826	2.4301256977432856e-06	795253.0041652129	5.730879068003424e-06	0.005549844096882666	2849430039.985417	3599.8424101620913	2849433639.8278275	5.456087883433759e-06	-900642.4770551848	6.625158628231446e-06	0.01249620050481878
4589.999999988322	30067259073.571632	-1267576.9261857793	30065991496.645447	1.365743228669304e-05	32.61475291107135	3.251862873298471e-06	-10.374900159744408	0.06939931864226952	62416.32939959316	2072148401.729657	8446.532431870699	2072156848.2620893	2.7727131016388497e-06	579798.6557018994	5.5842583653508975e-06	0.006330379680651514	2849429392.751237	3638.58334736526	2849433031.334584	5.620260791356166e-06	-904468.788417772	6.623072837523053e-06	0.012870472891148375
4630.499999990434	30067290144.858074	-1287535.7706608921	30066002609.08741	1.1796357500900826e-05	-31.178305230113303	3.2370308960873756e-06	-10.361321884984026	0.05992838617873545	62132.38134103147	2072166589.5930889	8746.219183772802	2072175335.812273	2.7790696267792537e-06	721427.2282999966	5.646314976380235e-06	0.0063431503144646606	2849428744.824046	3676.8190328478813	2849432421.6430793	5.720526990126586e-06	-908134.6096491276	6.6210309779395466e-06	0.013098199510711337
4670.999999992546	30067376869.395733	-1305124.2071996927	30066071745.18853	1.0823966420059763e-05	36.750430065474845	3.259203788346181e-06	-10.283546325878595	0.054978694507518584	62558.57588554002	2072165518.8266623	8174.205355737358	2072173693.0320184	2.3917991707938557e-06	911802.3404658756	5.6219641025814425e-06	0.005457910278563875	2849428106.583744	3715.193389821797	2849431821.777135	5.904798860439462e-06	-911594.9047424424	6.619010259987687e-06	0.01351808680140842
4711.499999994658	30067367957.952175	-1321184.76467067	30066046773.187504	8.333850407230776e-06	31.823609071251862	3.2367120378133242e-06	-10.312699680511182	0.04232484655668408	62127.0194663686	2072159290.4464307	6796.37105577439	2072166086.8174863	1.835875216677932e-06	660122.470078072	5.35293903765268e-06	0.004188522386043303	2849427468.24306	3752.7492416426535	2849431220.9923015	6.106530097698773e-06	-915040.3574179459	6.616964133744334e-06	0.013977679765424836
4751.9999999967695	30067367602.249283	-1342039.0788763985	30066025563.17041	5.862173257279245e-06	-40.39239087753671	3.1923991458424504e-06	-10.332068690095847	0.02976520939180072	61276.96228709891	2072178833.609818	6027.319788163528	2072184860.9296057	1.626286032560746e-06	447788.5623928367	5.343482105023509e-06	0.003709807546988399	2849426841.8073807	3790.340109094977	2849430632.14749	6.25134907255963e-06	-918267.6322909096	6.615014635514259e-06	0.014306772618639364
4792.499999998881	30067444251.821407	-1360293.4678551406	30066083958.353554	5.206094083272356e-06	-65.71183514093315	3.200048043302861e-06	-10.26886980830671	0.02643006427234896	61424.10047245721	2072202003.6961691	5515.647290075197	2072207519.3434596	1.583267580142084e-06	767386.6662144678	5.417163273755087e-06	0.0036113781445246515	2849426221.6354647	3827.0917695052917	2849430048.727234	6.4707071206942165e-06	-921360.1176149489	6.6131266652615095e-06	0.014806168130804837
4833.000000000993	30067527582.501965	-1371247.3612313645	30066156335.14073	5.760746319566071e-06	25.5199188932483	3.215590256598814e-06	-10.198182907348242	0.029244861154061278	61722.94265176439	2072206479.9339387	5627.701286267488	2072212107.635225	1.6523519926618088e-06	895614.9584675141	5.395915130719928e-06	0.0037687969319552465	2849425609.136279	3863.269556146115	2849429472.405835	6.6204262656408686e-06	-924379.8315305205	6.611214890803285e-06	0.01514597284137203
4873.500000003105	30067543844.545708	-1384955.9444621133	30066158888.601246	5.920018020241536e-06	35.67329087493371	3.1997485156908735e-06	-10.19508785942492	0.030051487703902598	61419.08005460973	2072207136.508649	5580.354935767129	2072212716.8635848	1.663753405618373e-06	819636.1061571885	5.325188621501761e-06	0.0037947799885828006	2849425004.79704	3899.3559627458453	2849428904.1530027	6.8530795357813486e-06	-927249.9973323292	6.609361670239402e-06	0.015675233461506864
4914.000000005217	30067559274.766693	-1401467.2251327264	30066157807.54156	5.967067233893235e-06	21.82134571278462	3.1894603653378516e-06	-10.194588658146964	0.03028765710372515	61221.85430620779	2072208543.9386578	5612.363668665289	2072214156.3023264	1.6921987293115428e-06	884780.4999409709	5.339859089861075e-06	0.0038597712296872745	2849424409.009601	3934.6884924881156	2849428343.6980934	7.0644807780236485e-06	-929896.2192334245	6.607575391904492e-06	0.016155563282709187
4954.500000007329	30067575122.53815	-1412889.546688378	30066162232.991455	6.159939248490201e-06	35.23707939342746	3.1946110927759735e-06	-10.189297124600639	0.03126440965043798	61321.12884274838	2072206861.6332886	5409.347113365307	2072212270.980402	1.6828481850900997e-06	848077.4610243757	5.2613688717063505e-06	0.003838670452041071	2849423827.0297766	3969.318684116006	2849427796.348461	7.331849083749302e-06	-932582.2054555602	6.605757435608261e-06	0.01676353138132899
4995.000000009441	30067578469.132446	-1425742.0368727818	30066152727.095573	6.133693918380504e-06	26.46503789651337	3.1755563632656193e-06	-10.198282747603834	0.0311287829579675	60955.642885320354	2072208564.4371808	5359.4539268855	2072213923.8911076	1.7014119314417466e-06	752459.8743170309	5.226946067398815e-06	0.0038812934499082696	2849423252.9411526	4003.5612749569113	2849427256.502428	7.5046304875951925e-06	-935141.1578868565	6.604009575521313e-06	0.017154866726052185
5035.500000011552	30067592239.84516	-1439429.760763839	30066152810.08439	6.165432125367508e-06	7.023645538352526	3.1665820886858008e-06	-10.196685303514377	0.031287534742245014	60783.694812391324	2072216085.7593307	5447.639407735318	2072221533.3987389	1.753695041549031e-06	713202.0045670075	5.2383783543605715e-06	0.004000887520899522	2849422684.598155	4037.64519014582	2849426722.243345	7.750029279516203e-06	-937547.6292347879	6.60229691216306e-06	0.017711909624639123
5076.000000013664	30067626909.39408	-1452553.0053695887	30066174356.38871	6.427314253304644e-06	-0.13328063699944637	3.1720276695902182e-06	-10.175419329073483	0.03261414572718975	60888.481231823214	2072224657.5000207	5662.986350508407	2072230320.4863715	1.831523700892626e-06	821490.6687433326	5.299724470678497e-06	0.004178778371870557	2849422123.119046	4070.564103152603	2849426193.6831493	8.005702079850778e-06	-939851.8270333075	6.600630355963874e-06	0.018291919810989366
5116.500000015776	30067652859.233555	-1450817.747291334	30066202041.486267	6.824450976921503e-06	22.69584907732916	3.1874651855793106e-06	-10.149361022364218	0.034627625362284344	61185.16718148181	2072228594.5761402	5920.096354883164	2072234514.6724951	1.9061116354758712e-06	901046.3754143647	5.336437171198911e-06	0.004349308589558669	2849421570.313654	4103.032057821751	2849425673.3457117	8.276021065141127e-06	-942151.6327313752	6.598980936366917e-06	0.01890504148256286
5157.000000017888	30067670318.334503	-1458875.4117659107	30066211442.922745	7.127801750615655e-06	34.88868785429324	3.1922574592622662e-06	-10.138478434504792	0.03616502034401318	61277.404034595966	2072228222.7918053	6011.316357024014	2072234234.1081624	1.9345432599629983e-06	931208.7558150822	5.329375235792465e-06	0.004414527524383209	2849421030.0433354	4135.3423354662955	2849425165.385671	8.578056667523252e-06	-944292.5297849253	6.597377990129729e-06	0.019590124773634497
5197.50000002	30067676050.513653	-1467833.347077489	30066208217.166576	7.287020709747295e-06	38.39891222900885	3.1899256212708763e-06	-10.144468849840255	0.03697018031455174	61232.855543280646	2072226084.645073	5979.578866440802	2072232064.2239392	1.9315553111002998e-06	929704.0902140237	5.292305489573321e-06	0.004408055460375856	2849420501.098809	4166.664226517081	2849424667.7630353	8.92075768658888e-06	-946386.9453756369	6.59579552877028e-06	0.020367543146338242
5238.000000022112	30067674158.7363	-1474075.3047522008	30066200083.43155	7.352440836350538e-06	37.03286283532792	3.1823737643797265e-06	-10.150658945686901	0.037298919052202534	61088.09380455282	2072224182.4932106	5945.725097175688	2072230128.218308	1.9258168151093028e-06	912279.3277620599	5.258709056440745e-06	0.004395268435082041	2849419979.1526394	4198.006563726813	2849424177.159203	9.28137029185656e-06	-948422.6942719154	6.59424305235547e-06	0.021185167641469674
5278.5000000242235	30067672757.263866	-1480008.8414222747	30066192748.42244	7.40727975068195e-06	33.6826138385903	3.175595100594375e-06	-10.159744408945686	0.0375740377394206	60958.17397794698	2072223227.8257246	5960.993782021105	2072229188.8195066	1.9301759606775025e-06	898980.4219222211	5.241290382621265e-06	0.004405536826078934	2849419466.7034564	4228.705767214298	2849423695.4092236	9.59858502776268e-06	-950382.242336585	6.592720069271158e-06	0.02190317669356896
5319.000000026335	30067673068.90539	-1484538.8089419305	30066188530.096455	7.494632720142568e-06	31.04439229799068	3.1723854197456076e-06	-10.163937699680512	0.038013672407286155	60896.76552473348	2072222915.257784	6008.870334565639	2072228924.1281183	1.943809821081181e-06	896338.2605315647	5.235010411491054e-06	0.004436983953189847	2849418965.812922	4258.355269066989	2849423224.168191	9.940415229495105e-06	-952254.4112809706	6.591229661239259e-06	0.022676626861038503
5359.500000028447	30067674940.47062	-1488449.5696945637	30066186490.90092	7.606786446666283e-06	29.811726588027007	3.1713856082037946e-06	-10.164037539936102	0.038578749829491846	60877.77873018884	2072222885.8537376	6069.74321966432	2072228955.5969572	1.9615570957128e-06	898688.6802030663	5.233492720728002e-06	0.004477810007730262	2849418468.319538	4287.545653954148	2849422755.865192	1.0298426030777116e-05	-954087.3275423459	6.589776033504066e-06	0.023486272291848836
5400.000000030559	30067675586.13211	-1490284.7622996718	30066185301.369812	7.73412020576565e-06	29.326298946212237	3.1711168690435033e-06	-10.165934504792332	0.03922076961814313	60872.80295811368	2072222925.6594489	6133.92873863317	2072229059.5881877	1.9778752509235056e-06	902935.4850650139	5.233480902576347e-06	0.004515387734976474	2849417975.0502834	4316.9212692976	2849422291.9715524	1.0687271443110944e-05	-955836.9193004246	6.588381740701015e-06	0.024365418442083658
5440.500000032671	30067675581.27266	-1491277.5352674797	30066184303.737392	7.870580743541819e-06	29.236219288145367	3.1710986352955428e-06	-10.16573482428115	0.03990850683654234	60872.653568887574	2072222914.204236	6197.742182385176	2072229111.9464185	1.9938466074389194e-06	907756.4064186164	5.233470667531658e-06	0.004552204912956648	2849417495.2211385	4345.64606180042	2849421840.867201	1.1119433984984471e-05	-957543.2906187251	6.586992523556938e-06	0.025342198374269174
5481.000000034783	30067675052.568954	-1491881.1536728665	30066183171.415287	8.003793126827467e-06	29.27615537398955	3.1710498221548595e-06	-10.166433706070288	0.040579137034171	60871.89260389092	2072222819.4114916	6259.459992131217	2072229078.8714838	2.0082741530630354e-06	912533.3743482109	5.232829401338806e-06	0.004585474598522414	2849417027.798084	4373.323861580342	2849421401.1219463	1.1543026971268193e-05	-959198.5993645937	6.585625490910905e-06	0.026298467581458346
5521.500000036895	30067674086.368923	-1492255.4715508297	30066181830.89737	8.13306137197843e-06	28.95261125702592	3.1709526206936407e-06	-10.168430511182109	0.041229645360401974	60870.15750144957	2072222637.2788193	6316.297938825563	2072228953.5767584	2.022001571783848e-06	917273.5959965801	5.231632567505535e-06	0.004617177531824109	2849416564.181652	4401.049411799759	2849420965.2310634	1.2001118573499187e-05	-960743.1885964685	6.5844291478186344e-06	0.027332400350751265
5562.000000039006	30067674153.18062	-1493919.1008416864	30066180234.07978	8.26295359770591e-06	29.535632176337643	3.170676328995871e-06	-10.17132587859425	0.041882817527689555	60865.11674329368	2072222348.8927608	6367.640345705672	2072228716.533106	2.0343768824544266e-06	921914.3333427636	5.229517232401937e-06	0.004645822240416951	2849416109.7974224	4428.187370147556	2849420537.9847918	1.2502847867498847e-05	-962360.6970745315	6.582916736024792e-06	0.028464192540126547
5602.500000041118	30067672286.21256	-1493912.592674561	30066178373.61988	8.399222092865295e-06	28.85175476993027	3.170419384959723e-06	-10.173921725239616	0.04256740517274856	60860.167240005176	2072221973.6848962	6415.392784599214	2072228389.0776808	2.0465785970113445e-06	926106.8535460556	5.226875457249311e-06	0.0046740956437258535	2849415669.067133	4454.066035460681	2849420123.133169	1.3042574330457954e-05	-963782.9735266895	6.581885974467096e-06	0.029681327499279812
5643.00000004323	30067670824.281067	-1494524.6881291047	30066176299.592937	8.50283497171541e-06	29.101706106018206	3.169936041030902e-06	-10.174321086261982	0.04308637337539809	60851.201979796235	2072221529.5043542	6457.05482202582	2072227986.5591764	2.0573758492303844e-06	930192.298955799	5.223276362459539e-06	0.0046991209319264034	2849415220.922457	4481.295536451042	2849419702.2179937	1.3507439822058303e-05	-965207.840608765	6.580607440703137e-06	0.030726334999012936
5683.500000045342	30067669072.236595	-1495075.0943652468	30066173997.142227	8.639929493078856e-06	29.591347645223124	3.1692646515232217e-06	-10.176517571884984	0.043774371483575006	60838.35337723687	2072220981.351091	6495.108750447631	2072227476.4598415	2.0670095848538235e-06	934153.5255396093	5.218746623792594e-06	0.004721530094379181	2849414797.3327665	4506.044282823801	2849419303.3770494	1.4034421564787695e-05	-966755.7371353186	6.579137317067619e-06	0.03191086584260518
5724.000000047454	30067664461.012745	-1492994.8369049057	30066171466.175842	8.755063248773084e-06	28.146040873804967	3.168831631719338e-06	-10.179612619808307	0.04434993036810782	60830.034072374685	2072220374.926126	6527.776712516322	2072226902.7028384	2.0769670801884485e-06	937395.9624122079	5.214621088611594e-06	0.004744806044935171	2849414370.017753	4531.678010776639	2849418901.6957645	1.4674112175329715e-05	-967840.9093454328	6.578539652418149e-06	0.03335063552746452
5764.500000049566	30067660495.642277	-1491739.3408153057	30066168756.30146	8.857465754245308e-06	29.91255531136694	3.167890498408185e-06	-10.181110223642172	0.044860912485063735	60812.43206303612	2072219706.0671058	6555.537043744697	2072226261.6041493	2.082150172348916e-06	940923.4908217014	5.209116015362229e-06	0.004756950185458477	2849413947.553633	4557.402055345476	2849418504.955689	1.5141384050066493e-05	-969394.4577638747	6.576690223622616e-06	0.034395224427183714
5805.0000000516775	30067658242.78045	-1492366.9025591835	30066165875.877884	9.009983674297724e-06	28.39810439910362	3.1674654657606514e-06	-10.184305111821086	0.04562448540036586	60803.63551649996	2072218957.7684307	6581.131545400246	2072225538.899976	2.0870569668156845e-06	943716.4434709161	5.20539386315656e-06	0.004768783985738142	2849413555.4177628	4579.534080974758	2849418134.9518437	1.594140439583225e-05	-970481.6489006459	6.576112091300183e-06	0.036194725672019604
5845.500000053789	30067655721.44188	-1492878.2356232181	30066162843.206257	9.071523492521768e-06	28.286139295159582	3.167013045485288e-06	-10.18839856230032	0.045925441086221395	60795.552810297784	2072218199.6507273	6598.534537637605	2072224798.1852646	2.08967790465256e-06	946222.6238785143	5.202299622330689e-06	0.004775250195918625	2849413132.57742	4606.045798689127	2849417738.6232185	1.6532058405237566e-05	-971526.3893920474	6.575035614473948e-06	0.037515628055635956
5886.000000055901	30067654518.219852	-1494822.887784876	30066159695.33207	9.21082522079558e-06	30.029556382257372	3.1663074603423136e-06	-10.191693290734824	0.046620716125874935	60781.73599561025	2072217362.0345373	6614.257182987407	2072223976.2917204	2.089697522696022e-06	949024.9473459692	5.198919918619482e-06	0.0047757249246162614	2849412756.7931795	4627.350878402591	2849417384.144057	1.719241582262114e-05	-973041.6267689364	6.5731292795852056e-06	0.03899094670096788
5926.500000058013	30067651223.141994	-1494791.9805723578	30066156431.161423	9.325017946001613e-06	26.860770805255527	3.1664081398178152e-06	-10.19508785942492	0.047185428147979686	60783.340432482866	2072216497.4484522	6621.934938929974	2072223119.3833914	2.0904158657947297e-06	950484.8262035702	5.197915033872414e-06	0.0047782748031249	2849412376.0971656	4649.233391981572	2849417025.330558	1.8303033395773798e-05	-973456.1708901871	6.5734439941947004e-06	0.04148666166959908
5967.000000060125	30067650519.625267	-1497455.463199571	30066153064.162064	9.361976160686928e-06	28.739442645023967	3.1653796975911563e-06	-10.198582268370608	0.04736393229111606	60764.24617459701	2072215638.185695	6618.351258147508	2072222256.5369532	2.0836693125162366e-06	952523.7604724674	5.192666234752024e-06	0.004762930139987303	2849411969.8571224	4675.3033346012235	2849416645.160457	1.875973718359672e-05	-974630.8160588964	6.57159076438332e-06	0.04249408175016638
6007.500000062237	30067648465.7433	-1498823.7212339267	30066149642.022076	9.505380734445895e-06	29.326561934767806	3.16459546573451e-06	-10.201078274760384	0.048075369472187636	60747.55255737205	2072214699.061634	6614.588956613093	2072221313.6505907	2.081531181970267e-06	954533.0013979266	5.188588070207609e-06	0.004759200581696301	2849411629.6873417	4693.685549337417	2849416323.372891	1.9674083231222328e-05	-975901.6496811521	6.5701700940158755e-06	0.04453417787529533
6048.000000064349	30067643056.50614	-1496913.5677138865	30066146142.938427	9.616069058443376e-06	26.199063382557917	3.163943021987795e-06	-10.205171725239616	0.04862256827890975	60735.072705865896	2072213745.7086084	6602.16829938814	2072220347.876908	2.0792696387809914e-06	955397.1534476535	5.183461126500469e-06	0.004754291413006105	2849411276.772051	4713.428795486689	2849415990.2008467	2.1038536683826683e-05	-976207.3139673437	6.570238919185041e-06	0.04759091947966353
