1.5489418258772838
Time 	 Eb 	 Ea 	 Ep 	 phi_d 	 phi_z 	 KED 	 MLD 	 K 	 E_k 	 Eb_D 	 Ea_D 	 Ep_D 	 phi_d_D 	 phi_z_D 	 KED_D 	 K_D 	 Eb_U 	 Ea_U 	 Ep_U 	 phi_d_U 	 phi_z_U 	 KED_U 	 K_U 
944.9999999967719	30068672539.79924	-434349.94815820456	30068238189.85108	1.3737707641407395e-06	-1372.0743368387682	2.603917021282119e-06	-8.209365015974441	0.006995616203053022	49907.2056843301	2072650065.3918815	4044.235205146484	2072654109.6270866	3.0807482286204576e-06	534632.1324567675	6.338596009954233e-06	0.00704563443902142	2849756635.8866067	1280.5708646448327	2849757916.4574714	1.246356586107531e-06	-514963.85863351554	5.167527968813803e-06	0.0028638029865022774
985.4999999965816	30068623902.17431	-414559.9918655455	30068209342.182446	1.4581363796251514e-06	-1263.5931864353581	2.569853395131604e-06	-8.234624600638977	0.007423042965205201	49268.64930360434	2072649562.0339189	4190.133600091096	2072653752.167519	2.9940764417065973e-06	543611.6639336541	6.222982272515053e-06	0.006843719605271528	2849747517.623141	1324.595131111331	2849748842.218272	1.305680224929167e-06	-518661.7304640957	5.095499100104011e-06	0.0029997854301148457
1025.999999996429	30068576478.207264	-397145.6760356724	30068179332.531223	1.5166216605384582e-06	-1279.6230324495918	2.533705000738515e-06	-8.269768370607029	0.007718942507828248	48584.08826613209	2072648743.2029715	4333.283291044179	2072653076.4862623	2.84316367796281e-06	551911.4776246215	6.101958591385099e-06	0.006495456557279545	2849737891.107834	1381.3241747794673	2849739272.4320083	1.4032779860749537e-06	-521190.96273336356	5.020384525639394e-06	0.003223618570077512
1066.4999999970062	30068531573.543797	-383569.4611339271	30068148004.08266	1.6517101823827355e-06	-1045.2498100745272	2.496805017738093e-06	-8.295926517571885	0.008404840030752855	47883.08291746176	2072647634.9770703	4489.882336444221	2072652124.859407	2.7730974517067375e-06	554071.2695323811	5.979641509046816e-06	0.006331740852408216	2849728019.7878385	1450.8823971515521	2849729470.670235	1.5044676462720362e-06	-522329.78771843633	4.9442864533725e-06	0.003455598712099722
1106.9999999975832	30068490938.822746	-376041.77315959334	30068114897.04958	1.766395020960953e-06	-1250.099467538305	2.460149104048793e-06	-8.326277955271566	0.00898675537808361	47185.476436402394	2072645572.154311	4659.552814617287	2072650231.707126	2.8194163894116785e-06	554870.7258944148	5.8565444075443605e-06	0.006433627019175521	2849718195.9397507	1517.059912955854	2849719712.9996643	1.7188782282413548e-06	-522369.5053199897	4.868578256841711e-06	0.003947509583159566
1147.4999999981603	30068453723.101063	-373106.0423337519	30068080617.058723	1.889700213857856e-06	-1356.676856268509	2.424641388415536e-06	-8.355830670926517	0.00961206026286103	46509.5670267046	2072642576.9597344	4822.882443303242	2072647399.8421776	2.803776261863352e-06	565258.1819261591	5.735393699397967e-06	0.006394251086090835	2849708517.678592	1562.8107639132068	2849710080.489356	2.0023287475552797e-06	-522507.58252274815	4.79426849142011e-06	0.004597758179122718
1187.9999999987374	30068423324.658733	-377410.8869012893	30068045913.771828	2.0427974584803363e-06	-978.1712818417565	2.3904471588469734e-06	-8.390874600638977	0.010388294288146674	45858.16293066914	2072640301.1117969	4966.841189885977	2072645267.9529867	2.7524584028995896e-06	570418.0760218073	5.627962630562507e-06	0.006273469605943186	2849698858.476885	1592.5270094512962	2849700451.0038943	2.343676628868013e-06	-523028.3322455559	4.722228339553935e-06	0.005380667136532024
1228.4999999993145	30068393116.163822	-382563.62963226443	30068010552.5342	2.1396146147213634e-06	-932.4179039110627	2.3577623688316957e-06	-8.421924920127795	0.010877764984315242	45236.115784440015	2072636784.0517724	5080.311997442506	2072641864.3637695	2.635623823364099e-06	586099.5339809172	5.53456548711738e-06	0.006003806450431946	2849689186.758354	1607.4700254243796	2849690794.2283797	2.69610824819096e-06	-523705.9649668158	4.65288773961331e-06	0.0061886533923972515
1268.9999999998915	30068362913.70581	-388217.16202020645	30067974696.543793	2.2855270934832275e-06	-551.9143119527358	2.328219768066656e-06	-8.45447284345048	0.011616414467189456	44672.72389325121	2072631528.5188403	5133.512415412347	2072636662.0312557	2.426048697245085e-06	597512.3505686936	5.442630890743893e-06	0.005523640299842485	2849679466.3058615	1612.8718721899204	2849681079.1777344	3.1404155298275914e-06	-524675.5639120664	4.586205630326265e-06	0.007207059646347686
1309.5000000004686	30068329454.674454	-395564.792422384	30067933889.88203	2.3915000261031337e-06	-376.02741539981275	2.3003002704117865e-06	-8.49800319488818	0.012151642159640354	44138.88170394086	2072625598.5685558	5140.933006369974	2072630739.501562	2.18580808107649e-06	604260.1689041313	5.3525531261965055e-06	0.004974649375614624	2849669689.364624	1620.561330046039	2849671309.925954	3.3153452264166663e-06	-526434.6187511049	4.5219435035783e-06	0.007606789584059281
1350.0000000010457	30068295492.62077	-405006.8346619904	30067890485.786102	2.3266782604096827e-06	-363.70533077350626	2.2732825274853145e-06	-8.539137380191693	0.011819055240810339	43622.16706572674	2072619279.15326	5136.913234652951	2072624416.0664947	1.9497769620745817e-06	611875.363151048	5.266525780337328e-06	0.004436139816819724	2849659997.718616	1640.8366071954367	2849661638.5552235	3.3104056561940835e-06	-528695.4062808432	4.459694457318239e-06	0.007593609521465669
1390.5000000016228	30068260270.65752	-413487.7949436307	30067846782.86258	2.3112055913761445e-06	-387.8170436042339	2.247484489269715e-06	-8.579872204472844	0.011737690791971308	43128.22716811304	2072612620.2273848	5148.791416726075	2072617769.0188015	1.7931267246283631e-06	612459.2467578196	5.185324550368506e-06	0.004078948454451813	2849650548.482244	1658.6009460068308	2849652207.083191	3.6187648494960672e-06	-530427.0811985573	4.39903255247643e-06	0.008298799598766119
1431.0000000021998	30068225800.224743	-422908.4774186611	30067802891.74732	2.3815826934591884e-06	-340.15545338552465	2.2227036364892386e-06	-8.621904952076678	0.012092595683354334	42653.58331073202	2072606607.4693174	5171.255392395891	2072611778.7247095	1.7106121601818697e-06	608499.1489517232	5.112697611078662e-06	0.0038909313181657006	2849641266.322856	1671.668901778292	2849642937.991757	4.26337820683473e-06	-531586.697957136	4.340330343554624e-06	0.009774353983928742
1471.500000002777	30068193099.976814	-433876.06347449124	30067759223.913345	2.4667468593568858e-06	-390.16601026051706	2.1986254226971027e-06	-8.65824680511182	0.012522805781932735	42192.426481718474	2072600843.8259213	5177.417122064157	2072606021.2430437	1.6572395946660286e-06	614564.5538210447	5.049939544619125e-06	0.003769530661295988	2849632123.4149275	1680.3721685935743	2849633803.7870965	4.85473207820627e-06	-531182.7990978915	4.2836055003955246e-06	0.011126692167232182
1512.000000003354	30068165511.99015	-446999.2448717356	30067718512.745285	2.5385735136942368e-06	-347.9870023255895	2.1771635256759355e-06	-8.702975239616613	0.012885490613852838	41781.085966009065	2072595106.352316	5164.507906619924	2072600270.8602226	1.6117630155944036e-06	620652.8383995611	4.9882789522548765e-06	0.0036664152528575757	2849623111.8331633	1686.553256874904	2849624798.3864202	5.295903351209197e-06	-530871.8041053583	4.228734737734122e-06	0.012133631870209239
1552.500000003931	30068139767.94648	-460284.83574943244	30067679483.110733	2.5880797464847365e-06	-146.03628406017793	2.1572714639580646e-06	-8.738518370607029	0.01313482983409654	41399.13918205056	2072589800.425566	5151.73765106732	2072594952.1632173	1.571279502131136e-06	622970.7101030609	4.9299055101947616e-06	0.0035749623217151364	2849614235.4117856	1690.6885449145918	2849615926.1003313	5.5245558302796755e-06	-530859.0171095263	4.175607230846597e-06	0.012652734604760522
1593.0000000045081	30068116297.692993	-475415.3859254718	30067640882.30707	2.6066895050023894e-06	-57.22830358205676	2.1372609588731244e-06	-8.772364217252397	0.01322703148741759	41016.040622513094	2072584745.3823216	5137.033411608077	2072589882.415733	1.5426007424263706e-06	625448.8396964606	4.875701248457075e-06	0.0035104775526966	2849605493.2341456	1693.2320545935072	2849607186.466201	5.649044660512864e-06	-531047.9287806601	4.12418328534882e-06	0.01293252665374317
1633.5000000050852	30068095912.85459	-492639.57739327854	30067603273.277203	2.6137672874512016e-06	-23.199485858814835	2.1180839622985035e-06	-8.80201677316294	0.013261093080012946	40648.3090064991	2072579698.271332	5117.24423991423	2072584815.515572	1.5171688681550335e-06	628249.8556943608	4.824443624615717e-06	0.003453353807491204	2849596890.658347	1693.943660833407	2849598584.602008	5.173467310579774e-06	-531347.6943047987	4.074530872567122e-06	0.01183842140681309
1674.0000000056623	30068075806.073647	-509379.3682002276	30067566426.705452	2.5938665012850776e-06	29.531762398283572	2.0999504234148603e-06	-8.844249201277956	0.013158510518551079	40300.72042299138	2072574665.0156841	5095.9643319658935	2072579760.9800158	1.4943381972530837e-06	629917.6671927699	4.775733202653935e-06	0.0034021471768968404	2849588439.3828526	1693.5765479062684	2849590132.9594	4.474181824394106e-06	-531022.9460957921	4.026778635413014e-06	0.01023328061427201
1714.5000000062394	30068058139.2556	-528156.9215785712	30067529982.334023	2.547699225819098e-06	63.20651260770019	2.082508421394382e-06	-8.876697284345047	0.012922726647738945	39966.30378817885	2072569547.865537	5072.280818779953	2072574620.1463559	1.4663163494305377e-06	631982.3830417079	4.728691850782731e-06	0.0033390334782246755	2849580138.273628	1695.9815398845822	2849581834.2551684	4.289782050008132e-06	-531055.0413728487	3.981429324919764e-06	0.009806629606543264
1755.0000000068164	30068039887.749844	-546068.6299101859	30067493819.119934	2.5320403259083252e-06	91.57336684880079	2.065790649208553e-06	-8.91373801916933	0.012841778577910348	39645.738938825016	2072564304.6685958	5040.794583069626	2072569345.4631786	1.4473340958472852e-06	634585.5474874773	4.682889482526987e-06	0.0032964472478091396	2849571975.5519314	1697.4738874682223	2849573673.0258183	4.26200890077717e-06	-531522.4059055953	3.938363964321997e-06	0.00973818278533347
1795.5000000073935	30068022368.160305	-564541.2419544756	30067457826.918354	2.540403230032251e-06	129.72405960078345	2.0497864555956873e-06	-8.950479233226837	0.012882625966864986	39338.796769289416	2072559048.0137486	4992.554844757076	2072564040.568593	1.43549101836313e-06	637479.3356944006	4.638325280505337e-06	0.0032700806165683423	2849563906.2689424	1700.2046364261769	2849565606.473579	4.101067316047115e-06	-532171.2362481821	3.8971712643714075e-06	0.009365557042022011
1836.0000000079706	30068024046.252575	-605400.7335529774	30067418645.519012	2.277096721583834e-06	53.880172953624694	2.0125744215315855e-06	-8.98013178913738	0.011536549705695811	38625.00108446658	2072554092.3921735	4940.410406445153	2072559032.8025799	1.428734566427164e-06	650692.497373564	4.601640128829566e-06	0.003255213655915475	2849555930.9598565	1704.3628571298905	2849557635.322714	4.120590035522675e-06	-533163.4224689221	3.862772628236982e-06	0.009405180850766857
1876.5000000085477	30068002875.839775	-619374.8109865636	30067383501.028786	2.267577972141987e-06	53.186425341824105	2.00221217285896e-06	-9.012579872204473	0.011486909468329094	38426.168728329714	2072549247.8434489	4881.625878246035	2072554129.4693272	1.4205687667792214e-06	653545.7606167472	4.561380879492675e-06	0.003237105921065882	2849548023.907736	1712.4168672920205	2849549736.324603	4.142566315861704e-06	-534031.992656128	3.825645039718328e-06	0.009450176329901364
1917.0000000091247	30067984313.200836	-635634.4794974029	30067348678.721333	2.244802592647857e-06	53.18408451226324	1.991333721974294e-06	-9.04073482428115	0.011369962012553933	38217.56713567159	2072544573.9102108	4819.644001532812	2072549393.5542126	1.411444778452408e-06	656457.1889242192	4.520448677747772e-06	0.0032168330857375096	2849540157.6136503	1725.958428860642	2849541883.572078	4.135545030048627e-06	-535527.7992216737	3.7889107405495552e-06	0.009428858386223732
1957.5000000097018	30067964503.677452	-650125.904115811	30067314377.773342	2.2188872852223123e-06	53.13818839796302	1.9798508759788182e-06	-9.079173322683706	0.01123692482407754	37997.45657074775	2072540036.76851	4757.413595331367	2072544794.1821058	1.4044795051943673e-06	659149.8991345227	4.479328265710629e-06	0.0032013198748793814	2849532215.1873283	1743.8235551631078	2849533959.0108833	4.256406966770087e-06	-538702.9656284343	3.7532227913630355e-06	0.00969875840871037
1998.0000000102789	30067946485.533875	-665838.130906716	30067280647.402973	2.187170462732747e-06	52.86843972219137	1.968114489382618e-06	-9.116613418530351	0.011074539547850438	37772.1805965458	2072535635.17597	4696.925418568775	2072540332.1013887	1.400062662355182e-06	661863.3742826334	4.438905699992087e-06	0.0031916904356214227	2849523725.9120083	1764.519160878379	2849525490.4311686	4.249938631500227e-06	-542727.8412980799	3.7194620590854053e-06	0.009678050096431459
2038.500000010856	30067925071.487053	-677564.7361318767	30067247506.750927	2.169115890289503e-06	53.6775893191739	1.9563193818124652e-06	-9.138777955271566	0.01098115463274158	37545.84014038845	2072531339.8034031	4637.719859519973	2072535977.523263	1.397725015148415e-06	665178.9294727345	4.399469536319571e-06	0.003186853939951193	2849515511.151206	1792.3775850767267	2849517303.5287905	4.275488406070374e-06	-544262.4878753152	3.686880634341954e-06	0.009729944096318614
2079.000000010258	30067907958.542652	-693053.3620991856	30067214905.18055	2.1729238433817766e-06	53.70665443503192	1.944441064326502e-06	-9.163338658146964	0.010998182142161281	37318.34961943093	2072527129.6445532	4578.795834767632	2072531708.440388	1.3979167002660414e-06	669196.7964724563	4.360170935373733e-06	0.003187746386340631	2849507482.375349	1827.6101740621962	2849509309.985523	4.303172466973985e-06	-545772.3938266978	3.656032754186238e-06	0.009786430452914505
2119.5000000093005	30067889159.193417	-706361.2580129355	30067182797.935394	2.188581541103386e-06	54.251759079676035	1.932656068024018e-06	-9.205271565495208	0.011075095597876674	37092.146126743704	2072522985.230424	4521.582324588206	2072527506.8127482	1.3997582675710339e-06	672434.3620400004	4.321600199624913e-06	0.003192277502614082	2849499673.3853755	1867.054087843746	2849501540.439463	4.292860451605394e-06	-546579.3584060585	3.6263784909439367e-06	0.009756382783871385
2160.000000008343	30067869830.217903	-718608.0571812242	30067151222.16072	2.2124604164923235e-06	54.56161719421974	1.921083331135393e-06	-9.231629392971247	0.011193604711860648	36870.123627974506	2072518924.8841205	4469.679043749813	2072523394.5631647	1.4035200427824713e-06	676051.2103779031	4.284139208857269e-06	0.00320133059236962	2849491868.758729	1907.5264736884274	2849493776.285203	4.363312166717596e-06	-548095.6500506367	3.597088814831578e-06	0.00990970968638551
2200.500000007385	30067851125.361877	-730854.9639729112	30067120270.397903	2.2530068528756874e-06	54.88659028349738	1.9097452654384004e-06	-9.257887380191693	0.011396107171222972	36652.55333122732	2072514889.7286987	4421.868892880622	2072519311.5975914	1.409173287204497e-06	679574.3595884428	4.247470536266997e-06	0.0032146758541234835	2849484317.365441	1949.5979638933202	2849486266.9634047	4.525924436461802e-06	-551131.7866445011	3.5686815308361845e-06	0.010271848030049449
2241.0000000064274	30067832145.401497	-742362.4327792674	30067089782.96871	2.3032334413275624e-06	55.09727736539855	1.8986575935837772e-06	-9.290634984025559	0.011647187656817192	36439.79076732538	2072510894.3242092	4378.209203960374	2072515272.5334127	1.415862095789155e-06	682552.1484420815	4.211568219302643e-06	0.0032303998602574826	2849477001.4275737	1992.4545364025978	2849478993.8821106	4.730663110977964e-06	-552678.0479303215	3.5425575548169207e-06	0.010728816750657828
2281.5000000054697	30067815245.578533	-755417.7506105155	30067059827.82792	2.3586754644629885e-06	55.19981699255684	1.887841230882864e-06	-9.318690095846645	0.011924514837063875	36232.21265422532	2072506987.1183589	4339.901891275775	2072511327.0202506	1.4233141843758008e-06	685459.121717398	4.176789788267677e-06	0.0032478904245076433	2849469881.5134163	2035.6087917811235	2849471917.1222076	4.983344359447017e-06	-555342.5459499131	3.513606865465711e-06	0.011293578916281678
2322.000000004512	30067797453.262135	-766903.3036445677	30067030549.958492	2.4180760196465603e-06	55.32873073405394	1.877337265721576e-06	-9.34664536741214	0.012221556612736424	36030.59909595124	2072503169.7993863	4305.388867820613	2072507475.1882546	1.4317371861175726e-06	688494.8635215655	4.143248058591805e-06	0.0032676171488756514	2849462747.488089	2078.6872919909656	2849464826.1753807	5.298794804850633e-06	-555825.3730531584	3.49055111700997e-06	0.011999514825554716
2362.5000000035543	30067778120.49523	-776170.7404790969	30067001949.754753	2.4872347481473337e-06	55.58729191638102	1.8671587475109433e-06	-9.369908146964857	0.012567601677323934	35835.19384547649	2072499458.9211416	4275.29824830126	2072503734.2193897	1.4385816479206798e-06	691743.641539803	4.111333008352267e-06	0.0032837781021063735	2849455856.979253	2128.4275200078264	2849457985.4067726	5.668339191868019e-06	-561585.2846405469	3.4616393843548955e-06	0.012826611585553246
2403.0000000025966	30067759490.145607	-785450.8528490961	30066974039.292763	2.5632769047736767e-06	56.08241193493753	1.8573344736986474e-06	-9.40155750798722	0.012948057239608502	35646.55902601909	2072495823.1942756	4248.744684443809	2072500071.93896	1.444201653714282e-06	694874.924393929	4.081387818961677e-06	0.0032971872342451455	2849449198.3131213	2191.656280329451	2849451389.969402	6.080041698378273e-06	-563386.6509764817	3.4384345804192072e-06	0.013747489353527457
2443.500000001639	30067739349.71693	-792637.3890919687	30066946712.32784	2.6558420495640223e-06	56.78384446965693	1.8478716061242676e-06	-9.434904153354633	0.013411544907773222	35464.85167742756	2072492205.4391496	4226.282681048382	2072496431.721831	1.448171452749094e-06	697594.8788880247	4.053355818401722e-06	0.003306877553632287	2849442701.027541	2273.0709205367602	2849444974.0984616	6.587343517957574e-06	-565617.9534908413	3.4144041426832924e-06	0.014882471126956499
2484.000000000681	30067723356.26603	-803498.0120889097	30066919858.253944	2.762465028693895e-06	57.35159705603782	1.8387647473732379e-06	-9.457967252396166	0.013945510317017795	35289.98047862409	2072488512.6818485	4212.826832005288	2072492725.50868	1.453644545976471e-06	699601.9526145143	4.027084967135967e-06	0.003320048418870741	2849436433.3773627	2368.507825966924	2849438801.885189	7.180203785050064e-06	-567216.6632859986	3.3907702156351145e-06	0.016208114528965385
2524.4999999997235	30067706238.715065	-812860.9102575929	30066893377.804813	2.891487096938525e-06	57.12134374209141	1.8300583449373948e-06	-9.472643769968052	0.014591982948441124	35122.79959884693	2072484578.8750024	4219.848374451511	2072488798.7233772	1.4645527206558988e-06	700959.7924803132	4.002584381817055e-06	0.003345665141001266	2849430534.3906283	2451.552129538264	2849432985.9427586	7.848691047760116e-06	-568229.7002895006	3.367714319150024e-06	0.017701318706591522
2564.999999998766	30067685631.369114	-818438.5756703914	30066867192.793446	3.017225407485542e-06	55.57509582221031	1.821789758447469e-06	-9.501198083067093	0.01522125804264565	34964.04350911626	2072480265.4006279	4246.383629519958	2072484511.7842577	1.4787099541205133e-06	702551.9238432238	3.979908773723947e-06	0.003378709366852142	2849425123.440469	2489.712361664977	2849427613.152831	8.53007033921929e-06	-569673.0992142323	3.3453010718689823e-06	0.019220142289710855
2605.499999997808	30067665875.52807	-824639.7748263628	30066841235.753242	3.1065208402504838e-06	54.19967433071315	1.813907734706771e-06	-9.534444888178914	0.015666067706647607	34812.74721255501	2072475976.116712	4221.6620985381305	2072480197.7788103	1.4683456444801347e-06	706231.0233460668	3.9591503077482905e-06	0.0033557251832389253	2849419827.0784717	2516.1378174461424	2849422343.21629	9.164281131556413e-06	-573494.4993408417	3.3233328129866875e-06	0.02062905918883284
2645.9999999968504	30067645994.00822	-830407.4236368388	30066815586.584587	3.2163421502809462e-06	54.4895002397476	1.8064052397530163e-06	-9.551617412140574	0.01621380006414137	34668.54869873497	2072472195.1899118	4116.362596475054	2072476311.5525084	1.4414718123926755e-06	708955.8485137988	3.940099966578736e-06	0.00329504219574901	2849414202.6293035	2588.4738551238547	2849416791.103159	9.91584824683114e-06	-576397.9423442469	3.3020585847979917e-06	0.022297975670106378
2686.4999999958927	30067627166.701546	-836801.8982593865	30066790364.80329	3.3565722821191464e-06	55.47653668019643	1.7990441224346598e-06	-9.573981629392971	0.016913929796204534	34527.26575052622	2072468185.9454544	4084.426645118743	2072472270.3720999	1.4459672813880089e-06	711043.447275289	3.921017257679752e-06	0.0033060146865318755	2849408924.4284825	2635.661364359781	2849411560.0898476	1.0709956029022468e-05	-578638.7916273116	3.2814465777486877e-06	0.024057751284629277
2726.999999994935	30067609277.01068	-843806.3214427531	30066765470.68924	3.5019496802672136e-06	54.89745514776247	1.7918213667935885e-06	-9.60413338658147	0.017638960116876705	34388.462995254755	2072464380.9748244	4033.9185162112117	2072468414.893341	1.4334568765246393e-06	712896.5453765342	3.9018684610391995e-06	0.0032781484003188816	2849403585.1729665	2699.699895738624	2849406284.8728614	1.1674233323934414e-05	-580835.1242522051	3.261431188911762e-06	0.026193991344226675
2767.4999999939773	30067593293.278175	-852386.0167431982	30066740907.26143	3.664726550064275e-06	55.32938715042668	1.7848022697701888e-06	-9.629193290734824	0.01845028635930996	34253.762547543956	2072460606.8317516	3990.6177066341043	2072464597.4494586	1.424417325646968e-06	714902.9829455138	3.883464664400019e-06	0.0032583588705092275	2849398373.100411	2760.4901362364176	2849401133.5905476	1.2744672384052785e-05	-583191.3915163339	3.2419205860638965e-06	0.028561575586730108
2807.9999999930196	30067576646.891113	-859903.2617922127	30066716743.629322	3.853790446981726e-06	55.56353522093505	1.7778991731447546e-06	-9.649860223642172	0.0193922860582252	34121.35390103164	2072456887.1714687	3948.9982384270984	2072460836.1697075	1.4178054798483906e-06	716748.1577587321	3.865097388749035e-06	0.0032440463180399112	2849393256.890137	2820.9649936864153	2849396077.8551316	1.3978906438749284e-05	-585185.8327698343	3.2229359719150372e-06	0.0312879461792319
2848.499999992062	30067558950.0309	-865970.9398685694	30066692979.09103	4.056252633039456e-06	55.50830605198716	1.771194906756035e-06	-9.671924920127795	0.020400234253482596	33992.54430028744	2072453272.4354994	3904.7562501556235	2072457177.1917493	1.4059989561807257e-06	717510.0488972419	3.847283816414963e-06	0.0032177882243266784	2849388208.6104684	2884.7427978031337	2849391093.3532662	1.525860271940965e-05	-585935.919818493	3.204426059219722e-06	0.034106807683404836
2888.9999999911042	30067541192.18483	-871499.4000540824	30066669692.784775	4.279512489569376e-06	55.305859036867574	1.764647319618942e-06	-9.692492012779553	0.021511753678998415	33866.76286767354	2072449812.082174	3860.977245564107	2072453673.0594196	1.3978206455446284e-06	720743.9025047862	3.829734768483675e-06	0.0031997299783844864	2849383243.438229	2950.1172719169404	2849386193.5555005	1.6790241490175503e-05	-588894.6540998118	3.1863824702967002e-06	0.037478497914960066
2929.4999999901465	30067523882.88944	-876783.9102695733	30066647098.979168	4.522499273191422e-06	55.435369024004125	1.7581517407216122e-06	-9.712360223642172	0.022720234631987794	33742.08695790971	2072446628.2423875	3820.442542229313	2072450448.6849296	1.3906209248089658e-06	723489.0162242625	3.81175088424134e-06	0.003183996778780474	2849378351.103331	3017.6074564061123	2849381368.710788	1.8479691916952726e-05	-591203.7013510446	3.1688217982461305e-06	0.041189593495862285
2969.999999989189	30067508417.04531	-882912.7465763093	30066625504.29874	4.790585238571695e-06	55.28239227812669	1.7516427827719465e-06	-9.737120607028753	0.024052499927610993	33617.056987865464	2072443788.4719186	3789.1880007041614	2072447577.6599197	1.3848754379001858e-06	725482.1733969151	3.793096816578523e-06	0.003171725845651097	2849373528.835577	3086.7556867748494	2849376615.591264	2.0290168357707797e-05	-593368.9017912645	3.1517046476034693e-06	0.04515577584580434
3010.499999988231	30067492643.62135	-887729.268912822	30066604914.352436	5.071826507445435e-06	55.38230656742388	1.7451288611884013e-06	-9.761182108626198	0.025448057325261703	33491.96439617469	2072441076.5299335	3764.3757624598215	2072444840.9056957	1.381442731144628e-06	725741.9173640443	3.7742632902038275e-06	0.0031646158734721574	2849368773.684746	3157.593382672872	2849371931.278128	2.20832035938154e-05	-595513.3118310077	3.1350168684132003e-06	0.04906803721563976
3050.9999999872734	30067476382.116833	-891932.3070005478	30066584449.809834	5.34114180947097e-06	55.45044609677532	1.738857098865811e-06	-9.778753993610223	0.02678102926600638	33371.50298885916	2072438091.088352	3729.325914619956	2072441820.4142673	1.3751680353410396e-06	725954.5205840886	3.7568660377876567e-06	0.003151068138981827	2849364086.5828543	3229.336088718381	2849367315.9189434	2.393935762086942e-05	-597593.5223139196	3.118751317956634e-06	0.05310454431170544
3091.4999999863157	30067460200.017815	-896759.6441028715	30066563440.373707	5.611684016868986e-06	55.481598287852535	1.7329762263706287e-06	-9.793530351437699	0.028117995552827808	33258.550356960535	2072435130.9368355	3691.2777059585787	2072438822.2145412	1.3693959566296518e-06	728422.2103346062	3.7406115552265003e-06	0.0031386426864386725	2849359469.4436646	3301.5505098956637	2849362770.994174	2.5787383910582824e-05	-599604.571952145	3.1029003128788207e-06	0.057106159407249474
3131.999999985358	30067443594.49417	-900392.5722969174	30066543201.921875	5.896458446792504e-06	55.52306144370097	1.727127885925118e-06	-9.811501597444089	0.029523758158943796	33146.20713945116	2072432450.857112	3663.1124611459672	2072436113.9695725	1.3646417800865744e-06	728803.9001646772	3.7240352714788375e-06	0.003128562191700265	2849354910.5522704	3375.140905083623	2849358285.693176	2.770445414871393e-05	-601539.3823960018	3.0874609871696587e-06	0.061243983272522326
3172.4999999844003	30067428950.49077	-905657.7131681442	30066523292.777603	6.178489322064739e-06	55.56265025943177	1.7214723133063292e-06	-9.83416533546326	0.030913346910686652	33037.56399920878	2072429647.4740398	3627.741877479013	2072433275.2159173	1.3594021731576468e-06	730519.6705580832	3.70846312051722e-06	0.0031173662945064053	2849350417.0177917	3449.067298669368	2849353866.0850906	2.972092710101805e-05	-603417.2484797803	3.072428455485737e-06	0.06558444082288556
3212.9999999834426	30067411596.29445	-907915.5474493206	30066503680.747	6.4470853086476415e-06	55.64703869627611	1.715958360297978e-06	-9.855431309904153	0.032233332219768214	32931.63403695273	2072427010.8669138	3597.690265911631	2072430608.5571795	1.3541417493388428e-06	730795.9425996819	3.6931139268197832e-06	0.0031060992533437403	2849345980.2317266	3523.92298905272	2849349504.154716	3.1565169975830625e-05	-605186.6785714647	3.0577825326632733e-06	0.06952837925324813
3253.499999982485	30067396068.588413	-911781.2760577351	30066484287.312355	6.701345297234291e-06	55.70164314100311	1.7106322812833561e-06	-9.876098242811501	0.03347953848642268	32829.30813665333	2072424438.327987	3567.199300004635	2072428005.5272872	1.349241275435938e-06	731961.882204878	3.6784066360327892e-06	0.003095617017677386	2849341597.811797	3599.5127927176654	2849345197.3245897	3.332220377408458e-05	-606911.0966558858	3.043505037580642e-06	0.07326567723899395
3293.9999999815273	30067378181.14817	-912857.9002583623	30066465323.247913	6.958379077674845e-06	55.7411843940799	1.7054364020547098e-06	-9.890375399361023	0.034737599412286393	32729.485976724536	2072421900.02328	3536.420240504667	2072425436.4435205	1.3444311412432077e-06	733036.891677919	3.664209261716397e-06	0.0030853057448975516	2849337272.664664	3675.114622449968	2849340947.7792854	3.5217834173836016e-05	-608592.871374176	3.029590466844223e-06	0.07729343228994891
3334.4999999805696	30067361895.350487	-915241.1388124526	30066446654.21167	7.2135370791464266e-06	55.82960772186105	1.700383545779659e-06	-9.910742811501597	0.03598413490711189	32632.408726170797	2072419419.0972393	3506.241651505232	2072422925.338891	1.3401922268426276e-06	733952.5279108307	3.6504655832359014e-06	0.0030762515639696335	2849333002.361294	3750.5932289767075	2849336752.954523	3.682798252883186e-05	-610193.8579988313	3.0160233926084464e-06	0.08068170137817059
3374.999999979612	30067343374.311527	-915100.959181264	30066428273.35235	7.456658234703991e-06	55.946179290321965	1.6954678434795043e-06	-9.928314696485623	0.0371687847121989	32537.964255354498	2072417004.947639	3476.2089751879685	2072420481.156614	1.3362992060170784e-06	735066.3648140765	3.6371337966745276e-06	0.003067951603694049	2849328781.2471566	3826.1929138549604	2849332607.44007	3.86604787634822e-05	-611711.3566275624	3.00278245280208e-06	0.08454518637580108
3415.499999978654	30067327112.889023	-916897.59492594	30066410215.294098	7.670153504416873e-06	56.09899702889372	1.690673380457978e-06	-9.948083067092652	0.03820417581957042	32445.844982972558	2072414664.091852	3446.582050269469	2072418110.6739025	1.3327952702969034e-06	736482.7511774055	3.624173247185582e-06	0.0030604783451735856	2849324606.1552033	3901.850050706882	2849328508.0052543	4.032660188840111e-05	-613183.1549656396	2.989855098045593e-06	0.08803420473182416
3455.9999999776965	30067308932.893406	-916528.3718140274	30066392404.521595	7.881540349365426e-06	56.38591495956214	1.6859952379516384e-06	-9.963757987220447	0.03922755028179329	32355.95228227853	2072412375.6999996	3417.2932891477826	2072415792.9932885	1.328449445010078e-06	736911.7492658673	3.611544812930098e-06	0.0030510317206878627	2849320478.7084713	3977.0361966942432	2849324455.744668	4.1944138597156006e-05	-614646.4743993336	2.9772388486274036e-06	0.09140770466432144
3496.4999999767388	30067292602.55181	-917747.9101232737	30066374854.641693	8.089145635408372e-06	56.15235257578575	1.6814449829825515e-06	-9.979732428115016	0.04023110405181483	32268.52381834311	2072410147.293384	3389.848014611285	2072413537.1413987	1.324011540144854e-06	737001.4221055642	3.59924984993244e-06	0.0030413367582875135	2849316402.312745	4051.20366680948	2849320453.5164113	4.3467545489294274e-05	-616096.9827468437	2.9649374242606007e-06	0.09456807469099524
3536.999999975781	30067275696.148384	-918068.1628438383	30066357627.98554	8.289952537356362e-06	56.242082099376645	1.677029251308399e-06	-9.996106230031948	0.041199893489682685	32183.684483218916	2072407997.61539	3365.573519999394	2072411363.18891	1.3199401522267302e-06	737686.2643738246	3.5874637830287114e-06	0.0030324169115596455	2849312377.9164753	4124.140914729331	2849316502.057389	4.5090668995685824e-05	-617486.7752830433	2.9529542456060397e-06	0.09793958181036402
3577.4999999748234	30067257843.091423	-917105.6346285791	30066340737.456795	8.449613115162901e-06	56.30855827295367	1.672733675530795e-06	-10.01517571884984	0.041963938476182336	32101.14580277415	2072405896.2285764	3342.6417019688524	2072409238.8702784	1.3159869409404897e-06	738302.1752250914	3.5760597337925068e-06	0.003023676299458366	2849308401.7264814	4196.175604622811	2849312597.902086	4.6144718776357373e-05	-618755.3731807523	2.941282460429221e-06	0.10007307819550892
3617.9999999738657	30067240842.132015	-916738.6303965152	30066324103.501617	8.612638019837391e-06	56.32073883377153	1.668578889804462e-06	-10.031549520766774	0.04274474471546911	32021.27938027637	2072403839.5160017	3319.2402368939943	2072407158.7562385	1.311702311862171e-06	738756.4370017522	3.5650354594985023e-06	0.003014079848363685	2849304465.500912	4268.091280994937	2849308733.5921936	4.747978799183175e-05	-619861.6366186149	2.929942451215731e-06	0.1028170516348206
3658.499999972908	30067223758.10569	-916066.5510101169	30066307691.554676	8.754143247917539e-06	56.2223260242666	1.6645570538843442e-06	-10.046924920127795	0.04341912830136845	31943.955047077234	2072401842.5712194	3294.3818686467125	2072405136.9530883	1.306930496579586e-06	739090.5006664803	3.554464112425381e-06	0.0030032429589069917	2849300559.0183086	4340.899852653965	2849304899.918162	4.858460233269248e-05	-620850.6280324952	2.918864479355312e-06	0.1050650348342933
3698.9999999719503	30067207771.10384	-916260.6923267096	30066291510.41151	8.817312812754517e-06	56.52525965400973	1.660537811953756e-06	-10.061900958466454	0.04370386797117228	31866.845520330007	2072399901.3130748	3269.1987185881007	2072403170.511794	1.3022478427553413e-06	739456.2015508956	3.5441092683707123e-06	0.0029925100177529275	2849296684.7231426	4414.630435576197	2849301099.3535776	4.8675101337233354e-05	-621886.0713381377	2.907626376153583e-06	0.10511700726795101
3739.4999999709926	30067190839.201393	-915281.6636032611	30066275557.53779	9.022792071672873e-06	57.478403236323516	1.6565721624650702e-06	-10.075978434504792	0.044692058135247424	31790.721076546415	2072397992.4451718	3247.1727036181837	2072401239.6178753	1.2983843892546543e-06	739667.0991036262	3.5337146395565565e-06	0.002983720184756902	2849292862.83074	4487.032549731433	2849297349.86329	4.97539980466483e-05	-622790.1644105793	2.8966736213021355e-06	0.10729526752581232
3779.999999970035	30067174138.051266	-914302.9478728026	30066259835.103397	9.429252552255534e-06	56.61680709117948	1.6533712801459632e-06	-10.09285143769968	0.04668213978145693	31728.455978550937	2072396161.421688	3222.682296744082	2072399384.1039848	1.2933682283885752e-06	739099.5061749114	3.524749201642477e-06	0.0029721782970061764	2849289054.661953	4560.411610393785	2849293615.073563	5.2844095192740874e-05	-622919.6437813964	2.888337349195352e-06	0.11384379421192174
3820.499999969077	30067155909.476322	-911558.4019502252	30066244351.07438	9.13578666046293e-06	53.5265171227283	1.6506597517054928e-06	-10.110922523961662	0.04521767731348957	31675.372110786324	2072394514.0153127	3182.615817627404	2072397696.6311302	1.2846721745835267e-06	738965.8103579438	3.5179564863225636e-06	0.002951941990617116	2849285159.2337584	4645.829032155685	2849289805.0627904	5.1213132580034495e-05	-623447.6095069791	2.8807523009877135e-06	0.11028134308353611
3860.9999999681195	30067141341.61206	-912259.1512231529	30066229082.46084	8.184339572537737e-06	57.86464238436149	1.6459622881255017e-06	-10.126497603833865	0.040480874932642436	31586.849166533993	2072392858.627581	3153.7620084835216	2072396012.3895895	1.2813122902302613e-06	742071.1887432376	3.506978522457102e-06	0.002944353260824389	2849281337.815752	4733.995678002015	2849286071.81143	4.320799193668742e-05	-627143.9814528007	2.866762195897125e-06	0.09292154322655896
3901.499999967162	30067125047.29741	-911039.2477939129	30066214008.049614	8.811798647734972e-06	68.72255706029776	1.6413389203956718e-06	-10.140974440894569	0.04354165102165206	31496.342347407008	2072390810.7814074	3185.611331120599	2072393996.3927386	1.2929878895452734e-06	744156.999269939	3.490800255258294e-06	0.0029720007483632735	2849277949.3247776	4787.518984557595	2849282736.843762	4.576692297365428e-05	-629787.3947105624	2.8568843900740947e-06	0.09820659720007544
3941.999999966204	30067117726.18717	-918548.0830933899	30066199178.104073	1.1350049159642785e-05	56.66113264559872	1.6442894786419523e-06	-10.153853833865815	0.056132549392817935	31543.831274480286	2072389011.9049475	3190.6344545213506	2072392202.5394018	1.2910896928320226e-06	736971.2025658005	3.4914292325393888e-06	0.002965429355614826	2849274428.010277	4847.6898297541775	2849279275.7001066	6.41209245392751e-05	-623182.0192142072	2.8706979729417623e-06	0.13788327627932226
3982.4999999652464	30067108339.84269	-923646.4406021835	30066184693.402084	9.419452143236187e-06	42.15466406963091	1.6478205557822134e-06	-10.166932907348242	0.04670022242098025	31603.936090068375	2072388461.2363331	3046.8536909911777	2072391508.0900242	1.2457191065258574e-06	735168.6649581965	3.5065577470167778e-06	0.0028449986428779593	2849269857.469107	5011.543958378956	2849274869.0130663	5.320161042820794e-05	-621981.2917335898	2.876622771149191e-06	0.1154577903511942
4022.9999999642887	30067088080.627213	-917646.7847384961	30066170433.842476	4.332328849374661e-06	61.56158043017237	1.6403868912914615e-06	-10.180111821086262	0.0215243490842224	31464.80787561704	2072387519.6566901	2980.104657938704	2072390499.7613482	1.239027076903482e-06	756774.6753048259	3.491468558238543e-06	0.0028298369661997873	2849265716.438191	5164.927995287348	2849270881.366186	1.502646116964578e-05	-644172.4375362393	2.8525998368185128e-06	0.03278135222410231
4063.499999963331	30067095115.94492	-938896.6741503478	30066156219.270763	3.898932321021599e-06	94.10419112882553	1.6331571842007174e-06	-10.196785143769969	0.0193883190746379	31321.816853015254	2072384109.942862	3275.2513064686204	2072387385.1941686	1.3520235111609828e-06	770522.2026014042	3.461923266706314e-06	0.003098396807249759	2849263906.5578394	5103.326114225201	2849269009.883953	1.1115777977917598e-05	-658470.6549453693	2.840168873811522e-06	0.024245516317501877
4103.99999996298	30067113393.57584	-971151.5917474627	30066142241.984097	4.553016421944241e-06	59.36882605673208	1.6456793795006035e-06	-10.211661341853036	0.022700623350534112	31540.72797104911	2072380574.2888741	3603.8160038446076	2072384178.104878	1.424527260124471e-06	748824.528465459	3.48852446085367e-06	0.0032011323072711124	2849262327.764064	4998.348165949341	2849267326.11223	1.754345726915456e-05	-637307.1992752698	2.880683131693244e-06	0.03907808309767154
4144.499999965092	30067104698.283195	-976163.7067968994	30066128534.5764	3.1215945750838256e-06	53.26060755310458	1.6516910659874417e-06	-10.224940095846645	0.015637023385168574	31644.447509967667	2072380089.9465766	3481.5626770146187	2072383571.5092535	1.3381629116451452e-06	732821.2150279059	3.54994133985853e-06	0.0029489084908425173	2849257992.1645207	5137.234761895145	2849263129.399282	5.8012555740403305e-06	-621848.8399068585	2.8645303635002026e-06	0.013277099746652444
4184.999999967204	30067111091.448097	-996274.7396407725	30066114816.708454	2.960159559508827e-06	33.6811040930738	1.6440154582777688e-06	-10.23871805111821	0.014878407484096218	31511.369586066776	2072380324.7950425	3222.9462717133574	2072383547.741314	1.2534406907040495e-06	754674.6238188287	3.5324290559180163e-06	0.002796025302540288	2849252939.9922028	5368.116002433467	2849258308.108205	3.7844128025749077e-06	-644244.6848736416	2.8410101476600683e-06	0.008685015273176286
4225.4999999693155	30067124648.84115	-1023438.7159861922	30066101210.125156	3.2219436686878755e-06	95.84137525658926	1.6326967541929477e-06	-10.251098242811501	0.0162290398638173	31298.392638104746	2072377509.8361123	3412.8346479705065	2072380922.6707602	1.3943887346152264e-06	788726.5574996925	3.489881536897829e-06	0.0031312403404874056	2849250790.0885296	5340.736897021532	2849256130.825426	3.3723854267374912e-06	-678794.1178957835	2.8186430719162835e-06	0.0077313178703628796
4265.999999971427	30067144379.97032	-1056553.8795238137	30066087826.090797	3.3397502499106e-06	86.41330354106842	1.644316595459899e-06	-10.26417731629393	0.016842682451928687	31499.635180252535	2072372200.059883	4039.588733648415	2072376239.6486166	1.6644851951261824e-06	780261.4387637876	3.521269870044349e-06	0.003757654060090267	2849251071.6908994	5056.570506835822	2849256128.261406	2.9510970039340324e-06	-670843.2368117154	2.8512178757337995e-06	0.006778820693416524
4306.499999973539	30067132269.3812	-1057628.3881468028	30066074640.993046	3.2917396687028392e-06	66.36909864548531	1.6583667716871615e-06	-10.275758785942491	0.016633607251791683	31755.115425529097	2072369534.3644567	4277.039288136177	2072373811.4037445	1.6636209366922597e-06	738747.8457811595	3.640511465799651e-06	0.0037783018522201234	2849248933.5685945	4987.617010487709	2849253921.185605	2.7028212345315944e-06	-630034.1284747492	2.8314591543878655e-06	0.0062218994930740065
4346.999999975651	30067138537.961983	-1077190.2885336839	30066061347.67345	2.975323643978859e-06	40.38823818518982	1.6504160621295689e-06	-10.28783945686901	0.01507031660156385	31622.29890865318	2072369722.11009	3997.1778745360207	2072373719.2879643	1.4331521822349742e-06	726115.1590132712	3.6282940627002996e-06	0.0032624775026592508	2849244061.3538885	5157.47559656063	2849249218.8294854	2.7052595729859142e-06	-618086.1139612934	2.8027873900533757e-06	0.006224096749829782
4387.499999977763	30067133668.308025	-1085682.3169640228	30066047985.99106	2.8604967068405397e-06	39.08614071994145	1.6434641536065352e-06	-10.303913738019169	0.014513733128769631	31489.59160234755	2072369745.4302227	3681.210173443192	2072373426.6403964	1.2996139090103096e-06	737808.7577298541	3.6228378274307137e-06	0.0029641695875245394	2849239372.3086534	5333.379452333319	2849244705.688105	2.7346555636581807e-06	-629970.423478043	2.7740122318855484e-06	0.006286396503947072
4427.999999979875	30067129811.023354	-1094977.143727474	30066034833.87963	2.8579757493667166e-06	66.2667811438445	1.6386186487315954e-06	-10.314896166134185	0.014527555045538775	31390.455453342038	2072368218.0029736	3646.8107530372217	2072371864.8137267	1.2944444278307023e-06	752908.0307036669	3.6241806985160824e-06	0.002956791234394638	2849236250.670618	5385.011837602592	2849241635.682455	2.7890626580131917e-06	-645366.2026913473	2.7501892986724653e-06	0.006400885170824418
4468.499999981987	30067147746.67866	-1125701.7479410022	30066022044.93072	2.9287392364809453e-06	75.22957206009272	1.6355075996367312e-06	-10.329672523961662	0.014893412960474525	31338.525966428293	2072365474.9087236	3833.1006309748627	2072369308.0093546	1.3560341566420517e-06	752173.1503891959	3.607487318282921e-06	0.0031011840273888697	2849234311.7561946	5329.000160932075	2849239640.756355	2.7809061053345953e-06	-645611.434258923	2.74798797288111e-06	0.0063818797712627984
4508.999999984098	30067156217.528374	-1147012.246270828	30066009205.282097	2.941968591700836e-06	54.50317427766581	1.6388051904634467e-06	-10.341054313099042	0.014970728296296473	31407.55177972574	2072363256.5700223	3928.863231718773	2072367185.4332542	1.364842851419976e-06	733128.3756960548	3.6042362069643415e-06	0.003121501997260075	2849231777.2680717	5324.506202028132	2849237101.774274	2.745093586696037e-06	-627337.4461377955	2.7665194926332877e-06	0.006311416975156232
4549.49999998621	30067149794.83847	-1153784.6498776525	30065996010.188595	2.9031874729631407e-06	63.48356522800316	1.631149294227023e-06	-10.354033546325878	0.014779893249047675	31271.387902184346	2072362709.1361606	3779.1744964460377	2072366488.3106568	1.309773143186776e-06	725250.9121403609	3.5900511106452935e-06	0.0029958081036273922	2849227704.0493875	5443.627176067326	2849233147.6765633	2.7098112546293843e-06	-619225.8283865766	2.7404211023794095e-06	0.006231306156197231
4589.999999988322	30067148455.071735	-1165267.0902474	30065983187.981487	2.878484622436258e-06	49.753406251562154	1.6190387667444912e-06	-10.367911341853036	0.01465825754584268	31053.709847437767	2072362430.1557722	3621.4024128902233	2072366051.5581849	1.2617417929621817e-06	729197.7500457616	3.540129652781681e-06	0.002885744932619735	2849223538.9691696	5575.274006900378	2849229114.2431765	2.7212311671261613e-06	-623794.771898105	2.71938323821838e-06	0.006254745595058248
4630.499999990434	30067131697.188663	-1161083.8997088969	30065970613.288956	2.9051936377642137e-06	53.49244664855383	1.6112471682215973e-06	-10.379093450479234	0.014796212397047792	30894.85506665671	2072361396.2343159	3513.682200212264	2072364909.916516	1.2483664403721706e-06	735410.1185032902	3.5130772313608347e-06	0.0028558004187784767	2849220008.338622	5660.031883098651	2849225668.370505	2.745669784005043e-06	-630897.676105564	2.702473492153873e-06	0.006306193228878925
4670.999999992546	30067128089.540558	-1170429.3389424235	30065957660.201614	2.9303135406140376e-06	59.91088857924318	1.6078234789056814e-06	-10.390375399361023	0.014919556813870336	30826.385968900413	2072359813.7556567	3424.215973143233	2072363237.9716303	1.250204079838389e-06	738165.5804017204	3.508263994058561e-06	0.0028592771477568375	2849216912.0549936	5709.189339795149	2849222621.2443333	2.7830810089527103e-06	-633493.9910429674	2.6900298148944105e-06	0.00638768551724147
4711.499999994658	30067121034.940895	-1176366.5932365134	30065944668.34766	2.962726848626785e-06	55.38440813918591	1.603564164968062e-06	-10.403554313099042	0.015080619810461732	30751.286505857664	2072358372.592177	3349.6307097871318	2072361722.2228866	1.250421553572352e-06	737454.52706521	3.4905896148166277e-06	0.0028591803172808594	2849213834.723525	5756.877267027739	2849219591.600792	2.8651970409508304e-06	-632687.4644478323	2.682828206817766e-06	0.006574677831784086
4751.9999999967695	30067112758.928955	-1180363.6143627688	30065932395.314598	3.001180401216961e-06	56.87981011954222	1.5967567082101395e-06	-10.415235623003195	0.01527433600160953	30629.359559193777	2072357337.6822796	3309.819783288752	2072360647.5020628	1.249598018688062e-06	735958.9698677832	3.4547560618864366e-06	0.0028565879981027457	2849210626.8141403	5816.167905068025	2849216442.9820447	2.962793876608359e-06	-632640.5241249311	2.6764667827086935e-06	0.00679829971851111
4792.499999998881	30067100156.42369	-1179709.8665790707	30065920446.557117	3.0346226609277367e-06	59.91393667257665	1.5883692204571467e-06	-10.428614217252397	0.015441539949689543	30474.316018169975	2072355920.445835	3297.207534280605	2072359217.6533697	1.2515988956853777e-06	737407.1847714639	3.4124090563763574e-06	0.002860342324906228	2849207446.6269646	5874.0175214661285	2849213320.6444864	3.005156706530443e-06	-634559.0876463478	2.667543121304012e-06	0.006893697883038956
4833.000000000993	30067084458.92439	-1176967.4773353934	30065907491.44705	3.0506506214066946e-06	58.85115379546855	1.5809362418278591e-06	-10.440994408945686	0.015518875638050569	30335.964797081	2072354599.6157436	3313.6314150528046	2072357913.2471588	1.256338950142168e-06	742850.6017248789	3.3749919080775897e-06	0.0028699423808595617	2849204405.6606708	5921.137315244414	2849210326.797986	3.044054966195102e-06	-636359.2462232911	2.6602146384343944e-06	0.006980923119412743
4873.500000003105	30067072602.014015	-1176842.9883290306	30065895759.02569	3.089747444549827e-06	58.71212395630164	1.5749736818623933e-06	-10.452875399361023	0.015713579668980248	30222.59595230004	2072353656.0927951	3317.0712463478553	2072356973.1640413	1.2609171703224982e-06	743700.5667830709	3.34513009419547e-06	0.0028783951742310447	2849201427.6278906	5963.534578531515	2849207391.1624684	3.090095235456136e-06	-636994.6715225704	2.654726778266476e-06	0.007085712449379237
4914.000000005217	30067063373.973694	-1178567.7153063342	30065884806.25839	3.143329406596548e-06	60.44274712517215	1.5703383662049897e-06	-10.464257188498403	0.01598291785560456	30133.036204910528	2072351941.8189716	3265.4714404302645	2072355207.2904117	1.2584457673559031e-06	743286.6061230797	3.322687060337055e-06	0.002870631692279871	2849198431.256297	6007.730482942425	2849204438.98678	3.108900804083402e-06	-637171.7613228858	2.648827336003579e-06	0.007129158901303171
4954.500000007329	30067052092.87245	-1180298.9840448946	30065871793.888412	3.132642406418739e-06	59.96697000567625	1.5663994717562387e-06	-10.475838658146964	0.015925318306032995	30056.69096938809	2072350829.1929848	3254.242352428846	2072354083.4353373	1.2561942245612285e-06	739954.611366681	3.304145484415991e-06	0.002864119681898458	2849195421.209852	6053.389160053338	2849201474.599012	3.0919257217192818e-06	-637516.3832622296	2.6422555643334593e-06	0.007090977331369926
4995.000000009441	30067039280.92018	-1179318.652334109	30065859962.26784	3.1049811833781748e-06	59.84847384745582	1.5623470111976956e-06	-10.486920926517572	0.015780646014632718	29980.07549725358	2072349846.0293345	3281.1829932956025	2072353127.212328	1.2568225730845828e-06	744839.8321262076	3.2906634045133125e-06	0.002864834057742014	2849192426.36533	6098.243203946855	2849198524.608534	3.0522566565447378e-06	-638049.5692750171	2.635658880550857e-06	0.007000824408376308
5035.500000011552	30067025123.100567	-1176322.8571308702	30065848800.243435	3.151318684221946e-06	61.19004362169552	1.5589609656292906e-06	-10.498302715654953	0.016013380476004046	29915.805223666597	2072348149.421404	3280.5621168566863	2072351429.9835205	1.2546103025305144e-06	748899.23038944	3.281413082170913e-06	0.0028589825057257676	2849189457.150918	6141.350673136301	2849195598.5015917	3.0133823435667424e-06	-638606.1982847443	2.629279827643664e-06	0.006912448748430199
5076.000000013664	30067010682.349857	-1174801.649731025	30065835880.70013	3.216796624347e-06	62.55120561153845	1.5566658752691314e-06	-10.51048322683706	0.016344653554696196	29871.62794209895	2072344866.2828698	3180.335014416836	2072348046.6178842	1.2437684409731146e-06	759671.4503487323	3.2679304692965564e-06	0.002833470103433583	2849186511.1963725	6182.841057765297	2849192694.0374312	2.975941004552296e-06	-639113.8537837203	2.6230448049588943e-06	0.006827305896001092
5116.500000015776	30066992218.76917	-1172223.9136805385	30065819994.85549	3.239102957153618e-06	63.09988288145899	1.5541538997781974e-06	-10.527755591054314	0.016456927710516028	29823.075439651453	2072343126.9820905	3158.31374963047	2072346285.2958403	1.2380331064927367e-06	744508.5529738723	3.24778186681603e-06	0.002819998937350717	2849183586.1882696	6222.840977638494	2849189809.0292473	2.9439696864578167e-06	-639583.7967388702	2.6168748278325687e-06	0.006754656592800547
5157.000000017888	30066977068.39918	-1170846.4131824374	30065806221.986	3.0891620048409837e-06	60.95676026410055	1.5495374835017928e-06	-10.539936102236421	0.01569393403440043	29734.529497811072	2072342212.032064	3211.6627095784056	2072345423.6947737	1.2426562475527133e-06	744659.2142841269	3.2383848961278004e-06	0.0028303255049484497	2849180682.2708144	6261.330074833706	2849186943.6008887	2.9121942307168176e-06	-640038.4188352567	2.610755579055029e-06	0.006682384242227661
5197.50000002	30066965375.018723	-1170538.25086914	30065794836.767853	3.1011656486189257e-06	61.49822439206147	1.545747578051462e-06	-10.550219648562301	0.01575401615455492	29661.89149992744	2072340306.1331537	3196.6900249472815	2072343502.823179	1.2390527801149141e-06	757961.9515584377	3.2358130615846177e-06	0.00282182704195656	2849177800.2945824	6298.227588424925	2849184098.522171	2.8814526869631573e-06	-640485.196385915	2.604706124886316e-06	0.006612411628721262
5238.000000022112	30066955017.54772	-1172610.070013225	30065782407.477707	3.1585414845480448e-06	62.21848972105846	1.5451582599730724e-06	-10.564596645367413	0.016044581625217845	29650.561547517085	2072336609.137534	3032.1163329156116	2072339641.2538667	1.2186105713262961e-06	767162.2455524188	3.2215123525173164e-06	0.0027749551901294876	2849174940.6768413	6333.477526327129	2849181274.1543674	2.8543707259553123e-06	-640925.2323145617	2.5987257483456437e-06	0.006550759873152047
5278.5000000242235	30066941528.56806	-1175770.6759626716	30065765757.892105	3.1792278668770794e-06	63.104165900234435	1.5430378683958945e-06	-10.580670926517572	0.0161488075637027	29609.794525185574	2072333963.5729513	2900.11602105014	2072336863.6889727	1.2042186366434353e-06	734501.3868762503	3.202740633397171e-06	0.002741911129957275	2849172103.3094378	6367.067911209538	2849178470.377349	2.8257606173459116e-06	-641359.3238842877	2.5928003366457935e-06	0.0064855363860307925
5319.000000026335	30066929532.92467	-1182036.013457343	30065747496.91121	3.0845082352593566e-06	58.35025191308624	1.536896748261714e-06	-10.597344249201278	0.015666838123147533	29491.887382335095	2072333813.3890557	2908.0303375087674	2072336721.419393	1.2062286093759453e-06	716687.5330229597	3.2039094583325525e-06	0.0027462607930889226	2849169288.2891674	6398.977358513045	2849175687.266526	2.7982071611061347e-06	-641793.7592782851	2.5869333716332514e-06	0.006422676605904023
5359.500000028447	30066926463.351128	-1188987.2020060346	30065737476.14912	3.0724913705866136e-06	55.41255675681285	1.5351806395369747e-06	-10.608126996805112	0.015604952021303563	29458.938319916495	2072334217.3535435	2948.6583309327248	2072337166.0118752	1.211911706071889e-06	725756.3471675575	3.2087072893604006e-06	0.002758982327006893	2849166495.7251244	6429.176239650231	2849172924.9013643	2.776002332257843e-06	-642226.3659725466	2.5811314524670378e-06	0.0063720404664072494
5400.000000030559	30066928032.231236	-1196121.3275509104	30065731910.903687	3.062810964198939e-06	55.91456416325705	1.536143045062906e-06	-10.612519968051119	0.01555493898502589	29477.406941526093	2072334713.537699	3013.2672114232555	2072337726.8049107	1.2197374656621602e-06	738976.7597293529	3.2067885170440327e-06	0.002776568688526292	2849163725.5447307	6457.679025460034	2849170183.2237563	2.753420495041957e-06	-642658.6654829055	2.575385541686041e-06	0.0063204976115024385
5440.500000032671	30066928020.130775	-1201319.0315250978	30065726701.099243	3.09575849744744e-06	58.63329329624513	1.5352781464231206e-06	-10.618710063897764	0.015721443152893026	29460.791626276514	2072334026.840131	3040.2593819955364	2072337067.0995133	1.2233197081490883e-06	749213.9903288607	3.2026373559419016e-06	0.0027844765860348154	2849160977.501634	6484.493228316307	2849167461.994862	2.730007159596568e-06	-643090.6118785443	2.5696910133094555e-06	0.006267010751638286
5481.000000034783	30066925811.81692	-1208161.2008969039	30065717650.61602	3.1432055344174473e-06	60.245881246850495	1.5332922377525546e-06	-10.62969249201278	0.015961507717349124	29422.65365621111	2072332541.0696802	3021.9710798780434	2072335563.04076	1.2214812958235906e-06	750643.7071780071	3.198580018016823e-06	0.0027800434629996866	2849158251.589551	6509.606892458162	2849164761.196443	2.707207361856205e-06	-643535.2592389073	2.564040595128472e-06	0.006214899908311747
5521.500000036895	30066922191.184906	-1216306.894379288	30065705884.290527	3.1637159240015785e-06	60.051442449019234	1.5314271387400235e-06	-10.63927715654952	0.016064705097243434	29386.841940367445	2072330970.1832614	2988.105754565913	2072333958.2890162	1.2179864963257106e-06	747275.5602754122	3.193553356892497e-06	0.0027718381520219827	2849155548.439083	6533.005750075448	2849162081.4448333	2.6859567194765005e-06	-643992.9630291701	2.5584356279460224e-06	0.00616631436725923
5562.000000039006	30066916225.393456	-1222466.5603338927	30065693758.833126	3.1635328995219886e-06	59.262137446141566	1.5294862145415284e-06	-10.65255591054313	0.01606279395624712	29349.579471612313	2072329828.7477517	2966.494569802191	2072332795.2423213	1.2163753975592327e-06	738619.2903710578	3.1888331909895308e-06	0.002767919111568682	2849152867.9634914	6554.65721063409	2849159422.6207023	2.6664332206659316e-06	-644462.831461037	2.5528814432295555e-06	0.006121669086710541
5602.500000041118	30066910746.403114	-1228449.0013639852	30065682297.401752	3.1479478090889733e-06	57.74987032922263	1.5271502306788504e-06	-10.664536741214057	0.015982693324593317	29304.74014947145	2072329498.0850668	2981.689842717722	2072332479.7749095	1.219014678562576e-06	732469.832202379	3.1897020880850964e-06	0.0027736676016410482	2849150209.89083	6574.566484812647	2849156784.4573145	2.646750091257917e-06	-644940.0279568325	2.5473758457021597e-06	0.0060766388432867595
5643.00000004323	30066906031.761887	-1232808.1123108938	30065673223.649574	3.1435767863176087e-06	56.4889516005783	1.5258430743816936e-06	-10.673422523961662	0.0159595775780585	29279.657355044543	2072329417.083741	3011.9081950951363	2072332428.991936	1.2231639342000347e-06	737144.3321021621	3.1930900374117242e-06	0.002782846264574012	2849147573.8839684	6592.702973112464	2849154166.5869412	2.6279163938118336e-06	-645429.8800315314	2.5419103338108387e-06	0.006033541809691842
5683.500000045342	30066902551.179855	-1236541.9117341936	30065666009.268127	3.1652398229154436e-06	56.80708049808365	1.525719748900248e-06	-10.680611022364218	0.016068686267438053	29277.30026339084	2072329009.5546544	3029.4653102732264	2072332039.0199645	1.226461415027848e-06	743141.6995474951	3.1921291933055445e-06	0.0027900859476998143	2849144960.458892	6609.0897560841395	2849151569.5486484	2.6094135521817944e-06	-645938.4661574506	2.53648403502805e-06	0.005991187634208828
5724.000000047454	30066900606.86058	-1242483.777307406	30065658123.08327	3.1893341035632344e-06	57.5023097520435	1.5248723324324205e-06	-10.687999201277956	0.01619014947599616	29261.043879000863	2072328425.1154206	3038.4656960233115	2072331463.5811164	1.229110402943183e-06	742802.1285721909	3.1880209934549897e-06	0.0027958544853089527	2849142369.946049	6623.752269444987	2849148993.6983185	2.5902022140966083e-06	-646463.8347378976	2.5310994764390125e-06	0.0059471934094995176
5764.500000049566	30066897326.909622	-1248217.618479982	30065649109.291145	3.1980118393905317e-06	57.41465225606134	1.5229053111869602e-06	-10.697484025559106	0.016233351096073115	29223.29761001307	2072327976.4628913	3054.9600021028887	2072331031.422894	1.23235040070841e-06	740045.4769825295	3.186198175482528e-06	0.002802969579582739	2849139802.3319135	6636.673731380141	2849146439.005645	2.5713440974085566e-06	-647002.1477706262	2.5257570088350084e-06	0.005903998552484397
5805.0000000516775	30066893610.52749	-1253382.4126821756	30065640228.114807	3.2057023184086737e-06	56.93972148077058	1.5210888070925514e-06	-10.705670926517572	0.01627156817845078	29188.4447508286	2072327650.13027	3079.9252991215326	2072330730.055569	1.2362427095980372e-06	740366.6887006292	3.1868570011617716e-06	0.0028115727168020414	2849137257.18025	6647.837270162533	2849143905.01752	2.5530720195723986e-06	-647553.5920196952	2.5204536078947033e-06	0.005862138761197948
5845.500000053789	30066891961.82942	-1259925.1222297251	30065632036.70719	3.2172068979288638e-06	56.76577301024075	1.519974558834289e-06	-10.71415734824281	0.016329187356827812	29167.076422201848	2072327235.2749796	3103.2625614535064	2072330338.5375414	1.2395808416245416e-06	743566.3663541637	3.1871872089580382e-06	0.0028189249281670194	2849134734.1419883	6657.255659863818	2849141391.397648	2.5353863832088975e-06	-648120.5323488794	2.5151855601621134e-06	0.005821615334160476
5886.000000055901	30066888261.821117	-1264284.0447713658	30065623977.776337	3.235577753645729e-06	56.93071480534616	1.5190754921871824e-06	-10.722044728434504	0.01642168935085695	29149.84219473803	2072326677.3481164	3120.8449491141364	2072329798.1930654	1.2425732275595571e-06	745931.0289249148	3.18589184713941e-06	0.0028255034264951097	2849132233.201122	6664.939917771611	2849138898.14104	2.517944758125828e-06	-648704.1034164652	2.5099523251874584e-06	0.005781642201988899
5926.500000058013	30066885173.62247	-1269659.3720251545	30065615514.250446	3.249056486376496e-06	57.00393397194185	1.5178437209687517e-06	-10.73013178913738	0.016489381748165704	29126.225137250593	2072326072.0123832	3136.6580808497965	2072329208.6704643	1.2453717500032956e-06	746728.0304769829	3.183979944536281e-06	0.0028316522957586316	2849129754.5305576	6670.88547924161	2849136425.4160376	2.500366789317329e-06	-649305.465071344	2.5047523178539615e-06	0.00574134592503521
5967.000000060125	30066880313.27527	-1273504.079959184	30065606809.19531	3.2605087977127985e-06	56.86656793060857	1.516400115681685e-06	-10.738119009584665	0.01654681722953155	29098.544159924153	2072325469.1246705	3153.349556120112	2072328622.4742265	1.2481258552206346e-06	747529.3240216459	3.1823021009916727e-06	0.0028377128830409147	2849127298.210629	6675.118297295179	2849133973.328927	2.4833693793845384e-06	-649924.0215298157	2.4995871719076237e-06	0.005702373574466411
6007.500000062237	30066877026.26464	-1278856.8524058312	30065598169.41223	3.2700824321818127e-06	56.70214339748064	1.5150250347134718e-06	-10.74720447284345	0.016594755557970027	29072.178904540633	2072324838.4340258	3169.34298174968	2072328007.7770076	1.2507613436795388e-06	748965.0813310302	3.180454611932214e-06	0.0028435176124045193	2849124863.981057	6677.6577885225415	2849131541.6388454	2.4665767455152637e-06	-650553.8190746693	2.49446240283724e-06	0.005663867171773803
6048.000000064349	30066871366.190304	-1281778.3925921917	30065589587.797718	3.2814050834916924e-06	56.597368347735554	1.513703265606266e-06	-10.755291533546325	0.016651607082142902	29046.83902716804	2072324162.3332052	3183.2434041276574	2072327345.5766096	1.2531485684859823e-06	750226.5466223414	3.177957303124294e-06	0.002848770990732291	2849122451.093079	6678.55264969496	2849129129.645729	2.4503519334907454e-06	-651194.5053545904	2.489371274168239e-06	0.005626661016618975
