1.548495354349815
Time 	 Eb 	 Ea 	 Ep 	 phi_d 	 phi_z 	 KED 	 MLD 	 K 	 E_k 	 Eb_D 	 Ea_D 	 Ep_D 	 phi_d_D 	 phi_z_D 	 KED_D 	 K_D 	 Eb_U 	 Ea_U 	 Ep_U 	 phi_d_U 	 phi_z_U 	 KED_U 	 K_U 
931.4999999968353	0.0	30068247658.441204	30068247658.441204	1.3551914347390072e-06	-1351.4450485368545	2.6141166055644777e-06	-8.20167731629393	0.006901697291605363	50095.93551836534	0.0	407412751.1682255	407412751.1682255	6.4717952082301355e-06	256184.42169294946	1.4333792975460065e-05	0.006581275485821743	0.0	560148785.2904203	560148785.2904203	2.9241432082542472e-06	-248994.80050715312	1.1677318773945342e-05	0.0029878486697738414
971.999999996645	0.0	30068219071.195698	30068219071.195698	1.4225276051782685e-06	-1374.0585802034045	2.5813847750564343e-06	-8.226936900958467	0.007242431886556351	49485.948076149034	0.0	407413054.051444	407413054.051444	6.131048299901913e-06	258634.728665613	1.4082586013835863e-05	0.0062317039635662475	0.0	560146448.098577	560146448.098577	3.058673098260874e-06	-249190.8586825824	1.1519073072895654e-05	0.003124961150451487
1012.4999999964547	0.0	30068189455.368057	30068189455.368057	1.4931678066696315e-06	-1253.4793756617532	2.5457532534616096e-06	-8.262180511182109	0.007600139695859019	48812.405786931115	0.0	407413316.3162098	407413316.3162098	5.853491863164603e-06	260528.90439820645	1.3814009008534373e-05	0.005947055011171783	0.0	560143955.2632654	560143955.2632654	3.2948119108419745e-06	-249043.29377407557	1.1351782684437237e-05	0.0033658015753717774
1052.9999999968138	0.0	30068158678.379547	30068158678.379547	1.6156706875261008e-06	-1091.8549159297897	2.508955031840006e-06	-8.286042332268371	0.008221907455435974	48114.112902761524	0.0	407413355.13642234	407413355.13642234	5.6035125462221736e-06	262968.6592809408	1.3538767243221975e-05	0.005690642258187601	0.0	560141376.873843	560141376.873843	3.6183533512693817e-06	-248493.77006128052	1.1180927963920316e-05	0.00369580694246033
1093.499999997391	0.0	30068126604.280556	30068126604.280556	1.7408390370251132e-06	-1055.7548850948974	2.4723001603063593e-06	-8.315894568690096	0.00885730175055876	47416.89100019387	0.0	407413200.86653024	407413200.86653024	5.62860250858362e-06	261192.95317780314	1.3265068956103235e-05	0.005712800036772902	0.0	560138782.4614036	560138782.4614036	4.124241611802898e-06	-247552.4530156432	1.1010037667248384e-05	0.004211908264125449
1133.999999997968	0.0	30068092411.407898	30068092411.407898	1.8593517578083546e-06	-1248.0365439621305	2.4365968128159697e-06	-8.34654552715655	0.009458385697401765	46737.29673907647	0.0	407412833.3456991	407412833.3456991	5.659724949466141e-06	264413.5903973897	1.299274904381386e-05	0.005741062172522678	0.0	560136202.5602362	560136202.5602362	4.7294670581657634e-06	-246609.37476057018	1.0841598046018716e-05	0.004829259339562237
1174.499999998545	0.0	30068058227.282673	30068058227.282673	1.9897870972485763e-06	-1045.090960551528	2.4017661993980796e-06	-8.379392971246006	0.010119563993524913	46073.55497204745	0.0	407412371.67734194	407412371.67734194	5.518425576509973e-06	262572.2420612881	1.2733294835248131e-05	0.005594427455632503	0.0	560133614.62418	560133614.62418	5.371822493835766e-06	-245956.12470203004	1.0677666911321465e-05	0.005484262751529313
1214.999999999122	0.0	30068021844.57065	30068021844.57065	2.1031253736756014e-06	-1018.4715083032125	2.368268132879444e-06	-8.411841054313099	0.010693184994732815	45436.217780344785	0.0	407411963.5192516	407411963.5192516	5.21781568597793e-06	267400.2227002182	1.2517612860012704e-05	0.00528667213947156	0.0	560131005.5109627	560131005.5109627	6.031558584881998e-06	-245394.5195325397	1.0519632256123862e-05	0.00615671376931758
1255.4999999996992	0.0	30067987235.9375	30067987235.9375	2.2371894810105826e-06	-661.4946890381045	2.3378362900733323e-06	-8.442591853035143	0.01137179742876989	44856.16924234163	0.0	407411004.247079	407411004.247079	4.813460318924682e-06	273300.40229533747	1.2311426578579851e-05	0.004874477031395818	0.0	560128372.6718398	560128372.6718398	6.623547787220346e-06	-244968.0326747573	1.0367699614309655e-05	0.006759660187633044
1296.0000000002763	0.0	30067947920.91606	30067947920.91606	2.3760913899151103e-06	-412.40738184296924	2.3094927678824493e-06	-8.48202875399361	0.012074462559250529	44314.775012971804	0.0	407409732.7810277	407409732.7810277	4.419751025310277e-06	276045.8959722289	1.21064094171351e-05	0.004473895172908817	0.0	560125723.7853944	560125723.7853944	6.8085978159560585e-06	-244670.22030970946	1.022139629970073e-05	0.006947011664601433
1336.5000000008533	0.0	30067905076.79873	30067905076.79873	2.355510212863307e-06	-355.4341336121978	2.282184562885177e-06	-8.524261182108626	0.011966571099485821	43792.39784590006	0.0	407408325.35263896	407408325.35263896	4.04887879335224e-06	279363.9193308232	1.1909762246437289e-05	0.004097203487589246	0.0	560123108.7157474	560123108.7157474	6.598552874406045e-06	-244436.8880136406	1.0080086814233992e-05	0.0067311095691366596
1377.0000000014304	0.0	30067861316.597218	30067861316.597218	2.3010573215655943e-06	-388.5264798181876	2.2559166423889955e-06	-8.566693290734824	0.011687018177691863	43289.7717878827	0.0	407406733.82427883	407406733.82427883	3.7633212769239907e-06	281118.7730412684	1.1723274123460208e-05	0.0038075284476899816	0.0	560120593.1665018	560120593.1665018	6.870918632570603e-06	-244234.8256192194	9.942343575716482e-06	0.0070072027068613105
1417.5000000020075	0.0	30067817608.99372	30067817608.99372	2.3581715044659855e-06	-352.79092876306515	2.2309365790719325e-06	-8.608226837060704	0.011974522880773735	42811.24507381642	0.0	407405235.2803285	407405235.2803285	3.589205680921889e-06	275131.3123985228	1.155281982039407e-05	0.00363108547327561	0.0	560118142.0069127	560118142.0069127	7.428023051978606e-06	-244150.83666904588	9.808820672057765e-06	0.007573317970240158
1458.0000000025846	0.0	30067773548.030533	30067773548.030533	2.4345427674134567e-06	-364.8388212519006	2.206425233898602e-06	-8.645966453674122	0.012360020986941113	42341.80206158205	0.0	407403854.80048376	407403854.80048376	3.461635172587423e-06	276976.3330337857	1.1405348722703265e-05	0.0035021041392121247	0.0	560115737.6994739	560115737.6994739	7.947856093538968e-06	-244100.61226826362	9.679765405668926e-06	0.008100922548804842
1498.5000000031616	0.0	30067731742.671806	30067731742.671806	2.519490910298399e-06	-391.16857507058955	2.184030797537837e-06	-8.68550319488818	0.012789277162190917	41912.8469200155	0.0	407402399.9818506	407402399.9818506	3.3591501841381855e-06	281912.23152273055	1.1267490158019363e-05	0.0033987826880792654	0.0	560113376.769832	560113376.769832	9.124523764846552e-06	-244035.61617954058	9.554960668146338e-06	0.00929720204994352
1539.0000000037387	0.0	30067692464.32122	30067692464.32122	2.5775141267690404e-06	-208.57748965526554	2.1638858063182948e-06	-8.725938498402556	0.013081868091723256	41526.01597953496	0.0	407401006.3991976	407401006.3991976	3.279159680841778e-06	282889.0983458179	1.113246595159736e-05	0.00331847616742489	0.0	560111060.1200447	560111060.1200447	1.3602087908617878e-05	-243979.4233000233	9.434138422115331e-06	0.013854533332503994
1579.5000000043158	0.0	30067653653.539017	30067653653.539017	2.601076327491681e-06	-73.21339680589776	2.1439024060300044e-06	-8.761481629392971	0.01319926627727368	41143.25183267066	0.0	407399690.9269824	407399690.9269824	3.217693315210073e-06	283484.1761272381	1.1007964611960124e-05	0.003257068369266306	0.0	560108789.9487636	560108789.9487636	-1.0010077440130498e-05	-243968.5720445816	9.317159284242713e-06	-0.010191851229225241
1620.0000000048929	0.0	30067615700.81026	30067615700.81026	2.612177080728935e-06	-36.85617477847159	2.1243390096018386e-06	-8.79173322683706	0.013253535141376605	40768.249736317855	0.0	407398357.177386	407398357.177386	3.1717122566938263e-06	284754.3266473587	1.0890737047637755e-05	0.003211358428857537	0.0	560106566.8363218	560106566.8363218	2.4607971475319788e-06	-244032.33757103834	9.204090795165538e-06	0.002504399839816377
1660.50000000547	0.0	30067578651.980545	30067578651.980545	2.603675668726215e-06	12.644365947337485	2.1059128118594153e-06	-8.835163738019169	0.013208826837487574	40415.0147376034	0.0	407397000.60279167	407397000.60279167	3.143742154979333e-06	285570.9407382461	1.0779484855593601e-05	0.003183955932337163	0.0	560104394.4288771	560104394.4288771	4.062632187786918e-06	-244109.93007023894	9.095116190096027e-06	0.0041326827172401
1701.000000006047	0.0	30067542097.373318	30067542097.373318	2.56091406152228e-06	53.633659903758186	2.0882439879114318e-06	-8.864716453674122	0.012990268099137656	40076.275814009045	0.0	407395589.76470506	407395589.76470506	3.1172087735198325e-06	286470.447269054	1.0672630303530139e-05	0.0031579159430754167	0.0	560102291.0408788	560102291.0408788	4.671042817506855e-06	-244308.39216076763	8.991244568086263e-06	0.004749266248976061
1741.500000006624	0.0	30067505846.88199	30067505846.88199	2.532570147993783e-06	82.2562529680833	2.071281734220722e-06	-8.900259584664537	0.012844976226379694	39751.04013418947	0.0	407394107.1275441	407394107.1275441	3.087292585396429e-06	287595.0260391132	1.056875757191632e-05	0.003128307292275192	0.0	560100249.2984021	560100249.2984021	5.054716490518621e-06	-244613.8927171054	8.892749231501532e-06	0.005136800064662404
1782.0000000072012	0.0	30067469804.93882	30067469804.93882	2.5347134039902494e-06	114.91184067079196	2.0550480558807247e-06	-8.939596645367413	0.012854300886968663	39439.70913604362	0.0	407392567.3240389	407392567.3240389	3.067966279674308e-06	288867.14619655226	1.046767735064498e-05	0.003109266215095587	0.0	560098252.9793761	560098252.9793761	5.3390217844548485e-06	-244854.99870085626	8.798763823753958e-06	0.005422939398267889
1822.5000000077782	0.0	30067430201.50496	30067430201.50496	2.2764403118518815e-06	53.70931982402746	2.016500018289853e-06	-8.971046325878595	0.01153368485631049	38700.2447022148	0.0	407391063.171008	407391063.171008	3.0529624405487884e-06	294214.49889015884	1.038080527240828e-05	0.003094437301303539	0.0	560096296.8354886	560096296.8354886	5.364629186036476e-06	-245266.03953633975	8.718195902059738e-06	0.005446119604186945
1863.0000000083553	0.0	30067395225.65812	30067395225.65812	2.2726892015463663e-06	53.37172552056786	2.0056654288747873e-06	-9.00469249201278	0.0115132905426217	38492.45291658744	0.0	407389603.7170383	407389603.7170383	3.0346742588355026e-06	295950.87657100835	1.0291953153908262e-05	0.0030762902456129737	0.0	560094377.6021965	560094377.6021965	5.236295010577189e-06	-245478.53120437678	8.635253663834742e-06	0.0053129868029380654
1903.5000000089324	0.0	30067360230.53224	30067360230.53224	2.252227218857427e-06	53.19821721295546	1.9950432204551617e-06	-9.032547923322683	0.011408122967983768	38288.671165193926	0.0	407388204.4779808	407388204.4779808	3.012655155347399e-06	297360.03383998724	1.0200173395014456e-05	0.0030544267025406353	0.0	560092489.5380328	560092489.5380328	5.326188907446867e-06	-245757.60104849417	8.552110255337041e-06	0.005401216339025971
1944.0000000095094	0.0	30067325751.30835	30067325751.30835	2.228711319063372e-06	53.15126526053626	1.9837234963002137e-06	-9.065095846645367	0.011287283206094597	38071.70119663809	0.0	407386844.7882405	407386844.7882405	2.994318456988569e-06	298500.2437395521	1.0107676882189196e-05	0.003036200446852754	0.0	560090617.0891993	560090617.0891993	5.161738067787944e-06	-246476.3116788703	8.47088965702674e-06	0.005231469444620741
1984.5000000100865	0.0	30067291824.49791	30067291824.49791	2.196923367516126e-06	52.94339540303351	1.972035583148329e-06	-9.101837060702875	0.011124511809849372	37847.51046156349	0.0	407385522.7386688	407385522.7386688	2.9804798664722125e-06	299432.92710436066	1.0015988346458054e-05	0.00302251348599251	0.0	560088672.7770894	560088672.7770894	4.456647457543196e-06	-248338.71715537756	8.393278301049976e-06	0.004514143087089208
2025.0000000106636	0.0	30067258490.56852	30067258490.56852	2.1736408629051123e-06	53.36794977978513	1.960260755201093e-06	-9.12879392971246	0.011004780625530904	37621.339798175555	0.0	407384232.74827516	407384232.74827516	2.97088471281907e-06	300237.5141153812	9.92677331783171e-06	0.0030132961613089614	0.0	560086709.7429037	560086709.7429037	1.899373400407907e-05	-247683.5381522227	8.319567834111059e-06	0.019226616690687492
2065.5000000105774	0.0	30067225716.047035	30067225716.047035	2.169296095689536e-06	53.68774337865824	1.94840241816472e-06	-9.15535143769968	0.010980575955868268	37394.31808233708	0.0	407382967.19482803	407382967.19482803	2.965335929145238e-06	300933.4907000909	9.838288074323842e-06	0.0030081775098760415	0.0	560084843.8272579	560084843.8272579	1.0434110194571799e-05	-248536.69039174332	8.24840703029308e-06	0.010555116423213044
2106.0000000096197	0.0	30067193445.88703	30067193445.88703	2.1820044266794494e-06	54.05463082627592	1.936561938396368e-06	-9.19319089456869	0.011042594896165592	37167.09878387396	0.0	407381722.6469243	407381722.6469243	2.9627937171508614e-06	301503.8764685144	9.750789131569165e-06	0.0030059857048149717	0.0	560083039.2260815	560083039.2260815	9.431108793461783e-06	-248834.26950214372	8.181276728789415e-06	0.009534111442642684
2146.500000008662	0.0	30067161679.98036	30067161679.98036	2.204823272925205e-06	54.47705719343524	1.9249166046374305e-06	-9.224840255591054	0.011155735354127002	36943.673120010375	0.0	407380506.73718226	407380506.73718226	2.962863098682183e-06	302210.9456153399	9.665744686068523e-06	0.003006503959488031	0.0	560081256.4193035	560081256.4193035	9.653807784986181e-06	-248769.5553249497	8.115039606307105e-06	0.009752643560463759
2187.0000000077043	0.0	30067130525.391228	30067130525.391228	2.239194048285889e-06	54.77650851728275	1.913496654014804e-06	-9.248302715654953	0.011327157123648108	36724.53862674812	0.0	407379316.8054334	407379316.8054334	2.9672847291520703e-06	303070.67507108266	9.58277476591135e-06	0.0030114844797995005	0.0	560079527.0221765	560079527.0221765	1.0230641440633118e-05	-249696.0000935007	8.050676182958968e-06	0.010328273611259882
2227.5000000067466	0.0	30067099898.797073	30067099898.797073	2.2854240297569662e-06	55.048316105893605	1.9023256947928171e-06	-9.278953674121405	0.011558112039453197	36510.18060775	0.0	407378140.16742826	407378140.16742826	2.971650684423482e-06	303774.13912101206	9.501354239804346e-06	0.003016385325374186	0.0	560077870.8192677	560077870.8192677	1.0793356826313143e-05	-249589.73490297236	7.989264491380953e-06	0.010888655017338243
2268.000000005789	0.0	30067069740.448364	30067069740.448364	2.3367935689003217e-06	55.16943916627334	1.8914134413561737e-06	-9.308606230031948	0.011814902812795784	36300.769981453544	0.0	407376994.2331127	407376994.2331127	2.976709316251397e-06	304345.9926621403	9.422229843702782e-06	0.003022023552269039	0.0	560076269.5368004	560076269.5368004	1.128544817266022e-05	-252412.6992782141	7.926690153269739e-06	0.011376834244137558
2308.5000000048312	0.0	30067040234.902973	30067040234.902973	2.3970690159249467e-06	55.27723920409738	1.880802979861437e-06	-9.338857827476039	0.012116473872810623	36097.12450387972	0.0	407375880.709824	407375880.709824	2.9859252671759422e-06	304951.703840152	9.345806708800366e-06	0.0030318880527196823	0.0	560074688.1737765	560074688.1737765	1.2234539921911344e-05	-248096.57877442002	7.872399159708784e-06	0.012324495952680715
2349.0000000038735	0.0	30067011404.70284	30067011404.70284	2.465006676485901e-06	55.47905285850056	1.870514023363162e-06	-9.361222044728434	0.012456459412200463	35899.611918599076	0.0	407374805.9949559	407374805.9949559	2.990865324797264e-06	305611.4146369208	9.272656620043786e-06	0.003037448405777523	0.0	560073146.0845115	560073146.0845115	1.3070388129125638e-05	-253125.0713840871	7.808519130565752e-06	0.013156565057802126
2389.500000002916	0.0	30066983271.566425	30066983271.566425	2.5358238378353044e-06	55.88788451165758	1.8605683407232386e-06	-9.392272364217252	0.012810643662257485	35708.65446033557	0.0	407373773.0681119	407373773.0681119	2.9949578729860596e-06	306232.1815537899	9.203786577091235e-06	0.0030422034767705573	0.0	560071689.3163171	560071689.3163171	1.3683334769146123e-05	-253084.542052068	7.753659847590117e-06	0.01376292711987114
2430.000000001958	0.0	30066955763.416325	30066955763.416325	2.623995186576212e-06	56.54056227408595	1.8509868913950552e-06	-9.425918530351439	0.013252095149330111	35524.67216155994	0.0	407372769.0047503	407372769.0047503	2.996677456645311e-06	306740.43956510763	9.139330441296577e-06	0.003044605757308002	0.0	560070291.9291949	560070291.9291949	1.4935785436033284e-05	-253499.8507773341	7.700385808857234e-06	0.015010697216304826
2470.5000000010004	0.0	30066928764.09363	30066928764.09363	2.7248318764541665e-06	57.21314965239526	1.8417590679898941e-06	-9.45267571884984	0.013757012891128797	35347.47763887775	0.0	407371775.7307548	407371775.7307548	2.997816706403466e-06	307073.14571583644	9.078920808762517e-06	0.0030464779004143075	0.0	560068962.7720863	560068962.7720863	1.6256937640449927e-05	-253809.11261829018	7.646734835773213e-06	0.016324833246588687
2511.0000000000427	0.0	30066902167.626873	30066902167.626873	2.848368406674884e-06	57.33402641806315	1.8329119879898972e-06	-9.468250798722044	0.014375997716870911	35177.59537480274	0.0	407370766.9688261	407370766.9688261	3.0033432014232658e-06	307201.0772291565	9.022467220734445e-06	0.003052845035968575	0.0	560067706.9985371	560067706.9985371	1.7872711751333145e-05	-253913.8168112368	7.594420726073277e-06	0.01793162358425848
2551.499999999085	0.0	30066875894.018253	30066875894.018253	2.9793274624189115e-06	56.21361410290838	1.8244992125790944e-06	-9.484724440894569	0.015031831237985809	35016.05893203963	0.0	407369703.41864157	407369703.41864157	3.01527242257758e-06	307237.16313022986	8.970081299171131e-06	0.0030657370167222107	0.0	560066522.642894	560066522.642894	1.9335995762722356e-05	-253942.1132279789	7.5435593074386106e-06	0.0193819666323071
2591.9999999981274	0.0	30066849861.858513	30066849861.858513	3.0781931345728627e-06	54.43895680405166	1.8164952635611476e-06	-9.525059904153355	0.015525110075386855	34862.421189729284	0.0	407368580.5681646	407368580.5681646	3.0113684717715294e-06	307863.50372153835	8.921943457113765e-06	0.003062563312880077	0.0	560065380.1713655	560065380.1713655	2.0856668346771452e-05	-254720.46129088197	7.493849472839134e-06	0.020886333537417073
2632.4999999971697	0.0	30066824091.174908	30066824091.174908	3.173116011755797e-06	54.38236338092216	1.8088638724953758e-06	-9.54552715654952	0.01599792557740634	34715.82481528245	0.0	407367487.2946292	407367487.2946292	2.9650260830708283e-06	308810.4189905777	8.877904497509778e-06	0.0030162594606870123	0.0	560064218.1997906	560064218.1997906	2.2708423716879027e-05	-255915.13894364558	7.445296776240135e-06	0.022717785755884647
2672.999999996212	0.0	30066798727.4922	30066798727.4922	3.3117775712333587e-06	54.854624123186554	1.8015160371693247e-06	-9.565595047923322	0.01669050380260497	34574.66971897184	0.0	407366434.03558326	407366434.03558326	2.9489406961114933e-06	308751.3229331166	8.835701580462189e-06	0.003000758538773464	0.0	560063091.3091282	560063091.3091282	2.4536331015651863e-05	-256013.79055110135	7.398692622614999e-06	0.024520574072139565
2713.4999999952543	0.0	30066773737.89507	30066773737.89507	3.4484897368813837e-06	55.511083067041724	1.7941777326716734e-06	-9.596246006389777	0.017372240343193502	34433.75720318561	0.0	407365417.1199944	407365417.1199944	2.9280611095355347e-06	309395.40775572567	8.791765052201511e-06	0.00298031017870135	0.0	560061985.1067052	560061985.1067052	2.6746926079763735e-05	-256856.20472054143	7.353069790473233e-06	0.026699828803866732
2753.9999999942966	0.0	30066749050.976696	30066749050.976696	3.605815382164378e-06	55.59057495333553	1.7871219734507445e-06	-9.619708466453675	0.018156575932326575	34298.28666535857	0.0	407364416.8474512	407364416.8474512	2.9087190919630524e-06	309752.52092252794	8.75030960597466e-06	0.0029614517048055814	0.0	560060908.8663177	560060908.8663177	2.8908647805761e-05	-257492.82381771677	7.308756734524405e-06	0.028823857108559357
2794.499999993339	0.0	30066724754.479633	30066724754.479633	3.78800112122228e-06	55.55144838642104	1.7801780311583665e-06	-9.643969648562301	0.019064543828041992	34165.070241106805	0.0	407363443.44088113	407363443.44088113	2.8877033218388286e-06	310022.4450786012	8.708812156167488e-06	0.002940907548098107	0.0	560059853.4120324	560059853.4120324	3.152748073998227e-05	-257961.79842658265	7.265727295736599e-06	0.03139603555991833
2834.999999992381	0.0	30066700853.85205	30066700853.85205	3.985334048689455e-06	55.59987485597933	1.7734067650705135e-06	-9.662440095846645	0.020047298417368048	34035.06246052217	0.0	407362492.2534374	407362492.2534374	2.862518836247957e-06	310426.66998072155	8.668279454435367e-06	0.002915992855733294	0.0	560058823.2661536	560058823.2661536	3.470378982417225e-05	-258475.56504582614	7.22372587089741e-06	0.03451403159092627
2875.4999999914235	0.0	30066677391.58157	30066677391.58157	4.204639125626945e-06	55.274015175996674	1.7668205908309782e-06	-9.68470447284345	0.021139078303227397	33908.488578979726	0.0	407361575.11753535	407361575.11753535	2.8444971301763684e-06	310896.66720965406	8.628782994990655e-06	0.002898406859595131	0.0	560057817.6791711	560057817.6791711	3.814288638447468e-05	-258946.9847912566	7.182788569735375e-06	0.03788265464370889
2915.9999999904658	0.0	30066654534.231018	30066654534.231018	4.440793386339588e-06	55.47126942476601	1.760314949499507e-06	-9.706469648562301	0.02231417281870272	33783.618054847575	0.0	407360717.787773	407360717.787773	2.828948666563667e-06	311509.91614017094	8.588773758548278e-06	0.0028832468646754895	0.0	560056835.050787	560056835.050787	4.1998814004067886e-05	-259415.97059891096	7.142932067340263e-06	0.04165263188195366
2956.499999989508	0.0	30066632577.032795	30066632577.032795	4.699267137492447e-06	55.28905921706887	1.7538176253662792e-06	-9.726936900958467	0.023598783391303824	33658.82933431202	0.0	407359951.15853196	407359951.15853196	2.81810342940691e-06	312082.96622021566	8.547356956506276e-06	0.002873240818942631	0.0	560055873.4029393	560055873.4029393	4.6272705411079925e-05	-259866.52047394036	7.104109965306928e-06	0.04582219117741128
2996.9999999885504	0.0	30066611700.941334	30066611700.941334	4.977799530429088e-06	55.36529191528378	1.7472904014884909e-06	-9.754293130990416	0.024981817938895437	33533.4733641685	0.0	407359254.9980035	407359254.9980035	2.8086646466435055e-06	311982.99987453513	8.504777339119182e-06	0.0028644239708201236	0.0	560054931.8527415	560054931.8527415	5.050579470642009e-05	-260320.3639244471	7.066232565555003e-06	0.049935615631103526
3037.4999999875927	0.0	30066591335.608353	30066591335.608353	5.248256895352245e-06	55.4611308020087	1.7408989891509664e-06	-9.774361022364218	0.02632132688669148	33410.72313451312	0.0	407358518.5567154	407358518.5567154	2.791001959084811e-06	311202.55082760175	8.464187897382778e-06	0.002847128599941117	0.0	560054009.7551036	560054009.7551036	5.467315264431942e-05	-260766.50611283886	7.029315928406513e-06	0.05396787332525575
3077.999999986635	0.0	30066570447.933712	30066570447.933712	5.524397214332137e-06	55.4546512931534	1.7349124064165223e-06	-9.78873801916933	0.02768714101933385	33295.7390797907	0.0	407357734.79818594	407357734.79818594	2.77465570397317e-06	311595.6065833048	8.427369833530915e-06	0.002831134235706991	0.0	560053105.6301035	560053105.6301035	5.918867461377658e-05	-261212.11578704463	6.993324626367675e-06	0.05832630425064281
3118.4999999856773	0.0	30066549803.789516	30066549803.789516	5.801639047644775e-06	55.51405738346211	1.7290828688074884e-06	-9.804812300319488	0.029055950251328448	33183.762062256894	0.0	407357048.8579868	407357048.8579868	2.761876669505198e-06	311824.9993918318	8.390052279038004e-06	0.0028187698130481414	0.0	560052218.9624962	560052218.9624962	6.332333672369453e-05	-261608.71812977703	6.9582690586098274e-06	0.062292309986252486
3158.9999999847196	0.0	30066530000.878822	30066530000.878822	6.087832750530274e-06	55.539117780181755	1.7233154087128766e-06	-9.827875399361023	0.030467215864653386	33072.97030421521	0.0	407356333.2002103	407356333.2002103	2.7473753828643404e-06	311604.4630083195	8.354334586799125e-06	0.002804761614548122	0.0	560051349.2920783	560051349.2920783	6.806757266398823e-05	-262009.04781251046	6.924126260889768e-06	0.06684038551305384
3199.499999983762	0.0	30066510091.771286	30066510091.771286	6.361085693035424e-06	55.643895932958856	1.7177958247516003e-06	-9.849840255591054	0.031811235386804346	32966.934815202316	0.0	407355671.18179935	407355671.18179935	2.734869224022321e-06	311597.6470764495	8.319416292824115e-06	0.0027928765940978917	0.0	560050495.864428	560050495.864428	7.262198273781313e-05	-262369.5847393065	6.8908714316262925e-06	0.07118442364713087
3239.999999982804	0.0	30066490730.19606	30066490730.19606	6.6191608142801905e-06	55.64785596732555	1.7123943445360568e-06	-9.869708466453675	0.033077180874128684	32863.16131068184	0.0	407355005.8138043	407355005.8138043	2.7222545601546433e-06	311786.6844026394	8.286046957555718e-06	0.002780856942706482	0.0	560049657.4678556	560049657.4678556	7.666325037568397e-05	-262708.39408949803	6.858449920053277e-06	0.07500978114634452
3280.4999999818465	0.0	30066471683.19881	30066471683.19881	6.871320722543e-06	55.70754991943935	1.7071389052881495e-06	-9.885882587859426	0.03431159880419095	32762.194339432117	0.0	407354360.5466838	407354360.5466838	2.710053827249271e-06	311686.6934618411	8.253733294161765e-06	0.002769160620084786	0.0	560048833.9562299	560048833.9562299	8.09506731346014e-05	-263044.4073510702	6.82684528008178e-06	0.07906126564790843
3320.999999980889	0.0	30066452888.843887	30066452888.843887	7.1321826439244e-06	55.79603338697655	1.7020435501827135e-06	-9.90245607028754	0.03558730797186962	32664.301989631967	0.0	407353737.12646073	407353737.12646073	2.6990040428783367e-06	311636.54522022395	8.222399884766762e-06	0.002758555699938926	0.0	560048024.8576629	560048024.8576629	8.505546941464584e-05	-263364.4017863532	6.796033556402869e-06	0.08292047715879906
3361.499999979931	0.0	30066434394.292698	30066434394.292698	7.378163605936452e-06	55.88030942596912	1.6970894683017508e-06	-9.922823482428115	0.03678677938903833	32569.120251208693	0.0	407353129.933879	407353129.933879	2.688542996259427e-06	311524.52427559154	8.192077335462551e-06	0.002748520675160962	0.0	560047229.1810727	560047229.1810727	8.895484950500737e-05	-263656.13248008885	6.765967219834978e-06	0.0865666394475077
3401.9999999789734	0.0	30066416195.285107	30066416195.285107	7.5996562722535e-06	56.05055223965713	1.6922584959380574e-06	-9.941593450479234	0.03786259418086304	32476.30218548527	0.0	407352539.2456229	407352539.2456229	2.6782326816077007e-06	311476.3490318015	8.162638114715088e-06	0.002738661435169237	0.0	560046445.9764903	560046445.9764903	9.323458656942561e-05	-263926.5447592243	6.7366096716054905e-06	0.09057151332448853
3442.4999999780157	0.0	30066398309.37614	30066398309.37614	7.815471211010018e-06	56.274874322843345	1.6875436320495277e-06	-9.958865814696486	0.0389084407397998	32385.705258333313	0.0	407351965.4579972	407351965.4579972	2.667890495781601e-06	311347.21431056113	8.13401231011751e-06	0.0027286000973099256	0.0	560045674.8537576	560045674.8537576	9.709393885686577e-05	-264194.33530073246	6.707948948110008e-06	0.09415715052161967
3482.999999977058	0.0	30066380672.49076	30066380672.49076	8.016139152023335e-06	56.238194797477156	1.6829439546191567e-06	-9.973841853035143	0.03987780642476989	32297.32407005442	0.0	407351408.05417466	407351408.05417466	2.6577821410602644e-06	311160.69085486326	8.10601730018438e-06	0.002718805611390678	0.0	560044915.8768349	560044915.8768349	0.00010074960147714746	-264470.6914082342	6.679990116030764e-06	0.09753653700971078
3523.4999999761003	0.0	30066363331.268265	30066363331.268265	8.220893821041323e-06	56.219484728388124	1.6784886370657773e-06	-9.990015974440894	0.04086644381408263	32211.723764025188	0.0	407350874.23382616	407350874.23382616	2.648244205272838e-06	311094.5116387501	8.079148108627647e-06	0.0027095337577153922	0.0	560044169.1569828	560044169.1569828	0.00010490332240455338	-264746.9562836763	6.652745481947351e-06	0.10139031038381345
3563.9999999751426	0.0	30066346334.33409	30066346334.33409	8.400196714890802e-06	56.28614788263363	1.6741509735300988e-06	-10.009285143769969	0.041728155383656367	32128.381034464874	0.0	407350358.7900321	407350358.7900321	2.639467867186623e-06	311055.2681726804	8.053210174040788e-06	0.0027009637621092947	0.0	560043434.4477214	560043434.4477214	0.00010758116728652476	-265000.110734368	6.626204374860694e-06	0.1038140864159039
3604.499999974185	0.0	30066329624.621567	30066329624.621567	8.558098897415427e-06	56.333015709555355	1.6699470139113834e-06	-10.026158146964857	0.04248347150071351	32047.5838091265	0.0	407349854.7633877	407349854.7633877	2.6309533651364867e-06	311008.52722901833	8.028092489066304e-06	0.0026925792052849376	0.0	560042711.0390289	560042711.0390289	0.00011049381793962133	-265203.08009387605	6.6003848707250415e-06	0.10646456919161028
3644.999999973227	0.0	30066313137.547462	30066313137.547462	8.719576421916435e-06	56.25303987012352	1.665888346136818e-06	-10.042032747603834	0.04325684658889615	31969.54341661177	0.0	407349363.8111846	407349363.8111846	2.6221459245035225e-06	310896.21943478484	8.003963312712796e-06	0.002683794591505364	0.0	560041997.7634449	560041997.7634449	0.00011410064898366144	-265350.4382671927	6.575278603848424e-06	0.10978573795587776
3685.4999999722695	0.0	30066296878.99631	30066296878.99631	8.78403331248012e-06	56.32793416304665	1.6618866873382713e-06	-10.057208466453675	0.04354863381474185	31892.698175456826	0.0	407348887.18488735	407348887.18488735	2.6129262084763216e-06	310828.63642167626	7.980622849718614e-06	0.002674462442168806	0.0	560041294.0494661	560041294.0494661	0.00011473018779189798	-265548.9847295451	6.550139355109644e-06	0.11024244230005242
3725.999999971312	0.0	30066280850.054817	30066280850.054817	8.926831869446122e-06	57.180047646562144	1.6578530411077083e-06	-10.071385782747603	0.04422652878985847	31815.367348792322	0.0	407348422.0701779	407348422.0701779	2.6045970604984593e-06	310826.6728983754	7.957147597379396e-06	0.002666070382494069	0.0	560040601.9584391	560040601.9584391	0.00011582619030785654	-265830.100237246	6.5247505613937495e-06	0.11113818650774912
3766.499999970354	0.0	30066265049.432526	30066265049.432526	9.293405694579809e-06	57.31002119322882	1.6543155395951818e-06	-10.086062300319488	0.046015378475334254	31746.961916749915	0.0	407347969.62198603	407347969.62198603	2.5966940203359963e-06	310321.331661912	7.935286927349128e-06	0.0026580742761770286	0.0	560039920.6484007	560039920.6484007	0.00012282613339384508	-265629.97661876655	6.503584488174223e-06	0.1177096545765452
3806.9999999693964	0.0	30066249486.506813	30066249486.506813	9.372562951795254e-06	54.38562225062906	1.6516458614443213e-06	-10.105630990415335	0.04639356637897328	31694.505296828316	0.0	407347544.5679402	407347544.5679402	2.585486841700442e-06	309378.6194327753	7.919061984316185e-06	0.0026464939840730515	0.0	560039238.2123331	560039238.2123331	0.0001250782212521481	-264990.63363984134	6.487550988856927e-06	0.11980224388889706
3847.4999999684387	0.0	30066234150.711052	30066234150.711052	8.419614762849629e-06	54.877222121640585	1.6478519749616837e-06	-10.121705271565496	0.04165768838463652	31622.27986723309	0.0	407347143.03185534	407347143.03185534	2.573909875351814e-06	310496.8982661153	7.899791488687118e-06	0.0026347410282390724	0.0	560038559.2413392	560038559.2413392	0.00010885333758910921	-266370.54018522974	6.461416413878748e-06	0.1041815279820699
3887.999999967481	0.0	30066219009.179	30066219009.179	8.332319782430448e-06	66.40972319399671	1.6422597468048228e-06	-10.135083865814696	0.04118366847406645	31515.713021011794	0.0	407346710.26863927	407346710.26863927	2.574950142937643e-06	313384.4535316984	7.863675988769056e-06	0.00263639146413246	0.0	560037930.4176273	560037930.4176273	0.00010175363429393535	-269481.8964094733	6.428429316196696e-06	0.09717018396289794
3928.4999999665233	0.0	30066204089.807373	30066204089.807373	1.0305559409943748e-05	62.73623718903174	1.6426283459143415e-06	-10.149161341853036	0.05093146200968756	31515.2877614082	0.0	407346265.0251255	407346265.0251255	2.5804660091871616e-06	309541.1370635336	7.847360533271987e-06	0.002641947079868334	0.0	560037336.7055013	560037336.7055013	0.00013499968074681326	-265870.35597751325	6.445038971695408e-06	0.12886107053244997
3968.9999999655656	0.0	30066189477.605553	30066189477.605553	1.1104638689512896e-05	46.90702187706087	1.6473030954017242e-06	-10.163039137380192	0.055007734431273755	31595.733947126057	0.0	407345954.4139228	407345954.4139228	2.5460173944260966e-06	302975.5851760225	7.877612938970622e-06	0.0025951176830210044	0.0	560036660.1860455	560036660.1860455	0.0001523787775665384	-259563.2785228714	6.473065306188844e-06	0.14660464798228687
4009.499999964608	0.0	30066175185.321217	30066175185.321217	5.384554630554723e-06	45.91851086384213	1.6443593454521634e-06	-10.175519169329073	0.026742089549762635	31538.670664781952	0.0	407345734.114798	407345734.114798	2.4961979120881193e-06	312522.0850251619	7.879089390217495e-06	0.0025384621372808863	0.0	560035960.7556493	560035960.7556493	6.071699705590823e-05	-269370.8910509058	6.439631251215443e-06	0.05889438305221969
4049.99999996365	0.0	30066160939.165188	30066160939.165188	3.725125082798026e-06	93.91941296499857	1.6334004015481766e-06	-10.191393769968052	0.01851681411614774	31331.709361094945	0.0	407345272.56895936	407345272.56895936	2.5413560047037167e-06	328247.00304443936	7.799961708561397e-06	0.002591982471879877	0.0	560035508.0006999	560035508.0006999	3.07295271337078e-05	-285337.19136093574	6.380261450999368e-06	0.029806931307027433
4090.4999999626925	0.0	30066146873.24565	30066146873.24565	4.872894645002263e-06	67.54754150469539	1.6401055869864011e-06	-10.206569488817891	0.02427194295240331	31440.85834927261	0.0	407344665.9497695	407344665.9497695	2.639265818078698e-06	317819.3922910737	7.809832479007674e-06	0.002674729774058892	0.0	560035220.205707	560035220.205707	4.838952518949478e-05	-275135.19161480875	6.445114340506277e-06	0.047369777315579675
4130.999999964388	0.0	30066133089.19798	30066133089.19798	3.4448826757872796e-06	53.05451492576495	1.6514231336428886e-06	-10.219848242811501	0.01722474801822523	31641.392478875	0.0	407344268.6773418	407344268.6773418	2.6368167142761744e-06	298467.0635256358	7.960614296420723e-06	0.0025906384526628895	0.0	560034751.987875	560034751.987875	2.819906999624515e-05	-256013.99668795365	6.457107591175199e-06	0.028543103986952176
4171.4999999665	0.0	30066119384.442513	30066119384.442513	2.939624289088317e-06	32.57064069422742	1.6476261875878198e-06	-10.234724440894569	0.014760451173717404	31576.858382129027	0.0	407344151.38160986	407344151.38160986	2.5368352337751845e-06	305226.3976816046	7.975740865103596e-06	0.002510991524198463	0.0	560033962.9471896	560033962.9471896	1.823403924727929e-05	-263013.74666818226	6.405107399620067e-06	0.018617251071189028
4211.9999999686115	0.0	30066105727.03858	30066105727.03858	3.196963721008107e-06	70.4208403244421	1.6354301228196336e-06	-10.247603833865815	0.016092349654852702	31352.839752890417	0.0	407343774.9553815	407343774.9553815	2.5971574354681756e-06	329550.95408562553	7.870911646651704e-06	0.002596347486836836	0.0	560033417.215554	560033417.215554	1.7494440841694962e-05	-287562.60212837264	6.351030012884428e-06	0.01784709977010136
4252.499999970723	0.0	30066092258.786255	30066092258.786255	3.278335565046188e-06	114.74202550833968	1.6368722179283543e-06	-10.26038338658147	0.016528007373039968	31364.387758831308	0.0	407343107.02495617	407343107.02495617	2.7606514926877525e-06	337079.1025692272	7.873309206359875e-06	0.0027696678916023206	0.0	560033214.1742411	560033214.1742411	1.5824889909597984e-05	-295292.8699003864	6.364062487386625e-06	0.016143573697162288
4292.999999972835	0.0	30066079030.57917	30066079030.57917	3.3600632604917483e-06	32.051385648064894	1.656411409708888e-06	-10.27086661341853	0.016966489316857923	31719.702949180013	0.0	407342578.2591658	407342578.2591658	2.881581379036817e-06	304215.4414303541	8.12472587143639e-06	0.0029095054979594204	0.0	560032918.9974456	560032918.9974456	1.4334875972710726e-05	-262696.37110089115	6.3899691347021715e-06	0.01467535809811233
4333.499999974947	0.0	30066065799.064034	30066065799.064034	3.0640904080840222e-06	63.580082529777755	1.6531154452454334e-06	-10.283546325878595	0.015511256880230665	31668.765585790883	0.0	407342412.82583857	407342412.82583857	2.769080002968401e-06	294117.17823320697	8.161917769898838e-06	0.0028044719910692377	0.0	560032175.8222826	560032175.8222826	1.4721471094510303e-05	-252958.55906484387	6.32903256747001e-06	0.015067759075408586
4373.999999977059	0.0	30066052434.262928	30066052434.262928	2.878779254817611e-06	39.11238645105616	1.6453343541300916e-06	-10.298921725239616	0.014596229763732383	31533.076424130213	0.0	407342195.62820846	407342195.62820846	2.6372107392546385e-06	300447.8645020795	8.146936314922193e-06	0.002676873505499026	0.0	560031388.099469	560031388.099469	1.598444458119528e-05	-259454.43913621936	6.258872767045892e-06	0.016350585192465506
4414.499999979171	0.0	30066039175.217773	30066039175.217773	2.841148916389937e-06	51.12407853368233	1.6403889352320855e-06	-10.312000798722044	0.014437501919976503	31421.60162882434	0.0	407341850.52031946	407341850.52031946	2.5792135297928136e-06	312952.165254337	8.151802593775372e-06	0.0026233081770059086	0.0	560030784.9806085	560030784.9806085	1.697604954634305e-05	-271967.32665566425	6.202350010996884e-06	0.017337759469480733
4454.999999981283	0.0	30066026282.504192	30066026282.504192	2.8936336960297664e-06	78.75162563908458	1.635669552770973e-06	-10.324380990415335	0.014713282322554264	31340.040008951328	0.0	407341400.47148716	407341400.47148716	2.608592899129262e-06	318016.41952935397	8.12602882514124e-06	0.0026560354477825595	0.0	560030362.9760935	560030362.9760935	1.6795288581571245e-05	-277367.53638163	6.1706415050469815e-06	0.017136423331517055
4495.499999983394	0.0	30066013528.78876	30066013528.78876	2.954196572547151e-06	63.65507495106815	1.6379373636971606e-06	-10.336561501597444	0.015028850414322873	31393.23937871452	0.0	407340943.1847681	407340943.1847681	2.644992317295086e-06	306291.0585993224	8.086805312398643e-06	0.002694173829452008	0.0	560029956.6848207	560029956.6848207	1.6536071046658715e-05	-266184.94846457173	6.224036427574404e-06	0.016899309863330846
4535.999999985506	0.0	30066000415.39562	30066000415.39562	2.9217605718830305e-06	62.44097241080102	1.6346787267622245e-06	-10.349840255591054	0.014873305344600015	31331.733710131663	0.0	407340653.43221974	407340653.43221974	2.6170506609037393e-06	296999.49630562565	8.097149154923295e-06	0.002665829767242185	0.0	560029347.9985757	560029347.9985757	1.685412996060557e-05	-256837.79584061855	6.181745375777837e-06	0.017238952165029946
4576.499999987618	0.0	30065987389.876858	30065987389.876858	2.872909033753941e-06	50.39322484775922	1.6232111790037998e-06	-10.363019169329073	0.014628811735528312	31129.59310307673	0.0	407340469.3460172	407340469.3460172	2.5771786027274977e-06	299477.9601180197	7.998260482463802e-06	0.002625855967578735	0.0	560028670.7273524	560028670.7273524	1.77078937263649e-05	-259305.53538179662	6.131398165877662e-06	0.018106713807090564
4616.99999998973	0.0	30065974833.16124	30065974833.16124	2.8965036971984652e-06	51.997073484867755	1.6127753896798276e-06	-10.374201277955272	0.01475174465638812	30930.709061356752	0.0	407340190.8060195	407340190.8060195	2.5495684757826917e-06	304455.89394355955	7.9039562934714e-06	0.0025986548734767325	0.0	560028071.3690999	560028071.3690999	1.846440626730981e-05	-264798.92415396695	6.089703026941701e-06	0.01886749722321408
4657.499999991842	0.0	30065962014.614788	30065962014.614788	2.921423357980077e-06	58.68167096668973	1.6089595295861707e-06	-10.387979233226837	0.014876016879075896	30847.22955807195	0.0	407339759.90862095	407339759.90862095	2.5263366757009795e-06	306781.269745357	7.89303528334e-06	0.0025747838605013383	0.0	560027542.8121408	560027542.8121408	1.8925477587871783e-05	-267247.2355986859	6.0579244904049586e-06	0.019322905984514346
4697.999999993954	0.0	30065948996.704483	30065948996.704483	2.9504060366096406e-06	54.50185272345898	1.6052468484534148e-06	-10.401457667731629	0.01501899602362111	30777.707150221704	0.0	407339319.34337986	407339319.34337986	2.5130476331986316e-06	306068.1632273937	7.867152601736671e-06	0.0025607905058082844	0.0	560027031.9765108	560027031.9765108	1.937653421225078e-05	-266500.69784809323	6.038154623458996e-06	0.019775683277268294
4738.4999999960655	0.0	30065936336.463604	30065936336.463604	2.9867214155908567e-06	56.195609862347844	1.5992950437953739e-06	-10.41283945686901	0.015201490514754905	30676.239581969112	0.0	407339012.99299574	407339012.99299574	2.5111918418083576e-06	305111.3905806582	7.798219506122457e-06	0.002558803440800209	0.0	560026507.1505753	560026507.1505753	2.004872842605862e-05	-265521.9525929841	6.024751768391719e-06	0.020461014213356693
4778.999999998177	0.0	30065924539.59002	30065924539.59002	3.0234106139102373e-06	59.06104372453424	1.5911760786637451e-06	-10.423722044728434	0.015385537181808944	30526.00808159572	0.0	407338699.8634154	407338699.8634154	2.513861942841235e-06	304941.03509223775	7.704520849552588e-06	0.002560777065141485	0.0	560025980.078121	560025980.078121	2.075207281569426e-05	-266234.9328878881	6.005860979641676e-06	0.021174671594927964
4819.500000000289	0.0	30065911775.089108	30065911775.089108	3.043410162894495e-06	59.66763755966155	1.5832333044767646e-06	-10.436701277955272	0.015483602928922527	30379.263209954894	0.0	407338402.76344943	407338402.76344943	2.5197895295948937e-06	306514.4983123719	7.614973929565661e-06	0.002565843154233703	0.0	560025470.4899864	560025470.4899864	2.1430284561903117e-05	-267311.6652583369	5.987177606400896e-06	0.02185970914719044
4860.000000002401	0.0	30065899511.708412	30065899511.708412	3.078403482771454e-06	57.95548963797974	1.5768120362461799e-06	-10.44888178913738	0.015657076936302396	30257.64373262784	0.0	407338199.3038655	407338199.3038655	2.5230532439330495e-06	307531.8671083101	7.541999788954084e-06	0.0025681862091107813	0.0	560024974.7599446	560024974.7599446	2.20692550581691e-05	-267449.0408650542	5.973986812332856e-06	0.022507335650569473
4900.500000004513	0.0	30065888612.921936	30065888612.921936	3.1215015486690093e-06	60.075941638811294	1.5717478947616874e-06	-10.45926517571885	0.01587292443188273	30160.421009049453	0.0	407337826.29281825	407337826.29281825	2.5179368995085338e-06	308050.3047300363	7.48712580732428e-06	0.0025614241288373567	0.0	560024480.5345128	560024480.5345128	2.265419431806008e-05	-267147.8532618682	5.961228177811809e-06	0.023103899305932853
4941.000000006625	0.0	30065876251.60055	30065876251.60055	3.1445204282962766e-06	60.149291368231054	1.5677156032503565e-06	-10.471146166134185	0.015986900211735766	30081.968240841034	0.0	407337449.9163424	407337449.9163424	2.510079867639259e-06	305857.5150470764	7.443104846626188e-06	0.0025521643911038967	0.0	560023985.7919093	560023985.7919093	2.3280236471990393e-05	-267052.6035203263	5.946665475357056e-06	0.02374455950468211
4981.500000008737	0.0	30065863546.50291	30065863546.50291	3.103180327161295e-06	59.614934525039985	1.5636604553063076e-06	-10.481928913738018	0.015772844198248644	30004.881096303616	0.0	407337320.6399278	407337320.6399278	2.5098644806143176e-06	305055.99757857237	7.40963462899508e-06	0.0025507281897968605	0.0	560023494.0151503	560023494.0151503	2.4033729270039253e-05	-267170.04722746427	5.931594282959173e-06	0.024515946661293614
5022.000000010848	0.0	30065852830.460144	30065852830.460144	3.133057702934499e-06	60.691277413624434	1.559981667191987e-06	-10.494908146964857	0.01592127831792669	29935.24582615444	0.0	407337035.50954103	407337035.50954103	2.5059625854901622e-06	306516.57937276317	7.385893364716681e-06	0.002545831953431863	0.0	560023006.9789683	560023006.9789683	2.4360813679408713e-05	-267314.1306788849	5.9169542801489325e-06	0.024852435943377035
5062.50000001296	0.0	30065840185.140343	30065840185.140343	3.185574787922929e-06	61.86447309680989	1.557327181386816e-06	-10.506190095846645	0.01618641845710758	29884.443429960174	0.0	407336414.22620565	407336414.22620565	2.4924537576601437e-06	315636.34436329006	7.363508992134802e-06	0.002531366306314418	0.0	560022524.4114935	560022524.4114935	2.501420269851233e-05	-267416.87950946594	5.9027172424813365e-06	0.025521803678653154
5103.000000015072	0.0	30065826002.44331	30065826002.44331	3.271197613047053e-06	63.65350872084957	1.5552254305893554e-06	-10.521365814696486	0.01662035754273385	29843.713268636784	0.0	407335609.58722055	407335609.58722055	2.4636344338808273e-06	311059.1481817421	7.318019055419923e-06	0.0025019254055669354	0.0	560022045.7994697	560022045.7994697	2.592097630452049e-05	-267498.1390109221	5.888672682522917e-06	0.026449743419293494
5143.500000017184	0.0	30065809629.958237	30065809629.958237	3.1122359256581664e-06	60.75498337847365	1.5512049271953654e-06	-10.537140575079873	0.01581150893737653	29766.487361414966	0.0	407335509.266988	407335509.266988	2.468813618241264e-06	303738.9360851574	7.287349154359267e-06	0.002506412608302436	0.0	560021571.043005	560021571.043005	2.6828007962745407e-05	-267579.8583491431	5.8747345238065005e-06	0.027377927716864762
5184.000000019296	0.0	30065798949.743866	30065798949.743866	3.0930859382493797e-06	61.64315704136442	1.5466311886372068e-06	-10.54642571884984	0.01571327036737076	29678.830557353536	0.0	407335235.66672665	407335235.66672665	2.4663607945660193e-06	307610.72639623296	7.2802204031857795e-06	0.0025032579307275667	0.0	560021100.1456517	560021100.1456517	2.6788754575412477e-05	-267664.32101127156	5.860944600503734e-06	0.02734026912864422
5224.500000021408	0.0	30065786610.4682	30065786610.4682	3.1312121429009487e-06	61.605149782957014	1.5451707225286978e-06	-10.55960463258786	0.015906046763257846	29650.817210656696	0.0	407334473.79150313	407334473.79150313	2.4397445910879917e-06	323900.8342833644	7.262250897670626e-06	0.0024759699797126306	0.0	560020633.1675794	560020633.1675794	2.802793494934266e-05	-267749.4414769942	5.8473149660557155e-06	0.02860720021361854
5265.0000000235195	0.0	30065772059.18785	30065772059.18785	3.192944255656667e-06	63.30742100358375	1.5444198751208042e-06	-10.574281150159745	0.016218767335950655	29636.344068841172	0.0	407333537.25838137	407333537.25838137	2.4025498451837703e-06	311318.216061457	7.21195707243049e-06	0.002438265732682162	0.0	560020170.0487398	560020170.0487398	2.8621281121776112e-05	-267833.8988882612	5.8338208218824414e-06	0.02921482563437443
5305.500000025631	0.0	30065752811.757374	30065752811.757374	3.1053334520263643e-06	60.14476221995072	1.538707072038553e-06	-10.592951277955272	0.015772903756947662	29526.640141833905	0.0	407333360.2135775	407333360.2135775	2.3974786001264262e-06	290748.7567155181	7.202944146727945e-06	0.002432817690694606	0.0	560019710.7334449	560019710.7334449	2.9786847220576706e-05	-267920.39764472656	5.820449366448955e-06	0.0304064202254003
5346.000000027743	0.0	30065740071.349716	30065740071.349716	3.0712367089205165e-06	55.93181374107289	1.5352099015833526e-06	-10.605930511182109	0.015598864323167922	29459.503010021213	0.0	407333418.2042189	407333418.2042189	2.4034553753072806e-06	294070.5394683322	7.214881189368607e-06	0.002438959077113577	0.0	560019255.1866703	560019255.1866703	3.0657870675955495e-05	-268008.3780127216	5.807226657358649e-06	0.03129722530479233
5386.500000029855	0.0	30065733493.316288	30065733493.316288	3.06346618708913e-06	55.405183158398295	1.5358556006495657e-06	-10.610922523961662	0.015558545123138878	29471.891447081176	0.0	407333564.35260546	407333564.35260546	2.4109681757020156e-06	301208.7658871624	7.2161245780476e-06	0.0024468521841266725	0.0	560018803.377677	560018803.377677	3.28150293800816e-05	-268096.84420118644	5.794137044798698e-06	0.033500936136656785
5427.000000031967	0.0	30065728732.163906	30065728732.163906	3.07812372839921e-06	57.68001432584673	1.5358237362559296e-06	-10.615615015974441	0.01563216199639848	29471.27000386041	0.0	407333542.5182588	407333542.5182588	2.4195165056145355e-06	307648.7439982101	7.206934422133264e-06	0.0024551905261445796	0.0	560018355.3022321	560018355.3022321	3.010831238245603e-05	-268185.2729882463	5.781169480012897e-06	0.030738939194460482
5467.500000034079	0.0	30065721130.206036	30065721130.206036	3.1302671264794608e-06	59.96797892111122	1.5339592175787734e-06	-10.624900159744408	0.01589610897234525	29435.46195460517	0.0	407333255.12631243	407333255.12631243	2.4179088927123922e-06	310055.2304576702	7.197846205834503e-06	0.00245320056028898	0.0	560017910.8185549	560017910.8185549	3.158366791075014e-05	-268278.7436226704	5.768305709753712e-06	0.03224641343937342
5508.000000036191	0.0	30065709912.49435	30065709912.49435	3.160198869891591e-06	60.218948232603125	1.5320270020720165e-06	-10.63628194888179	0.016047170253356478	29398.35922667785	0.0	407332885.49533075	407332885.49533075	2.410708296155987e-06	309742.73419604334	7.187537333066143e-06	0.0024456333510451535	0.0	560017470.025255	560017470.025255	3.308500252549166e-05	-268379.4908626609	5.755543266440648e-06	0.03378036950413849
5548.5000000383025	0.0	30065697788.362408	30065697788.362408	3.1681010487608687e-06	59.58553796027418	1.5301884106444638e-06	-10.648562300319488	0.01608631624890624	29363.05992535714	0.0	407332555.641081	407332555.641081	2.4038736360041492e-06	305777.1325233798	7.175327888265114e-06	0.002438503079192198	0.0	560017032.8584937	560017032.8584937	3.710875415679156e-05	-268485.2315089889	5.742892659351518e-06	0.037889765710039165
5589.000000040414	0.0	30065685934.304867	30065685934.304867	3.1554600457413418e-06	58.32505999531836	1.5279090846541904e-06	-10.660343450479234	0.016021154437691452	29319.305244882566	0.0	407332426.50569934	407332426.50569934	2.4042977315091654e-06	299479.6985067417	7.172617478881118e-06	0.0024387682573358905	0.0	560016599.2825001	560016599.2825001	3.612979415943371e-05	-268593.7682438931	5.730358419574898e-06	0.03689114693107817
5629.500000042526	0.0	30065675935.116203	30065675935.116203	3.1423556769023615e-06	56.751692189570235	1.526085908003525e-06	-10.671725239616613	0.01595367950853687	29284.315385753616	0.0	407332437.1285791	407332437.1285791	2.409558969999319e-06	300138.9553671075	7.180322307812745e-06	0.0024439189210265846	0.0	560016169.1434093	560016169.1434093	4.039665443560448e-05	-268704.88100495323	5.717921809480224e-06	0.04124890527147864
5670.000000044638	0.0	30065668376.069107	30065668376.069107	3.156306941631927e-06	56.56086364271473	1.5257423477125585e-06	-10.678214856230031	0.01602362255401841	29277.73068332284	0.0	407332387.4697491	407332387.4697491	2.4134712819195264e-06	305123.4744579968	7.182353014336499e-06	0.002447637137015138	0.0	560015742.4717345	560015742.4717345	4.2977040659799914e-05	-268824.1317384942	5.705573511630505e-06	0.04388468983151338
5710.50000004675	0.0	30065660917.3455	30065660917.3455	3.183431425041777e-06	57.3389583477179	1.52532112399765e-06	-10.685003993610223	0.016160469053824192	29269.65517455979	0.0	407332259.6137971	407332259.6137971	2.4155341922194048e-06	306169.6134540719	7.173851273739676e-06	0.002449509817746194	0.0	560015319.3572161	560015319.3572161	5.2432893456715616e-05	-268950.25859225343	5.693320056491053e-06	0.053541305819174184
5751.000000048862	0.0	30065652163.58665	30065652163.58665	3.1957544574136606e-06	57.525931091764015	1.5236069952370297e-06	-10.694488817891374	0.016222173428572035	29236.762558117436	0.0	407332151.87436295	407332151.87436295	2.4180586489945396e-06	303776.7253317995	7.167311615499256e-06	0.0024519091200695896	0.0	560014899.7743139	560014899.7743139	5.539627769739625e-05	-269080.7492853132	5.681163572844104e-06	0.05656832355981615
5791.5000000509735	0.0	30065643110.770756	30065643110.770756	3.2024849150992607e-06	57.090612253153324	1.5216171509187262e-06	-10.70367412140575	0.0162555053637708	29198.580757165284	0.0	407332096.01177186	407332096.01177186	2.422021237123274e-06	302419.85753689473	7.167559990508279e-06	0.002455780758598006	0.0	560014483.6213323	560014483.6213323	5.195034307605425e-05	-269214.27897883137	5.669100766331776e-06	0.05305031249645095
5832.000000053085	0.0	30065634711.69098	30065634711.69098	3.2122216524253436e-06	56.770775248062094	1.52028444946174e-06	-10.71126198083067	0.016304137281554568	29173.017764402826	0.0	407332037.7610934	407332037.7610934	2.4257665390813715e-06	303823.75854073354	7.169172197086608e-06	0.002459418043324322	0.0	560014070.776408	560014070.776408	5.4836686973157506e-05	-269352.76545500313	5.6571214748573695e-06	0.05599856810517804
5872.500000055197	0.0	30065626697.080193	30065626697.080193	3.2286427889595046e-06	56.86521572047276	1.5193976746183468e-06	-10.719249201277956	0.01638673521227968	29156.01831885994	0.0	407331938.97881556	407331938.97881556	2.4286617892554985e-06	305528.20634849265	7.167383729758846e-06	0.002462196160347657	0.0	560013661.2078944	560013661.2078944	7.077461819315468e-05	-269496.78156087745	5.645223172316972e-06	0.0722751320311053
5913.000000057309	0.0	30065618381.353077	30065618381.353077	3.245195432048207e-06	57.00758592558623	1.518295093978686e-06	-10.727136581469649	0.016470022120417083	29134.879968159607	0.0	407331818.90793204	407331818.90793204	2.4311175825133663e-06	305948.91672837536	7.163172345716698e-06	0.002464542291800603	0.0	560013254.9126608	560013254.9126608	0.00011375810423851064	-269646.4918576703	5.633403198194211e-06	0.11617126757705414
5953.500000059421	0.0	30065609713.452053	30065609713.452053	3.2569636936132284e-06	56.92532461122171	1.5168828312445754e-06	-10.735623003194888	0.01652905053393852	29107.80009721763	0.0	407331700.07149494	407331700.07149494	2.4333437591644253e-06	305988.36278939847	7.1591969913815475e-06	0.0024666627106275374	0.0	560012851.8951485	560012851.8951485	7.513992207451143e-05	-269802.5445416885	5.6216610089364575e-06	0.07673465302749449
5994.000000061533	0.0	30065601036.181	30065601036.181	3.266936262832869e-06	56.75009172762728	1.5154702402405146e-06	-10.74430910543131	0.016579000316550036	29080.71478842903	0.0	407331578.708568	407331578.708568	2.435339685654865e-06	306547.3620620331	7.155333332773868e-06	0.0024685520058266492	0.0	560012452.1211443	560012452.1211443	6.551616647350673e-05	-269961.84370210394	5.610009075346972e-06	0.06690726298601464
6034.500000063645	0.0	30065592451.924076	30065592451.924076	3.2779389062242967e-06	56.62902827186584	1.5141493647855853e-06	-10.753095047923322	0.016634215645998034	29055.390848748684	0.0	407331444.7739475	407331444.7739475	2.436876343474115e-06	307282.0589885283	7.150189747085478e-06	0.0024699886570890444	0.0	560012055.5177728	560012055.5177728	0.00014138695186091297	-270120.56760994066	5.598445568034819e-06	0.14439025954842508
