1.595619769168296
Time 	 Eb 	 Ea 	 Ep 	 phi_d 	 phi_z 	 KED 	 MLD 	 K 	 E_k 	 Eb_D 	 Ea_D 	 Ep_D 	 phi_d_D 	 phi_z_D 	 KED_D 	 K_D 	 Eb_U 	 Ea_U 	 Ep_U 	 phi_d_U 	 phi_z_U 	 KED_U 	 K_U 
931.4999999968353	0.0	30068143540.01889	30068143540.01889	3.0568960257221623e-06	-3641.3304213618994	4.785999843757555e-06	-8.300319488817891	0.015580570258283901	91741.95405494297	0.0	460159475.63180315	460159475.63180315	1.1672546434932068e-05	347592.9976004668	2.471491878872325e-05	0.012610969457147167	0.0	632667401.095061	632667401.095061	3.6470183434912246e-06	-336507.53758090036	1.9899752938054123e-05	0.0039610660965475036
971.999999996645	0.0	30068101576.742348	30068101576.742348	3.7433684773095833e-06	-3076.198578498513	4.744980015375088e-06	-8.33795926517572	0.01907689191116706	90965.74606453635	0.0	460159369.03876394	460159369.03876394	1.2552768751015824e-05	353803.3233481294	2.4529634720997687e-05	0.01355550759577234	0.0	632663700.5786817	632663700.5786817	4.33644599464184e-06	-337831.7070665271	1.963012820797212e-05	0.00470957772751449
1012.4999999964547	0.0	30068061068.45196	30068061068.45196	4.6664413060012956e-06	-1928.9580441828787	4.687118064288658e-06	-8.374800319488818	0.023780436052665818	89914.28897439923	0.0	460157533.7588737	460157533.7588737	1.2038360423496196e-05	365670.4355675033	2.4098959800958118e-05	0.012999604294998272	0.0	632660064.8193301	632660064.8193301	5.3708038150081504e-06	-339157.91003835597	1.934332757594305e-05	0.005832557938396841
1052.9999999968138	0.0	30068007671.9973	30068007671.9973	5.612950723237419e-06	-1328.5692008122126	4.631475746386434e-06	-8.424920127795527	0.028601555301888328	88847.05632399853	0.0	460155057.11553824	460155057.11553824	1.0967497150747407e-05	368927.99178737897	2.3679564544709847e-05	0.011843654058151748	0.0	632656437.2341192	632656437.2341192	6.815136168516446e-06	-340789.29021927825	1.9050926159461022e-05	0.007400537719141116
1093.499999997391	0.0	30067950269.9694	30067950269.9694	6.350987324204527e-06	-1450.9200069151896	4.584898391847254e-06	-8.4821285942492	0.03235586516172526	87947.5103718999	0.0	460152654.2263777	460152654.2263777	9.89061548980649e-06	368615.6005724562	2.3421498275895355e-05	0.010678124941164295	0.0	632652819.6547277	632652819.6547277	7.836481020950438e-06	-342317.7388096583	1.8761069744145882e-05	0.008508977002801166
1133.999999997968	0.0	30067893867.10497	30067893867.10497	6.369154889378051e-06	-1708.1219127423253	4.5227905738018435e-06	-8.536441693290735	0.032441765432084234	86755.48319999907	0.0	460150310.9201349	460150310.9201349	8.489187980297375e-06	368191.9278311075	2.296500564905446e-05	0.009159949492754628	0.0	632649327.0463083	632649327.0463083	7.757744125465003e-06	-343890.67521498434	1.84765650498803e-05	0.008422798274498098
1174.499999998545	0.0	30067839588.14965	30067839588.14965	6.191648064687342e-06	-1897.7066970818578	4.47440048889184e-06	-8.585862619808307	0.03152825590117228	85841.83588658832	0.0	460147963.616989	460147963.616989	7.467003879978545e-06	367896.05102625664	2.269699960964663e-05	0.008051046911187552	0.0	632646007.7704501	632646007.7704501	8.882548753429518e-06	-345631.99635857646	1.8197373251718157e-05	0.00964293180616383
1214.999999999122	0.0	30067786961.668465	30067786961.668465	6.650780067605426e-06	-1964.9275812931044	4.4158635793530565e-06	-8.641473642172524	0.03385404827368078	84732.80100040682	0.0	460145601.962697	460145601.962697	6.988639139348765e-06	369192.265377274	2.227786699856206e-05	0.007530677613834157	0.0	632642796.1839342	632642796.1839342	1.006995833848882e-05	-347187.1530664762	1.7927600320790446e-05	0.010930135844803093
1255.4999999996992	0.0	30067735216.851692	30067735216.851692	7.1523504590380854e-06	-1908.8684792021238	4.3478688858031516e-06	-8.685403354632587	0.036391189657595906	83426.03341566981	0.0	460143021.82581544	460143021.82581544	6.630111188312713e-06	371380.57486896426	2.1709361434200974e-05	0.007139880238552436	0.0	632639684.4284742	632639684.4284742	1.0772166580477637e-05	-348880.98070010403	1.766895947128441e-05	0.011689769862335176
1296.0000000002763	0.0	30067684001.55802	30067684001.55802	7.371790253204213e-06	-1615.7643739400123	4.289154020555515e-06	-8.735023961661343	0.037491476308745685	82300.92966694843	0.0	460140502.3018982	460140502.3018982	6.4202643729646055e-06	374434.7730446826	2.1248202490620866e-05	0.0069093661258385645	0.0	632636687.9504719	632636687.9504719	1.0011329320441342e-05	-350467.0437816089	1.7421573389018518e-05	0.010861331711020926
1336.5000000008533	0.0	30067634716.27506	30067634716.27506	7.135457235285638e-06	-1335.077557104007	4.248035018616073e-06	-8.77845447284345	0.03627511154762971	81508.79940199242	0.0	460137968.0826359	460137968.0826359	6.218802685402898e-06	376915.6373723139	2.1012148275845684e-05	0.0066886109897692616	0.0	632633862.8046138	632633862.8046138	8.36011549485374e-06	-351970.5635445834	1.7190102999188744e-05	0.009067893178362057
1377.0000000014304	0.0	30067586351.943928	30067586351.943928	6.49816527545366e-06	-1151.2469283406267	4.224412416063801e-06	-8.825279552715655	0.03302570009842799	81056.63120754652	0.0	460135243.8020709	460135243.8020709	5.8765850984699175e-06	379462.77368302643	2.098876641311486e-05	0.006317009666476872	0.0	632631181.3907151	632631181.3907151	7.81794223806852e-06	-353466.19567873026	1.6975864071461327e-05	0.0084781919623972
1417.5000000020075	0.0	30067537907.494072	30067537907.494072	6.880025565297609e-06	-961.9002337554687	4.171443369888449e-06	-8.871805111821086	0.03495739812553914	80042.73769547408	0.0	460132509.74088174	460132509.74088174	5.873611381508097e-06	380972.8753625641	2.0537332139082483e-05	0.006310758735098264	0.0	632628594.2661204	632628594.2661204	7.6092033566755814e-06	-354983.3931879009	1.6775929051575554e-05	0.00825041628666688
1458.0000000025846	0.0	30067490256.90435	30067490256.90435	6.317840392483763e-06	-978.8879431116322	4.1208241822044215e-06	-8.919928115015974	0.03209264375568581	79077.48342264567	0.0	460129553.585149	460129553.585149	5.918016418425451e-06	382990.28154984233	2.011057494650159e-05	0.006356078121162677	0.0	632626095.0160984	632626095.0160984	7.636054804314759e-06	-357119.4819356956	1.6587329223111418e-05	0.008278187982869398
1498.5000000031616	0.0	30067442663.987015	30067442663.987015	6.394879929918883e-06	-725.3000144790497	4.071682595475468e-06	-8.960762779552716	0.03247724748654488	78136.52433552369	0.0	460126584.46098596	460126584.46098596	6.101559190626495e-06	387357.74306506047	1.9677545921315086e-05	0.00655235601804811	0.0	632623681.8243322	632623681.8243322	7.741282927587468e-06	-359211.04618033225	1.6409277699445983e-05	0.00839090064224405
1539.0000000037387	0.0	30067396122.00968	30067396122.00968	6.307217547915807e-06	-804.3442354749291	4.028792791611984e-06	-8.998801916932907	0.032027801766439816	77317.17290616425	0.0	460123817.5854187	460123817.5854187	6.363819327401035e-06	386462.96757779084	1.9319238628022692e-05	0.006834246354639149	0.0	632621361.5925872	632621361.5925872	8.00142885623256e-06	-361206.90943745495	1.6240128345257315e-05	0.008671509324905893
1579.5000000043158	0.0	30067351468.35909	30067351468.35909	6.179466721070556e-06	-860.1420384335481	3.99172114897282e-06	-9.044229233226837	0.0313786411614983	76606.04470436033	0.0	460121068.96444374	460121068.96444374	6.57157532206473e-06	388217.1060163544	1.9034758031246505e-05	0.007057914057587889	0.0	632619166.531225	632619166.531225	8.604706490577379e-06	-363458.83646180143	1.6079526448628983e-05	0.009323929948365395
1620.0000000048929	0.0	30067307083.122124	30067307083.122124	6.308161501900484e-06	-655.3893983424722	3.9684663829013985e-06	-9.09005591054313	0.032030334808884044	76159.68582258758	0.0	460117856.91437995	460117856.91437995	6.691043566015424e-06	396250.0512692559	1.8920973558508348e-05	0.0071869412594882534	0.0	632617117.380259	632617117.380259	9.416619527647608e-06	-365991.4127329517	1.5928707083266294e-05	0.01020236522989702
1660.50000000547	0.0	30067258607.022896	30067258607.022896	6.694096776551064e-06	-233.7373613003033	3.939885403978031e-06	-9.134085463258787	0.03399101056183006	75610.59141609947	0.0	460114541.6342727	460114541.6342727	6.88377700549656e-06	400740.06740904984	1.8704990975869583e-05	0.007394393236768441	0.0	632615210.5758107	632615210.5758107	1.0312705957580319e-05	-368691.88063186436	1.5788455968336363e-05	0.01117200187097848
1701.000000006047	0.0	30067214888.255978	30067214888.255978	7.188590382043289e-06	88.66802833261463	3.897024520923303e-06	-9.173023162939296	0.036500072715547095	74789.0054519384	0.0	460112107.997808	460112107.997808	7.396190450196832e-06	396309.471665593	1.8301146257798224e-05	0.007946163520684568	0.0	632613429.0865446	632613429.0865446	1.1220179859197937e-05	-371436.2327105707	1.565841580161912e-05	0.01215405419845619
1741.500000006624	0.0	30067175206.102757	30067175206.102757	7.477370091218794e-06	-450.2020517978494	3.858827885847389e-06	-9.209464856230031	0.037965031618787524	74058.00705311613	0.0	460109638.1507365	460109638.1507365	7.763456965781235e-06	399244.99618433294	1.7952493648683658e-05	0.008342141861024825	0.0	632611755.12619	632611755.12619	1.2098795314484568e-05	-374025.282791722	1.5538019515285725e-05	0.013104880115453696
1782.0000000072012	0.0	30067134072.14579	30067134072.14579	7.637306944151142e-06	-548.190232895766	3.812469915974777e-06	-9.248502396166135	0.03877881476357781	73168.70272822167	0.0	460107147.05833125	460107147.05833125	8.340582377815031e-06	408176.5364326359	1.747421579837218e-05	0.008964131493407888	0.0	632610173.4572073	632610173.4572073	1.301050735951358e-05	-376496.32094887155	1.5425974226392903e-05	0.01409148139062618
1822.5000000077782	0.0	30067092567.684456	30067092567.684456	8.364419055733956e-06	93.75198981383109	3.7278100461016862e-06	-9.293130990415335	0.04244239801198409	71544.2131698259	0.0	460103332.4106809	460103332.4106809	8.169678501787013e-06	420198.473435909	1.7010622634257244e-05	0.00878324899282731	0.0	632608675.5915375	632608675.5915375	1.0943450356515118e-05	-379154.69773339585	1.534087127955311e-05	0.01185189394136633
1863.0000000083553	0.0	30067044263.113785	30067044263.113785	8.407985388144256e-06	88.12113620485269	3.696097162311815e-06	-9.341553514376997	0.04267042612148847	70935.42807858018	0.0	460100083.044276	460100083.044276	8.055108002577876e-06	418415.5230576123	1.6623327441966363e-05	0.008663600510348915	0.0	632607256.3508022	632607256.3508022	1.178354908707921e-05	-381568.291825968	1.5251386379685994e-05	0.012760901127728402
1903.5000000089324	0.0	30067001033.81735	30067001033.81735	8.18738130863147e-06	82.90875444945686	3.6708050540844792e-06	-9.377296325878595	0.041558095714768935	70450.36880842436	0.0	460097537.3930976	460097537.3930976	8.048665351569902e-06	406077.1228670141	1.6331241949150876e-05	0.008660455782223297	0.0	632605897.1132767	632605897.1132767	1.2185965841061296e-05	-384200.67503789085	1.51627660862231e-05	0.013195759242289891
1944.0000000095094	0.0	30066965742.49382	30066965742.49382	8.29025341600082e-06	79.39216041671406	3.64753345552705e-06	-9.40625	0.04208860313275684	70003.97772804758	0.0	460096002.9739772	460096002.9739772	8.278809881056117e-06	417049.85576287	1.6081881091084242e-05	0.008912001495228038	0.0	632604475.0613004	632604475.0613004	1.2566844822691487e-05	-388466.40847349307	1.5081435497120052e-05	0.013607137974290624
1984.5000000100865	0.0	30066936584.46367	30066936584.46367	8.48769533204527e-06	80.89563284515165	3.628415113184902e-06	-9.44039536741214	0.04309800528025922	69637.53215939343	0.0	460094279.5081806	460094279.5081806	8.377628303732353e-06	408327.62342828437	1.5865059948649795e-05	0.009022294059470918	0.0	632602929.2270182	632602929.2270182	1.2292646502291748e-05	-390542.25333248597	1.501079233540682e-05	0.013309108667850525
2025.0000000106636	0.0	30066903580.866035	30066903580.866035	8.49487808657253e-06	79.7480287902672	3.6131307600135872e-06	-9.473142971246006	0.04313610967959883	69345.72895509435	0.0	460092555.51072884	460092555.51072884	8.612301185365834e-06	419362.3065205053	1.5749458022641815e-05	0.009278759275274827	0.0	632601534.3105545	632601534.3105545	1.1957265468258833e-05	-391808.2447805404	1.4951443484813773e-05	0.012944840541801826
2065.5000000105774	0.0	30066875003.06059	30066875003.06059	8.717772688624542e-06	84.31758848843059	3.601586672203632e-06	-9.49910143769968	0.04427532977596921	69125.93822485727	0.0	460089074.4983634	460089074.4983634	7.859862415653296e-06	436462.0089705918	1.557252114383814e-05	0.008470899425114264	0.0	632600219.9885242	632600219.9885242	1.1950050144908061e-05	-394446.3819682598	1.4895537378027577e-05	0.012935849984478859
2106.0000000096197	0.0	30066829873.85271	30066829873.85271	8.579847346106762e-06	80.61839345626075	3.5767920470071937e-06	-9.538039137380192	0.043577336918735284	68650.11370900433	0.0	460086085.837765	460086085.837765	7.324176234753572e-06	420874.1037193512	1.5290062212321436e-05	0.007895967830887819	0.0	632599036.9128947	632599036.9128947	1.226590928277037e-05	-397208.65718705684	1.4847172355800808e-05	0.013276532860834947
2146.500000008662	0.0	30066792138.084564	30066792138.084564	8.550748473567187e-06	73.4853297934086	3.557093677210927e-06	-9.576577476038338	0.04343286045288939	68271.29679730882	0.0	460084062.1183126	460084062.1183126	7.170724557701659e-06	421417.2027933573	1.5118875695441167e-05	0.007732281149958641	0.0	632597910.774874	632597910.774874	1.2627183019482586e-05	-399025.7588329854	1.4806167459117059e-05	0.013666300676071236
2187.0000000077043	0.0	30066763085.815605	30066763085.815605	8.686267486531752e-06	71.68202063842277	3.5440771373262915e-06	-9.606429712460065	0.04412109374795469	68023.00136631283	0.0	460082314.6801454	460082314.6801454	7.1282535698268994e-06	415977.72270932794	1.497610228207487e-05	0.007688169188155408	0.0	632596784.5977472	632596784.5977472	1.316206290482823e-05	-395696.34591176326	1.4761011897471232e-05	0.014243846666443368
2227.5000000067466	0.0	30066735319.74979	30066735319.74979	8.739712930090897e-06	69.43782027067837	3.521018743058721e-06	-9.632188498402556	0.04439605085231005	67581.04022943991	0.0	460080967.349954	460080967.349954	7.132420294237037e-06	412152.2812596954	1.4754265317824561e-05	0.007693583944664818	0.0	632595729.4913118	632595729.4913118	1.3752716017143584e-05	-403882.2109515486	1.4693344497994831e-05	0.014881626201302465
2268.000000005789	0.0	30066711172.157574	30066711172.157574	8.959609219661118e-06	68.76173058359512	3.5009563792291036e-06	-9.655950479233226	0.045514029288897646	67195.67291630097	0.0	460079352.491928	460079352.491928	7.097201929171842e-06	425509.55466619146	1.4518229365231774e-05	0.007656307764452719	0.0	632594770.0902566	632594770.0902566	1.4497250110922287e-05	-405115.49627595634	1.4661595521791708e-05	0.015685769317723888
2308.5000000048312	0.0	30066685285.474792	30066685285.474792	9.133821353309377e-06	70.24139867776205	3.4847275048388422e-06	-9.68001198083067	0.04639981417855105	66884.25762430394	0.0	460077483.0386623	460077483.0386623	7.012809060012272e-06	425955.4331715902	1.4294579041939637e-05	0.007565728418791573	0.0	632593875.6715093	632593875.6715093	1.5235360057826487e-05	-406885.4175462467	1.462417421355141e-05	0.01648281356553544
2349.0000000038735	0.0	30066657656.74078	30066657656.74078	9.250508337155374e-06	69.21472346942281	3.466568761994745e-06	-9.707168530351439	0.04699397813353204	66536.26433516783	0.0	460075899.66313756	460075899.66313756	6.997541484056558e-06	415496.7573633066	1.412089548068295e-05	0.007549485370034066	0.0	632593075.8605733	632593075.8605733	1.6347720278472396e-05	-408485.37109324115	1.458809820881092e-05	0.0176844880198976
2389.500000002916	0.0	30066633420.55237	30066633420.55237	9.570201961330279e-06	67.36395522364714	3.4492515545718705e-06	-9.731729233226837	0.04861948755007582	66204.10431545737	0.0	460074761.33952534	460074761.33952534	7.103356444120691e-06	407068.1188881566	1.3985641928539825e-05	0.00766367111490637	0.0	632592418.3418256	632592418.3418256	1.8108783742682898e-05	-409572.5945469409	1.4553016224530965e-05	0.019587592697667796
2430.000000001958	0.0	30066612628.676815	30066612628.676815	1.0206052667186195e-05	64.1026750226895	3.4367119229064632e-06	-9.748801916932907	0.05185013970898974	65963.64877512804	0.0	460073492.1829372	460073492.1829372	7.335372232142205e-06	411855.1594876755	1.3868704026069983e-05	0.007913835455846181	0.0	632591901.3882775	632591901.3882775	1.8820690385316037e-05	-410878.10502680717	1.4519061544963901e-05	0.020355933679581696
2470.5000000010004	0.0	30066593702.332607	30066593702.332607	1.0335805403318875e-05	61.71305695905776	3.4274271110666867e-06	-9.77076677316294	0.05250829322172957	65785.86297282472	0.0	460072155.0533627	460072155.0533627	7.2045738029501915e-06	426623.60881828016	1.3757596159299753e-05	0.007772458881757913	0.0	632591333.3100201	632591333.3100201	1.861619477631437e-05	-413610.5748473043	1.4486882133450301e-05	0.020132905845568184
2511.0000000000427	0.0	30066571837.643715	30066571837.643715	1.0184127350195743e-05	64.67265307767846	3.416649570295482e-06	-9.790335463258787	0.05173630838707069	65579.4574892111	0.0	460069888.27004254	460069888.27004254	6.703421145959042e-06	431154.8108025698	1.3610552854279184e-05	0.007231517975573323	0.0	632590800.6748354	632590800.6748354	1.922908891578191e-05	-415149.11371159984	1.4457205394054513e-05	0.020793759242741666
2551.499999999085	0.0	30066543769.204975	30066543769.204975	1.0143345300470279e-05	62.370591471260255	3.4035146849375465e-06	-9.817891373801917	0.05152721153831002	65327.70523839028	0.0	460067901.2539822	460067901.2539822	6.4151560816238595e-06	425099.2682639472	1.3471992690897098e-05	0.0069203884281600495	0.0	632590278.904773	632590278.904773	2.0198451973388222e-05	-416621.69193565083	1.4429497141767442e-05	0.021839790709261238
2591.9999999981274	0.0	30066519680.11558	30066519680.11558	1.0120205068024397e-05	59.00985795971579	3.3915488611782498e-06	-9.840255591054314	0.051405671243928884	65098.558025328326	0.0	460066291.76932126	460066291.76932126	6.210849356420817e-06	424666.5937218445	1.3358403459825876e-05	0.006699900820496702	0.0	632589790.1149359	632589790.1149359	2.0520711912044916e-05	-418086.56051277544	1.4402973987150954e-05	0.022185802636756378
2632.4999999971697	0.0	30066498117.885838	30066498117.885838	1.0088477281045925e-05	56.53096002922058	3.3816247170040384e-06	-9.862420127795527	0.051240879443939985	64908.42481733096	0.0	460064885.33710575	460064885.33710575	6.073194683881378e-06	421948.66017623094	1.3261009266196148e-05	0.0065510118986999415	0.0	632589328.4942479	632589328.4942479	2.0794962383723878e-05	-419530.5552496469	1.437760711701525e-05	0.02247959593182102
2672.999999996212	0.0	30066479346.923656	30066479346.923656	1.0023273221322356e-05	54.543928300186266	3.37556089431684e-06	-9.879892172523961	0.050904521600078106	64792.75817449129	0.0	460063784.7505038	460063784.7505038	6.021919859494319e-06	422507.87797291693	1.3216506555908873e-05	0.006495588649717069	0.0	632588892.4044863	632588892.4044863	2.161432483371874e-05	-420926.19942234864	1.4353429418272247e-05	0.0233625193672117
2713.4999999952543	0.0	30066463472.77073	30066463472.77073	1.0006179328142371e-05	52.44650275941471	3.3715613629446555e-06	-9.894169329073483	0.05081281067566218	64716.837011481635	0.0	460062795.44350004	460062795.44350004	5.921704252031007e-06	424719.7649173623	1.3190092388971393e-05	0.006387127144021742	0.0	632588478.4707093	632588478.4707093	2.2442026385765683e-05	-422207.78441608336	1.4330537975791864e-05	0.024253951668372315
2753.9999999942966	0.0	30066449047.635353	30066449047.635353	1.0030649315854128e-05	50.473419334309135	3.3643053732080296e-06	-9.910343450479234	0.050931326400356254	64578.23623686728	0.0	460061921.1413586	460061921.1413586	5.878237500801799e-06	426225.14645707124	1.3117118317620809e-05	0.006340268065827591	0.0	632588084.6953918	632588084.6953918	2.3264002492640256e-05	-423430.8117741711	1.4308966296947984e-05	0.025138857904464556
2794.499999993339	0.0	30066435870.236107	30066435870.236107	1.0124270978114152e-05	50.314495789243274	3.3525883356999122e-06	-9.922224440894569	0.05140140379156501	64352.419296223714	0.0	460061069.0506679	460061069.0506679	5.864682744923777e-06	424513.4993903005	1.2987534535209445e-05	0.006325567201383889	0.0	632587713.3485978	632587713.3485978	2.3997654990537628e-05	-424711.64448546484	1.4288761495214958e-05	0.025927966486691722
2834.999999992381	0.0	30066421968.526577	30066421968.526577	1.0237609949427633e-05	49.85994333181267	3.342066748472973e-06	-9.936501597444089	0.05196976528126394	64150.07748168534	0.0	460060136.34747267	460060136.34747267	5.779795656597852e-06	426758.2030431996	1.2872650374317523e-05	0.006233745614243492	0.0	632587355.6722375	632587355.6722375	2.475015567385357e-05	-425945.3065245124	1.4269662061363721e-05	0.026737161344659234
2875.4999999914235	0.0	30066408811.630535	30066408811.630535	1.0359796891022928e-05	50.05102126786185	3.332855278456732e-06	-9.949780351437699	0.05258610088302801	63973.84088383558	0.0	460059238.23999274	460059238.23999274	5.754845731157542e-06	428252.0814214146	1.2762850482866211e-05	0.006206625138518927	0.0	632587015.8000202	632587015.8000202	2.5588142955738785e-05	-427237.23942792113	1.4251936234413016e-05	0.02763835990255861
2915.9999999904658	0.0	30066394648.860928	30066394648.860928	1.0465006790800822e-05	49.21562098143711	3.3222185051132888e-06	-9.96216054313099	0.0531176428390652	63769.90531039137	0.0	460058290.06574994	460058290.06574994	5.728283995204251e-06	425054.9145460656	1.2644381717954545e-05	0.006177819772970446	0.0	632586693.0860958	632586693.0860958	2.6372948053715815e-05	-428479.4468362498	1.4235880328229894e-05	0.028481751005644564
2956.499999989508	0.0	30066380324.301968	30066380324.301968	1.052584301141309e-05	47.30229419284455	3.3119257874296588e-06	-9.97444089456869	0.05342170393696886	63572.870015480476	0.0	460057400.47419393	460057400.47419393	5.690513294879743e-06	423471.78683173656	1.2542861497599735e-05	0.00613709268294312	0.0	632586381.6632617	632586381.6632617	2.689388567667605e-05	-429613.1376921299	1.4221377301493762e-05	0.02903981982497992
2996.9999999885504	0.0	30066367391.39519	30066367391.39519	1.0583038715613787e-05	45.99984672172943	3.3033099121915524e-06	-9.987719648562301	0.0537090697428443	63407.759146128374	0.0	460056594.1787914	460056594.1787914	5.69578868509936e-06	426337.7137180511	1.2444688744851826e-05	0.006142835205195929	0.0	632586076.4737812	632586076.4737812	2.7456114266389075e-05	-430639.8615175491	1.4208258668767914e-05	0.029642121118231626
3037.4999999875927	0.0	30066355436.128216	30066355436.128216	1.0660473670963194e-05	45.573042080802225	3.295965195485301e-06	-10.000798722044728	0.05409917405935581	63267.166041279335	0.0	460055792.55416125	460055792.55416125	5.6623310044440505e-06	427292.5695469384	1.2351792481695786e-05	0.0061067782354321965	0.0	632585774.1935523	632585774.1935523	2.7904219613380676e-05	-431574.47308225813	1.4196487322222693e-05	0.03012085492630774
3077.999999986635	0.0	30066343383.94192	30066343383.94192	1.0656659996614138e-05	43.98576599836029	3.288586698601006e-06	-10.013478434504792	0.05407710016260691	63125.81616130319	0.0	460055048.7989193	460055048.7989193	5.576784552898631e-06	426304.5819574968	1.2265131172742416e-05	0.006014557876012859	0.0	632585472.6471139	632585472.6471139	2.831675718645398e-05	-432438.2477413796	1.418618696680951e-05	0.030560775803002944
3118.4999999856773	0.0	30066332319.21608	30066332319.21608	1.064081643457835e-05	43.448666228690776	3.281602866791168e-06	-10.022863418530351	0.053992950016508015	62992.08785206018	0.0	460054304.8026992	460054304.8026992	5.465701254239982e-06	428956.96825241577	1.218552135180204e-05	0.005894783442370286	0.0	632585169.919471	632585169.919471	2.8744875487988534e-05	-433253.2596219722	1.4177704752630972e-05	0.031016894438920545
3158.9999999847196	0.0	30066320345.2335	30066320345.2335	1.0602418090019268e-05	43.185401501483376	3.275145190866587e-06	-10.034544728434504	0.05379422489283457	62868.154065615745	0.0	460053358.95508456	460053358.95508456	5.335724401896877e-06	429673.32425167353	1.2100351465934513e-05	0.0057546968494805294	0.0	632584863.9627155	632584863.9627155	2.9055468225825956e-05	-433960.49972622265	1.417257315070664e-05	0.03134621236983929
3199.499999983762	0.0	30066307480.247723	30066307480.247723	1.0445679523996235e-05	40.93925576003146	3.269712554862549e-06	-10.048821884984026	0.05299470540916533	62763.592311671644	0.0	460052580.5138403	460052580.5138403	5.2102248315373895e-06	430659.8754410594	1.202702914636445e-05	0.005619444481808051	0.0	632584548.9504412	632584548.9504412	2.9106836717128853e-05	-434670.698746836	1.4173429087334975e-05	0.03139273285681566
3239.999999982804	0.0	30066295545.29032	30066295545.29032	1.0462023210039755e-05	47.36070036395126	3.265935734841342e-06	-10.057707667731629	0.0530714728549202	62685.59260413569	0.0	460051646.1907643	460051646.1907643	5.06349885499885e-06	432312.60698650504	1.1947311396899302e-05	0.0054613256596195954	0.0	632584235.584643	632584235.584643	2.8554333977178596e-05	-435376.7593647832	1.4190857905136615e-05	0.030793989922187633
3280.4999999818465	0.0	30066282475.179844	30066282475.179844	9.62395582145016e-06	9.998347789719588	3.270891183700476e-06	-10.073182907348242	0.048826951419232066	62755.69233022463	0.0	460050868.860107	460050868.860107	4.8795833814266204e-06	427917.2730110093	1.1901806204678564e-05	0.0052631747860374285	0.0	632583827.178339	632583827.178339	2.826164317551827e-05	-433129.5398533454	1.4271569292267735e-05	0.030474428266402797
3320.999999980889	0.0	30066270542.14534	30066270542.14534	1.0024893928226307e-05	112.43780722981504	3.2721293042747457e-06	-10.083067092651758	0.050856756041366594	62741.10455117854	0.0	460050203.42130834	460050203.42130834	4.774532893867922e-06	437325.3964467584	1.1828081919361237e-05	0.005150281493341685	0.0	632583572.7722921	632583572.7722921	2.586733906087575e-05	-445028.7517232114	1.4340941215750163e-05	0.027892939713262246
3361.499999979931	0.0	30066261055.073887	30066261055.073887	8.33684658232841e-06	-13.713590422658722	3.305701127768366e-06	-10.09375	0.042336702093611504	63300.87232742168	0.0	460050107.09737474	460050107.09737474	4.579807054122804e-06	426062.0395358462	1.2062536382855992e-05	0.004937517784152863	0.0	632583037.340812	632583037.340812	3.5765311854225705e-05	-435264.5324847958	1.450246130604786e-05	0.038717942040268585
3401.9999999789734	0.0	30066253690.078945	30066253690.078945	1.049532771705537e-05	176.65941391873793	3.332448829899503e-06	-10.102036741214057	0.0533431429974192	63716.70573821484	0.0	460049792.84869945	460049792.84869945	4.816484299498029e-06	452221.89284215413	1.2243867610433812e-05	0.005197774664431673	0.0	632583170.0759991	632583170.0759991	4.339157917385924e-05	-463399.8245315216	1.4642238016913124e-05	0.04699376886721969
3442.4999999780157	0.0	30066247623.58305	30066247623.58305	1.0567638122583598e-05	36.40930008842491	3.3788240542869015e-06	-10.108426517571885	0.05376422773243002	64551.83625522751	0.0	460050147.230384	460050147.230384	4.979457922258778e-06	447274.5213527062	1.2976287470332726e-05	0.005377153011822146	0.0	632583047.1386361	632583047.1386361	0.00012663585924608425	-458458.76383336866	1.4568092645606253e-05	0.1375440522800829
3482.999999977058	0.0	30066241832.126484	30066241832.126484	2.3358926767212498e-05	146.23574814303186	3.425227764967948e-06	-10.116413738019169	0.1189914521712562	65387.967397240434	0.0	460049239.45050037	460049239.45050037	7.284788985155195e-06	472976.4995037115	1.3395993883135968e-05	0.007877431123861262	0.0	632584462.081322	632584462.081322	7.80743124795682e-05	-482798.5573878382	1.4728862011227818e-05	0.08477048099558068
3523.4999999761003	0.0	30066235337.098244	30066235337.098244	5.021143710823566e-05	236.7913105742382	3.4350026477413377e-06	-10.122703674121405	0.2560802544117073	65600.40158244477	0.0	460049329.1610555	460049329.1610555	8.560326979205313e-06	388420.5092638199	1.3601045252450562e-05	0.009275692329943335	0.0	632584762.7273602	632584762.7273602	2.5583538229997906e-05	-399114.616607401	1.4670109381270624e-05	0.027814774734051702
3563.9999999751426	0.0	30066228287.206306	30066228287.206306	4.083638743854861e-05	-50.16701432630729	3.4351651192971734e-06	-10.132388178913738	0.20831277938838086	65681.84979513635	0.0	460050396.7100551	460050396.7100551	8.246936662875566e-06	407635.15269057354	1.3820780161522382e-05	0.008941819821987567	0.0	632584090.5101862	632584090.5101862	7.011792792294529e-05	-421193.2156977776	1.4503993934315526e-05	0.07613921852333992
3604.499999974185	0.0	30066222293.719845	30066222293.719845	6.975215827298374e-05	303.0380642954784	3.4473559077370957e-06	-10.138678115015974	0.3557133666798761	65892.02452127899	0.0	460050819.4470493	460050819.4470493	1.005225546751852e-05	492221.0686880969	1.4198783980091277e-05	0.010902626709822576	0.0	632584803.8033898	632584803.8033898	9.92055184554287e-05	-506855.83697696077	1.4333443046949944e-05	0.1075882478982919
3644.999999973227	0.0	30066216280.651604	30066216280.651604	0.00015205025954804938	32.133643779419096	3.5176453860023354e-06	-10.146565495207668	0.7753048574846281	67219.75183230052	0.0	460051101.2913477	460051101.2913477	1.2639230081057283e-05	419819.8952692049	1.528132200672699e-05	0.013691375912363616	0.0	632585867.9023619	632585867.9023619	2.345185618556087e-05	-435611.42573982285	1.4215020476719111e-05	0.025458798052965036
3685.4999999722695	0.0	30066208225.893143	30066208225.893143	0.00035166276748918265	159.7850698830608	3.5222828672002207e-06	-10.158746006389777	1.794082257486675	67317.80696727672	0.0	460051997.8046437	460051997.8046437	1.2429977965260375e-05	378723.76306391566	1.5084872622575844e-05	0.013477599322316179	0.0	632586067.0931604	632586067.0931604	1.0189388687567926e-05	-397000.7733183771	1.439082730433557e-05	0.011066992618434529
3725.999999971312	0.0	30066194415.827312	30066194415.827312	0.00016800713832717466	20.597708875202745	3.5584050618371524e-06	-10.172024760383387	0.8576075825142072	68031.40908728619	0.0	460050438.92852473	460050438.92852473	1.2770911163747815e-05	361147.4434215796	1.5523999383982027e-05	0.013859044557681305	0.0	632585580.2866597	632585580.2866597	1.0605169586951255e-05	-380845.22876152943	1.444572122302235e-05	0.011525492781951467
3766.499999970354	0.0	30066181356.796516	30066181356.796516	0.00013362923740894045	69.98990263742525	3.5547681454369625e-06	-10.186202076677317	0.6817345980487466	68030.88703878286	0.0	460050024.02793026	460050024.02793026	1.3303735505571386e-05	385274.3704186312	1.5663122701040652e-05	0.014429411932137709	0.0	632585006.985724	632585006.985724	1.7632225738901628e-05	-406071.0816907033	1.4311765805446462e-05	0.01913288601896986
3806.9999999693964	0.0	30066168449.507366	30066168449.507366	0.00012767025432195632	140.97073110448335	3.5191361914653743e-06	-10.201178115015974	0.6509800670677738	67369.06961971737	0.0	460050670.81211597	460050670.81211597	1.7144530495561037e-05	422211.7107721976	1.5365795311915554e-05	0.018584343051485843	0.0	632585236.3226036	632585236.3226036	1.83126924075133e-05	-438938.9587117308	1.4174732818161654e-05	0.019855429797124055
3847.4999999684387	0.0	30066155557.59352	30066155557.59352	8.87812715675908e-05	-28.77395497896704	3.5406637100387324e-06	-10.210063897763579	0.45244030462320967	67745.95021629336	0.0	460046982.62394625	460046982.62394625	1.8677458418169314e-05	394975.6793003167	1.5615125227754685e-05	0.020197686786163557	0.0	632585484.3385605	632585484.3385605	1.1614336651328895e-05	-406873.10776387004	1.420169741061694e-05	0.012611434094153067
3887.999999967481	0.0	30066154591.444916	30066154591.444916	8.116311176392915e-05	135.60492346535227	3.5653402115954564e-06	-10.214556709265176	0.41362631554522794	68194.47231432766	0.0	460047770.0120129	460047770.0120129	2.048718116735729e-05	379762.29455129174	1.5942721053866074e-05	0.02217191513339063	0.0	632585225.4283617	632585225.4283617	1.029551747244593e-05	-392730.7747688625	1.421449268845613e-05	0.011181023050006166
3928.4999999665233	0.0	30066125779.038067	30066125779.038067	0.00016541373857467993	33.4911129298583	3.5610592376671506e-06	-10.242811501597444	0.8434553685085757	68103.07790533804	0.0	460044535.58553845	460044535.58553845	1.1808180977502073e-05	383970.4563944121	1.5948777336197713e-05	0.012793454506418785	0.0	632584869.3571734	632584869.3571734	1.134974890234947e-05	-395259.98260685534	1.4177744445110859e-05	0.012318178560444875
3968.9999999655656	0.0	30066091295.83123	30066091295.83123	7.914790396589146e-05	120.29644463923663	3.525339376992874e-06	-10.282348242811501	0.4034602358877643	67504.14696860053	0.0	460040842.42396986	460040842.42396986	1.1684307569581388e-05	445019.8676681272	1.5370996420096735e-05	0.012660086379096132	0.0	632584675.8854083	632584675.8854083	1.0501972909085912e-05	-403864.40243654395	1.4111839602278809e-05	0.011386243104226706
4009.499999964608	0.0	30066059738.97505	30066059738.97505	3.746015217656578e-05	-4.6098750635317645	3.495129312870429e-06	-10.316094249201278	0.19085303126991368	66956.8608431365	0.0	460038064.17216516	460038064.17216516	9.606222287197566e-06	367648.46538461966	1.5208238081132816e-05	0.01040364831190277	0.0	632584615.362009	632584615.362009	9.93666830974516e-06	-406725.34625805117	1.4085903624018566e-05	0.010769573502918831
4049.99999996365	0.0	30066024318.188763	30066024318.188763	2.1822967497735053e-05	105.89069132580278	3.4898094325341436e-06	-10.351936900958467	0.11099826816762094	66878.96883090062	0.0	460033225.36395043	460033225.36395043	1.4229498027151959e-05	393437.021253334	1.5094862012230918e-05	0.015357168610712965	0.0	632584525.9887991	632584525.9887991	1.1378820679142613e-05	-406231.6745223537	1.4091668245162614e-05	0.012333285110418927
4090.4999999626925	0.0	30065992915.667458	30065992915.667458	1.90000047779926e-05	55.8807515300083	3.4900552464306387e-06	-10.38638178913738	0.09678787896378778	66876.20942163887	0.0	460034812.2706959	460034812.2706959	1.016378152497509e-05	360510.98169641953	1.5079430685105458e-05	0.01100379798013626	0.0	632584400.9752884	632584400.9752884	1.398309609372559e-05	-407715.4537544511	1.4085303631322218e-05	0.015152709940551401
4130.999999964388	0.0	30065998956.595734	30065998956.595734	4.025716741612373e-05	54.26956227804294	3.474683843853165e-06	-10.380890575079873	0.2047229777442725	66615.58660347565	0.0	460033633.43839	460033633.43839	8.216582701791279e-06	384211.5170373403	1.4987344879833163e-05	0.008871585598907362	0.0	632584274.9877949	632584274.9877949	1.373571085711567e-05	-409322.90537090483	1.4079334506193932e-05	0.014881050374752453
4171.4999999665	0.0	30065988257.203392	30065988257.203392	0.00010560541314827437	76.0517178960451	3.4623940875069055e-06	-10.397863418530351	0.5370091120953543	66379.3970554974	0.0	460030492.2301785	460030492.2301785	7.170477281554453e-06	406784.3910982662	1.453986579112692e-05	0.007741106554117068	0.0	632584152.1556593	632584152.1556593	9.97951213791039e-06	-410584.260524276	1.4074168390647896e-05	0.010808132529171472
4211.9999999686115	0.0	30065946225.6937	30065946225.6937	1.5646418493573507e-05	69.74843431157554	3.4200439384929793e-06	-10.443690095846645	0.07967303624890658	65586.67233695678	0.0	460029186.5919547	460029186.5919547	5.900846674256653e-06	279900.94323541166	1.4001242282709317e-05	0.006388937078825236	0.0	632584031.25178	632584031.25178	1.2500128421657096e-05	-411733.59344963497	1.4069579346104832e-05	0.013538114096315671
4252.499999970723	0.0	30065938818.78462	30065938818.78462	1.4603179452437553e-05	-62.15335328498994	3.373555627773575e-06	-10.435203674121405	0.07434070116779705	64723.52525683964	0.0	460031724.60015064	460031724.60015064	7.364062422621067e-06	375049.0902427713	1.3702476633239684e-05	0.007969764172391336	0.0	632583908.7606027	632583908.7606027	1.5135689723290939e-05	-413263.5450438175	1.4064413165184575e-05	0.01639100240220676
4292.999999972835	0.0	30065978661.37945	30065978661.37945	2.1126869259430912e-05	85.61096316360891	3.3711951652055327e-06	-10.402156549520766	0.10753873419645063	64696.78258681778	0.0	460027379.8886551	460027379.8886551	6.681233564798916e-06	452186.9489350605	1.3210453287344946e-05	0.007228630517472779	0.0	632583782.3994505	632583782.3994505	1.4669746439129607e-05	-414921.0297873535	1.4059335153677857e-05	0.015884951838141512
4333.499999974947	0.0	30065944436.295414	30065944436.295414	1.2497491467009954e-05	57.61740314482468	3.3299679151081945e-06	-10.437899361022364	0.06359629372818235	63909.21065484078	0.0	460024466.21844864	460024466.21844864	4.747896756532962e-06	382774.24297091307	1.2625127511838474e-05	0.005134992290755084	0.0	632583652.0963209	632583652.0963209	1.528843396298424e-05	-416587.80861971027	1.4054407046515549e-05	0.016553444648789568
4373.999999977059	0.0	30065913731.883617	30065913731.883617	1.0681928813567577e-05	29.42703034478211	3.2933874700618636e-06	-10.466453674121405	0.05434225320808589	63208.48122263625	0.0	460025737.5219011	460025737.5219011	4.536651094543264e-06	236599.15006374248	1.2338245330157722e-05	0.004903798110970124	0.0	632583518.6132519	632583518.6132519	1.5430274887518783e-05	-418217.250180586	1.4049451973397569e-05	0.016705449830395416
4414.499999979171	0.0	30065926603.668404	30065926603.668404	1.1831668740483282e-05	-37.2240845784392	3.2822105804148072e-06	-10.44029552715655	0.06017712892096004	62995.356399345146	0.0	460028789.44513947	460028789.44513947	4.310856783709885e-06	388792.77840367594	1.2464012417114664e-05	0.004657065487906504	0.0	632583384.8678653	632583384.8678653	1.5774331885655038e-05	-419743.0815491248	1.404472570422199e-05	0.01707622247968342
4454.999999981283	0.0	30065961172.730633	30065961172.730633	9.284078052252888e-06	34.281593753848014	3.296080035646626e-06	-10.40914536741214	0.0472109522166627	63262.857226659515	0.0	460025614.58615077	460025614.58615077	3.375543459908039e-06	291449.18207499734	1.2172888731528054e-05	0.003645755725266014	0.0	632583249.8387291	632583249.8387291	1.5483259712851127e-05	-421188.99981619045	1.4040120137065771e-05	0.016759351812033012
4495.499999983394	0.0	30065944102.764606	30065944102.764606	7.8898417366848e-06	-1.4088977014993214	3.2680999548031174e-06	-10.422723642172524	0.04011147127259236	62726.62967846502	0.0	460029122.49398834	460029122.49398834	3.426880861130876e-06	280792.9420246765	1.229487424135613e-05	0.0036999042254331318	0.0	632583116.7521487	632583116.7521487	1.6093722025697606e-05	-422549.71348453255	1.4035631208775095e-05	0.017418111335694136
4535.999999985506	0.0	30065995395.401047	30065995395.401047	1.1913464774154058e-05	36.3566469244078	3.2768799807701924e-06	-10.372004792332268	0.06055415816159733	62895.624346168035	0.0	460030136.87729394	460030136.87729394	3.9731883558800636e-06	404280.0724527625	1.2219125207151431e-05	0.004288255229099333	0.0	632582982.3902372	632582982.3902372	1.641896165782236e-05	-423841.88999232947	1.4031185167321678e-05	0.017767904981220623
4576.499999987618	0.0	30065996910.60921	30065996910.60921	1.429871199216247e-05	47.08587561522808	3.2651874704447166e-06	-10.370007987220447	0.07266389579937034	62671.814820210784	0.0	460030410.77706134	460030410.77706134	4.282072893798509e-06	296354.61968015786	1.1822556400957698e-05	0.00462025967948019	0.0	632582851.2623637	632582851.2623637	1.6602648529721273e-05	-425111.8195064758	1.402674010620148e-05	0.01796419468182656
4616.99999998973	0.0	30065990428.571648	30065990428.571648	1.2269572308565722e-05	-13.397743180280619	3.2331410616620424e-06	-10.374700479233226	0.062337138766972555	62057.61590869747	0.0	460034015.86143386	460034015.86143386	4.289965881627152e-06	260197.10229676228	1.1843136148060678e-05	0.004627321191001356	0.0	632582720.0074633	632582720.0074633	1.6512511404049703e-05	-426334.78613992786	1.4022399217018803e-05	0.017864169432508733
4657.499999991842	0.0	30066048434.913086	30066048434.913086	1.1161687378737257e-05	0.5980201427819407	3.251897455577944e-06	-10.310203674121405	0.05669519401247309	62418.16233451722	0.0	460036312.4008162	460036312.4008162	4.675042631089627e-06	450102.1509904191	1.1965678675821977e-05	0.005041388580107364	0.0	632582591.3775084	632582591.3775084	1.7337197051244374e-05	-427514.4087126221	1.4018125590835072e-05	0.01875361229643542
4697.999999993954	0.0	30066063441.425568	30066063441.425568	9.619053154038566e-06	42.83689012034333	3.253155795946819e-06	-10.295127795527156	0.048855421216837495	62442.61948268045	0.0	460031857.42132425	460031857.42132425	3.532207687921286e-06	385094.9632783005	1.1440606335339158e-05	0.003808235675846471	0.0	632582461.3459971	632582461.3459971	1.770328527984899e-05	-428679.1280334578	1.4013812004080316e-05	0.019146624212651807
4738.4999999960655	0.0	30066023987.00177	30066023987.00177	6.43757030573656e-06	-11.397875846866253	3.1994197704060936e-06	-10.334564696485623	0.032688970160578826	61411.5019818703	0.0	460033864.0959703	460033864.0959703	3.3266678293123798e-06	175724.67304993965	1.127387824109973e-05	0.0035860632111318295	0.0	632582334.5007249	632582334.5007249	1.841915804051248e-05	-429798.91647425585	1.4009596962320446e-05	0.019917600163650285
4778.999999998177	0.0	30066057048.150497	30066057048.150497	5.196832859231602e-06	-72.6833313250115	3.195813407966689e-06	-10.29632587859425	0.02638436298937561	61342.838935050706	0.0	460038844.5188511	460038844.5188511	3.1210561347552425e-06	268111.02072513656	1.1424737450018671e-05	0.003364099747001103	0.0	632582208.5855882	632582208.5855882	1.9091055665199207e-05	-430831.1032463258	1.4005586328001944e-05	0.020640580430328168
4819.500000000289	0.0	30066141223.623085	30066141223.623085	5.577407321219404e-06	6.923629667556316	3.2149719261351997e-06	-10.2120607028754	0.028314009335453763	61710.97077968145	0.0	460041334.2254026	460041334.2254026	3.2724320749691263e-06	415932.0817172058	1.147980584303454e-05	0.0035270558728583822	0.0	632582084.1173155	632582084.1173155	1.9841873689587266e-05	-431871.9566785374	1.4001539813797903e-05	0.021448480300163768
4860.000000002401	0.0	30066162231.957336	30066162231.957336	5.938435607378149e-06	37.5690626648142	3.2086553732351407e-06	-10.192591853035143	0.030145878404697176	61589.97208332477	0.0	460040986.0687845	460040986.0687845	3.2815250285004398e-06	378141.31278190075	1.1283623982504247e-05	0.0035368128877048886	0.0	632581961.511497	632581961.511497	2.020989581180731e-05	-432878.10910460656	1.3997559530590489e-05	0.02184216975314968
4900.500000004513	0.0	30066154645.360817	30066154645.360817	5.89925524652194e-06	22.52398360007612	3.188344213746298e-06	-10.197384185303514	0.02994431975901103	61200.41167020423	0.0	460041690.97739726	460041690.97739726	3.331642354766625e-06	398763.171737382	1.1311285057451416e-05	0.0035909126783370874	0.0	632581840.3135402	632581840.3135402	2.1523664687235933e-05	-433789.3224796903	1.3993757252539762e-05	0.02325745758949936
4941.000000006625	0.0	30066163729.89313	30066163729.89313	6.132145644340873e-06	34.08391972477163	3.197120183151428e-06	-10.187999201277956	0.031124081672008256	61369.20169719563	0.0	460041107.42776895	460041107.42776895	3.3186835014727184e-06	410661.8218406865	1.1190502259474441e-05	0.003577181824208537	0.0	632581721.4586468	632581721.4586468	2.232735310667341e-05	-434706.25963918713	1.3989953916116629e-05	0.02412092541165112
4981.500000008737	0.0	30066155675.849747	30066155675.849747	6.143602523149353e-06	30.851594318513555	3.181787079994953e-06	-10.195587060702875	0.031179887875066696	61075.14201342169	0.0	460040938.2579913	460040938.2579913	3.3160916533811763e-06	351450.55635677086	1.1072098638094696e-05	0.0035746884099531868	0.0	632581605.1151025	632581605.1151025	2.24712615527109e-05	-435601.2300956101	1.3986212048626116e-05	0.024271247516842957
5022.000000010848	0.0	30066150720.506878	30066150720.506878	6.134227653962807e-06	14.02364268150976	3.1676942063037567e-06	-10.2008785942492	0.031129935708760437	60804.9385465074	0.0	460042353.8532173	460042353.8532173	3.3806164800741335e-06	287588.66294273024	1.107035814299742e-05	0.0036445396500513184	0.0	632581490.1610292	632581490.1610292	2.32520019847798e-05	-436453.226183414	1.398254383876368e-05	0.025108921847345096
5062.50000001296	0.0	30066164854.94078	30066164854.94078	6.310947933677558e-06	-1.623801161911813	3.168888755289781e-06	-10.184404952076678	0.03202439145143488	60828.161066680084	0.0	460044714.41791797	460044714.41791797	3.5061974122128106e-06	330951.345108137	1.1175083599799366e-05	0.003780224719976733	0.0	632581375.5569941	632581375.5569941	2.4233165283707988e-05	-437245.91578809894	1.397901032443662e-05	0.0261623911263033
5103.000000015072	0.0	30066194577.946518	30066194577.946518	6.6997388837566724e-06	15.488154245427355	3.1832884181705067e-06	-10.156150159744408	0.03399530503599049	61104.88044474976	0.0	460046341.6307387	460046341.6307387	3.658708696956399e-06	392604.646533319	1.128190690304889e-05	0.003944952521349737	0.0	632581262.665503	632581262.665503	2.5065249484250477e-05	-438044.14350003586	1.3975517302194283e-05	0.0270543174721682
5143.500000017184	0.0	30066210146.6761	30066210146.6761	7.044918149482213e-06	32.055467774143004	3.1913638194870547e-06	-10.139676517571885	0.03574516174204384	61260.17469562466	0.0	460046659.26575625	460046659.26575625	3.7528744551887468e-06	420805.4986042297	1.1298899428056206e-05	0.004046909303395664	0.0	632581152.3781521	632581152.3781521	2.6476342536225325e-05	-438803.1311711366	1.3972086840517112e-05	0.02857041824561593
5184.000000019296	0.0	30066210180.517677	30066210180.517677	7.247269246134407e-06	37.91190784571863	3.191516471302323e-06	-10.141773162939296	0.03676947234446998	61263.323507190864	0.0	460046199.4669167	460046199.4669167	3.7591373633794935e-06	427013.85216054117	1.1233744345870303e-05	0.004053997240939294	0.0	632581044.3920999	632581044.3920999	2.8161389269894646e-05	-439536.6836694535	1.396871136340531e-05	0.03038101768088508
5224.500000021408	0.0	30066202935.989285	30066202935.989285	7.335558573524922e-06	37.85859049326699	3.185102189708137e-06	-10.14866214057508	0.03721430552671099	61140.40090356924	0.0	460045636.2500716	460045636.2500716	3.7406776346330373e-06	417444.9767023834	1.1154034427678182e-05	0.004034423925070317	0.0	632580938.4356108	632580938.4356108	3.0103124853726627e-05	-440251.1127571472	1.3965425218456989e-05	0.03246722981937188
5265.0000000235195	0.0	30066194873.731956	30066194873.731956	7.387063531596302e-06	34.82853606200932	3.1774767745225968e-06	-10.157048722044728	0.03747252920859108	60994.2265429231	0.0	460045333.1009002	460045333.1009002	3.7368154384536584e-06	405484.4139907479	1.1106133515613543e-05	0.004030562305126248	0.0	632580834.2036946	632580834.2036946	3.141156116051901e-05	-440941.4244720309	1.3962192804332253e-05	0.03386914098799631
5305.500000025631	0.0	30066189612.257885	30066189612.257885	7.464470119382984e-06	31.746990002162256	3.1731043020488144e-06	-10.163238817891374	0.03786189644031961	60910.49707536353	0.0	460045263.10550535	460045263.10550535	3.7537234263708524e-06	400732.78023790824	1.1086773211642107e-05	0.0040491091672758975	0.0	632580732.1950154	632580732.1950154	3.3231550477771284e-05	-441602.6315764925	1.3958997723092493e-05	0.03582133784901706
5346.000000027743	0.0	30066187026.016975	30066187026.016975	7.567077855778489e-06	30.100370222827827	3.1715945271087175e-06	-10.163538338658148	0.03837860243190377	60881.720728962464	0.0	460045300.9859121	460045300.9859121	3.783066858853392e-06	400666.2415927453	1.1081359780911892e-05	0.004081086834678768	0.0	632580630.8223683	632580630.8223683	3.528720040659092e-05	-442245.97078135255	1.3955909625091398e-05	0.03802593118572103
5386.500000029855	0.0	30066185653.676014	30066185653.676014	7.69199411174513e-06	29.445813013724255	3.171161198210664e-06	-10.165135782747603	0.03900840222180253	60873.59595980338	0.0	460045374.87747705	460045374.87747705	3.816640276638241e-06	402141.9241633528	1.1080779080397836e-05	0.004117634069926517	0.0	632580530.4188095	632580530.4188095	3.719887322753431e-05	-442868.2678450253	1.395291359692413e-05	0.040073530400150506
5427.000000031967	0.0	30066184641.54798	30066184641.54798	7.828861481375167e-06	29.21060740939432	3.1711000085395084e-06	-10.166533546325878	0.03969847265711799	60872.60634047284	0.0	460045443.1604569	460045443.1604569	3.8483329969140145e-06	404302.16761582834	1.1081075201235932e-05	0.004152151908986801	0.0	632580432.3877661	632580432.3877661	3.9223668529277855e-05	-443463.19480167376	1.3950009008848426e-05	0.04224102382481735
5467.500000034079	0.0	30066183571.93233	30066183571.93233	7.957040251249582e-06	29.325891645361267	3.1710708627285915e-06	-10.16583466453674	0.040343701920278884	60872.25381551569	0.0	460045490.7520846	460045490.7520846	3.880246338155298e-06	406502.51756892825	1.1080217351013793e-05	0.004186937722175307	0.0	632580337.0088476	632580337.0088476	4.090385299620894e-05	-444071.3340593863	1.3947023801053109e-05	0.04403535010639095
5508.000000036191	0.0	30066182300.244133	30066182300.244133	8.09386809638626e-06	28.994916633673824	3.170999117895267e-06	-10.16763178913738	0.04103258094639555	60870.98729292645	0.0	460045514.39716536	460045514.39716536	3.909503977502537e-06	408693.60435609485	1.1078170711455546e-05	0.004218858309608807	0.0	632580242.999105	632580242.999105	4.232448078081357e-05	-444590.0782924122	1.3944476215328417e-05	0.045548809505222505
5548.5000000383025	0.0	30066180798.153744	30066180798.153744	8.215421079675406e-06	29.325720775848154	3.1707835290207193e-06	-10.170327476038338	0.04164372931856628	60867.102440408045	0.0	460045508.0589291	460045508.0589291	3.93209918719485e-06	410959.6069289235	1.1074432108588256e-05	0.0042436118651084384	0.0	632580149.9788759	632580149.9788759	4.397521421137336e-05	-445178.8677928513	1.3941475135948714e-05	0.047307517196406176
5589.000000040414	0.0	30066179018.30777	30066179018.30777	8.357183917216405e-06	29.254749858161077	3.170496666124182e-06	-10.17322284345048	0.042356428111820936	60861.667173758506	0.0	460045474.13535154	460045474.13535154	3.9565451335989085e-06	413029.76795667445	1.1069123848519985e-05	0.004270406829956183	0.0	632580060.1136415	632580060.1136415	4.556728417146622e-05	-445723.93793591484	1.3938782928681852e-05	0.049001223128569533
5629.500000042526	0.0	30066177014.597363	30066177014.597363	8.468388789574761e-06	28.67391974141856	3.1701562148448014e-06	-10.173522364217252	0.04291381142487748	60855.27393139477	0.0	460045419.0576277	460045419.0576277	3.97835395462086e-06	414873.5764275629	1.1062546319666828e-05	0.004294395272798063	0.0	632579969.6120408	632579969.6120408	4.727154935675896e-05	-446118.9504655164	1.3936685511061981e-05	0.05081355442692523
5670.000000044638	0.0	30066174791.856876	30066174791.856876	8.591310331128011e-06	29.84428355247751	3.1694474348987333e-06	-10.176018370607029	0.04353033836762161	60841.95699939033	0.0	460045336.73979956	460045336.73979956	3.992694283100712e-06	416977.85184507445	1.105313175245447e-05	0.004310224167814353	0.0	632579881.6702411	632579881.6702411	4.878476784966302e-05	-446826.62276107766	1.3933122446747368e-05	0.05241675212640724
5710.50000004675	0.0	30066172331.098095	30066172331.098095	8.724568734868865e-06	28.351464641073232	3.1690095716820574e-06	-10.178414536741213	0.04419800234782075	60833.32440173769	0.0	460045230.8876559	460045230.8876559	4.006702645390238e-06	418486.4691146651	1.104446799490151e-05	0.004325861601210987	0.0	632579796.0912057	632579796.0912057	5.064605084016608e-05	-447096.65594957117	1.3931737674212544e-05	0.054392904269450565
5751.000000048862	0.0	30066169678.287636	30066169678.287636	8.813999303523941e-06	29.256929624232857	3.1682274613736012e-06	-10.181110223642172	0.0446435007412154	60818.82496505474	0.0	460045108.09199256	460045108.09199256	4.019337963792968e-06	420169.11426094425	1.1033705496430414e-05	0.004339909501708389	0.0	632579709.0655224	632579709.0655224	5.2097948523897284e-05	-447653.0741341383	1.3928629097568638e-05	0.055925249474975604
5791.5000000509735	0.0	30066166854.42498	30066166854.42498	8.966089456974345e-06	29.35392915098424	3.1675059802179334e-06	-10.183206869009584	0.04540527005973243	60804.58358212546	0.0	460044962.0497948	460044962.0497948	4.0278643071247995e-06	421749.1048199374	1.1023736854700916e-05	0.004349528112130613	0.0	632579627.990627	632579627.990627	5.37826527273862e-05	-448206.681566646	1.3925970071998905e-05	0.05770442355849012
5832.000000053085	0.0	30066163868.88903	30066163868.88903	9.0541077074876e-06	27.573976904315263	3.16728123510047e-06	-10.187300319488818	0.04584083183547871	60800.47516352724	0.0	460044803.8597245	460044803.8597245	4.0283630459357376e-06	422691.054978614	1.101808015798054e-05	0.004350743921166641	0.0	632579543.9403989	632579543.9403989	5.574336177391375e-05	-448280.0331996536	1.3925175716878837e-05	0.0597782007761449
5872.500000055197	0.0	30066160756.050377	30066160756.050377	9.149938548866514e-06	30.213407234870818	3.1664133316180804e-06	-10.19129392971246	0.046315819721451205	60784.27245239076	0.0	460044629.5979935	460044629.5979935	4.028968217325277e-06	424366.7789650742	1.1009550684481674e-05	0.004351666257975049	0.0	632579462.9586847	632579462.9586847	5.711742320211666e-05	-449191.3471865414	1.3920408817911514e-05	0.06121524500110137
5913.000000057309	0.0	30066157532.675777	30066157532.675777	9.309100909452472e-06	27.788255262710123	3.1664394414534728e-06	-10.19319089456869	0.04710906786876139	60783.63763844235	0.0	460044436.1448812	460044436.1448812	4.0281628972669325e-06	425017.0764549332	1.1007424148999067e-05	0.004351645173483514	0.0	632579387.0382156	632579387.0382156	5.9731468590491985e-05	-449176.74845077505	1.3920276590148858e-05	0.06398056231652327
5953.500000059421	0.0	30066154194.25341	30066154194.25341	9.335917028247061e-06	27.52207360423464	3.16580240101033e-06	-10.198282747603834	0.04723504205934523	60771.98702346751	0.0	460044234.8299663	460044234.8299663	4.018931081438831e-06	425790.37102237804	1.0998812224259874e-05	0.004341891181366883	0.0	632579304.4263285	632579304.4263285	6.160799366107322e-05	-449417.17785514327	1.3918251473134255e-05	0.06595081021943781
5994.000000061533	0.0	30066150788.53523	30066150788.53523	9.455737085572821e-06	29.654507751774464	3.1647776742233574e-06	-10.200079872204473	0.04782975438151315	60751.616916453655	0.0	460044016.6825	460044016.6825	4.011324317877883e-06	427146.0896280556	1.0988821587316174e-05	0.004334387078988069	0.0	632579230.1416881	632579230.1416881	6.32956947748968e-05	-450311.2968209324	1.3913825651632845e-05	0.06771011155315151
6034.500000063645	0.0	30066147319.82479	30066147319.82479	9.584713951411996e-06	27.332135155176402	3.164186249594381e-06	-10.202975239616613	0.04846737700590209	60740.22842534585	0.0	460043782.4099109	460043782.4099109	4.003814962042932e-06	427440.25454266655	1.097916622856285e-05	0.004327106586302978	0.0	632579158.6231328	632579158.6231328	6.63493196801903e-05	-450226.13391450373	1.391357939145021e-05	0.07092857811983466
