3.033773358534092
Time 	 Eb 	 Ea 	 Ep 	 phi_d 	 phi_z 	 KED 	 MLD 	 K 	 E_k 	 Eb_D 	 Ea_D 	 Ep_D 	 phi_d_D 	 phi_z_D 	 KED_D 	 K_D 	 Eb_U 	 Ea_U 	 Ep_U 	 phi_d_U 	 phi_z_U 	 KED_U 	 K_U 
944.9999999967719	29736686006.43849	5299563.304789394	29741985569.74329	4.180994942212474e-06	-1091.5271807298532	3.921903127365765e-07	-8.038238817891374	0.02054626957643279	7274.1050960048815	2072866391.0164254	3726.2981198551133	2072870117.3145454	3.917696015100312e-06	372448.2799426292	1.4696957431414435e-06	0.008805648753545	2849596992.377079	8847.759915693663	2849605840.1369953	2.0016090071289012e-06	-370017.3872321169	4.806392535877713e-07	0.004385376969439934
985.4999999965816	29736418373.91638	5560326.7914021015	29741978700.70778	4.193401588201466e-06	-1458.2002755859894	3.949053569751596e-07	-8.051317891373802	0.020561318900738708	7325.274691352306	2072879662.0655928	3708.728052751161	2072883370.7936459	4.565442110212163e-06	367058.80341808195	1.494856576591276e-06	0.01028209696557127	2849582209.2279506	9122.164064384066	2849591331.3920145	1.922079080133867e-06	-369356.0868213107	4.758304146894458e-07	0.0041936929969311025
1025.999999996429	29736208725.65434	5760985.125695795	29741969710.780033	4.171534640576474e-06	-1845.2248227434982	3.9735361714316666e-07	-8.058306709265176	0.020413387888337468	7371.889044461917	2072891803.5601828	3711.2642166409637	2072895514.8244	5.110281462695341e-06	361036.53651419084	1.5179063161275953e-06	0.011536759436524978	2849567434.9210005	9334.471406211145	2849576769.392406	1.8648598303240777e-06	-368519.6576913245	4.7196202740180744e-07	0.004052758464106251
1066.4999999970062	29736052872.740063	5905424.107402027	29741958296.847466	4.173566095746763e-06	-2227.37168381032	3.99737191294432e-07	-8.067791533546325	0.02038609005530765	7417.647281756499	2072902734.4562333	3743.911691199988	2072906478.3679245	6.209965490200535e-06	355126.95016442233	1.539590617120104e-06	0.014051889539948296	2849552694.68862	9481.67102533439	2849562176.359646	1.7998487354152746e-06	-367691.93943089363	4.691474930891899e-07	0.0038975897341299902
1106.9999999975832	29735902130.46062	6042126.944093585	29741944257.40471	4.173025144723484e-06	-2578.8756339409792	4.0212138544469293e-07	-8.083666134185304	0.020359362639072048	7463.668283362424	2072912453.4296682	3806.7266247374937	2072916260.1562932	5.63977665668266e-06	349822.78699459304	1.560267124186161e-06	0.012787684619110331	2849538006.6396756	9569.396778467111	2849547576.036454	1.7484750561502895e-06	-367053.59475138725	4.6717420207321056e-07	0.0037763934793818518
1147.4999999981603	29735784470.21391	6143056.107853264	29741927526.321762	4.179703830017502e-06	-2884.454028035097	4.04416623197411e-07	-8.10413338658147	0.020381162762131203	7508.1698540636135	2072920995.8720913	3895.3346709767357	2072924891.2067616	5.301287626151573e-06	345351.1596242471	1.5801684489045046e-06	0.012036937270874829	2849523386.391287	9601.53686670633	2849532987.9281535	1.6988784378104023e-06	-366813.0276673711	4.652994156645729e-07	0.003665717446381788
1187.9999999987374	29735679507.641685	6228621.397660942	29741908129.039345	4.201232670423153e-06	-3139.291544039827	4.065399412931487e-07	-8.12589856230032	0.020481647183562796	7549.523282943415	2072928412.5453687	4006.7213320499286	2072932419.2667007	4.902760686669031e-06	341969.2466520126	1.5998503412368862e-06	0.011143286298172258	2849508832.4542956	9592.888925703242	2849518425.3432217	1.6473503482305467e-06	-366968.7140985947	4.626657296746112e-07	0.003552537645332159
1228.4999999993145	29735597413.576927	6288719.570965499	29741886133.147896	4.2535343152681944e-06	-3339.890679333841	4.084912002408961e-07	-8.148362619808307	0.020734210650567016	7587.538417005859	2072934815.510857	4124.2361504221335	2072938939.7470071	4.7390552007750455e-06	340041.6566438668	1.6197489663511152e-06	0.010782633322298868	2849494347.38051	9553.597301295958	2849503900.9778113	1.5980635974574486e-06	-366859.705390862	4.5888571593268605e-07	0.003446230504171792
1268.9999999998915	29735502373.392506	6359297.164938063	29741861670.557446	4.334403992194532e-06	-3479.1009845272474	4.1037038013193157e-07	-8.17242412140575	0.02112383471243403	7624.128560149002	2072940377.1169338	4238.542640679516	2072944615.6595743	4.436025052378926e-06	339729.1061117078	1.6399807716192452e-06	0.010102537048845964	2849479930.04677	9493.088624724187	2849489423.135394	1.560257314475817e-06	-366513.9073808908	4.542372370483383e-07	0.003365134448973313
1309.5000000004686	29735415750.767704	6419241.6612868905	29741834992.428978	4.428331557624075e-06	-3555.9907992581566	4.1235790566080507e-07	-8.204273162939296	0.021573839369624436	7662.759241063745	2072945284.2877007	4345.097017491236	2072949629.3847184	4.200896272014277e-06	340832.34788826795	1.660640306585499e-06	0.00957468233144399	2849465580.1528893	9412.14139072364	2849474992.2942796	1.5250419827614712e-06	-366082.05369275116	4.494340233112326e-07	0.003289292155193838
1350.0000000010457	29735340274.69324	6466168.730948716	29741806443.424183	4.5401401711636045e-06	-3575.5616631728008	4.145797007412369e-07	-8.235523162939296	0.022109905719824813	7705.815700028876	2072949691.8327782	4436.98798679281	2072954128.8207648	3.889779291420444e-06	343108.6980380016	1.681764437648204e-06	0.008871020112724377	2849451295.013237	9309.170752948616	2849460604.18399	1.4951899172398292e-06	-365631.64084365487	4.4507838148829413e-07	0.0032235678226523994
1390.5000000016228	29735272618.01638	6503744.772331297	29741776362.788715	4.661472041557633e-06	-3547.036716254729	4.1704897291469274e-07	-8.263678115015974	0.022688308032449624	7753.5012287258405	2072953737.1881475	4506.080168780871	2072958243.2683165	3.641359621858572e-06	346645.82369936514	1.7032234420230304e-06	0.008308245916669817	2849437071.7367377	9180.706139433198	2849446252.442878	1.4695305485857766e-06	-365181.4135950078	4.4138942026467225e-07	0.003166832638132426
1431.0000000021998	29735213475.530468	6531569.064751984	29741745044.595222	4.795184969896957e-06	-3469.5366860229433	4.1972166273317594e-07	-8.294828274760384	0.02332513987118205	7805.037166033328	2072957606.0532577	4549.309738186188	2072962155.362996	3.3383698252440164e-06	351958.4091409706	1.724748472186304e-06	0.007619655913727634	2849422906.5155225	9024.14995712554	2849431930.6654797	1.4443534427833754e-06	-364723.5966640374	4.383064037449561e-07	0.00311085642381496
1471.500000002777	29735161330.93456	6551483.595428587	29741712814.52999	4.932154887693794e-06	-3333.1567994662637	4.2255842936492187e-07	-8.325978434504792	0.02397704982247798	7859.690791131487	2072961624.9760046	4577.117565579712	2072966202.0935705	3.1102137093589437e-06	359735.1583258171	1.7459288459877302e-06	0.007100647975970964	2849408795.7916055	8838.767251126468	2849417634.558857	1.4211015099311549e-06	-364230.6183841177	4.356672179675599e-07	0.0030595319089027767
1512.000000003354	29735113332.828453	6566845.322469771	29741680178.150925	5.068550028966036e-06	-3126.181764987016	4.254329542269131e-07	-8.361022364217252	0.024624362544045996	7915.100161411783	2072966303.954978	4612.83891041763	2072970916.7938883	2.9060233786760527e-06	369352.40503743547	1.7654428479984144e-06	0.006635556735092371	2849394735.737509	8623.55448180763	2849403359.2919903	1.398565629630535e-06	-363579.75463064376	4.3327761053083776e-07	0.0030106954121414463
1552.500000003931	29735070033.188744	6577985.53126657	29741648018.72001	5.214145619473375e-06	-2861.1876566783935	4.2799219656018993e-07	-8.395567092651758	0.02531685390809535	7964.447575676185	2072971904.971153	4673.819478612393	2072976578.7906315	2.7788849425075794e-06	376681.28980279324	1.7813469233838553e-06	0.006346057520110469	2849380705.7314286	8376.381790131796	2849389082.113219	1.3786966952806633e-06	-362935.9410746368	4.309718651715968e-07	0.002967455264714711
1593.0000000045081	29735030307.421608	6587129.015101224	29741617436.43671	5.401486573838337e-06	-2626.2508730142167	4.2978371388085846e-07	-8.421825079872205	0.026209143914872574	7999.074762710232	2072977765.4317398	4748.1849365029475	2072982513.6166763	2.720067757961905e-06	378302.8828225199	1.7940783129041702e-06	0.006212245903698696	2849366754.9056168	8101.764249418396	2849374856.669866	1.3598356925260627e-06	-362479.245415214	4.286159480735128e-07	0.0029268450296970634
1633.5000000050852	29734994591.97353	6593824.724334925	29741588416.697865	5.616382749021998e-06	-2523.30341475212	4.308506934854906e-07	-8.455770766773163	0.027235875771181646	8019.719527859952	2072983190.8350098	4817.759699039161	2072988008.594709	2.7121326596920922e-06	378323.8048714117	1.8061092392711402e-06	0.006194523806930786	2849352921.69024	7806.000816221814	2849360727.691056	1.3430145582624025e-06	-361691.0357130666	4.260607416592479e-07	0.002889961135067294
1674.0000000056623	29734959482.31994	6599839.781127572	29741559322.101063	5.841227644699609e-06	-2474.305313906304	4.3180096354734e-07	-8.47923322683706	0.02830322454223427	8037.9074982310285	2072988473.5383916	4891.157349333633	2072993364.695741	2.7161465579690234e-06	380289.74355264666	1.818087801403953e-06	0.006203866612079019	2849339198.8347874	7492.957106777001	2849346691.791895	1.327108619667082e-06	-360217.42970891664	4.231659734395644e-07	0.002854939803052582
1714.5000000062394	29734920729.71056	6608790.553781331	29741529520.264336	6.079054153887309e-06	-2370.901367323522	4.3283537977808904e-07	-8.511681309904153	0.029429039229964832	8057.399485802853	2072993760.3270042	4975.990168987773	2072998736.3171735	2.7076336449864103e-06	381612.5936593991	1.8298575521016234e-06	0.006184527496211779	2849325583.112035	7164.633070177864	2849332747.7451053	1.313354869080046e-06	-358099.840385109	4.198265957767567e-07	0.0028224095506466165
1755.0000000068164	29734885097.4443	6614716.286910564	29741499813.731213	6.35409975068891e-06	-2272.312872805378	4.3377224044189325e-07	-8.542232428115016	0.030733516945393273	8074.743522367717	2072998611.7049038	5059.402770167216	2073003671.1076741	2.7287828413350845e-06	383284.84479335864	1.8426572119217487e-06	0.0062329530285089325	2849312087.6804256	6819.285897905938	2849318906.9663234	1.3020522064677458e-06	-355458.52502654155	4.1602010944712335e-07	0.0027955101134839793
1795.5000000073935	29734850741.215706	6619247.520705224	29741469988.736404	6.674819559699085e-06	-2205.993292259508	4.3478094739964907e-07	-8.572683706070288	0.03224957231540226	8093.194657188198	2073002979.31539	5136.934919850435	2073008116.25031	2.7891459721111083e-06	390237.1892884448	1.857380726559341e-06	0.006370924385094009	2849298735.7343187	6451.745848411693	2849305187.4801674	1.2927330483654976e-06	-352319.534933632	4.118595182646588e-07	0.002772961213364932
1836.0000000079706	29734953346.49267	6474027.535996498	29741427374.028664	5.256471114305888e-06	-105.54384987210328	4.3463825175106214e-07	-8.612919329073483	0.025347175911601023	8089.36391118481	2073007135.0936265	5214.934071732219	2073012350.0276978	2.8848683108388474e-06	404207.5861474836	1.8773315453876772e-06	0.006589559669594929	2849285513.814229	6061.4882882004595	2849291575.302517	1.2737979614697794e-06	-349790.6118002669	4.067295550685005e-07	0.002730711005162126
1876.5000000085477	29735092605.723915	6302954.565946639	29741395560.289864	5.373975978200606e-06	-107.6489697862151	4.377133092761067e-07	-8.645966453674122	0.025883633947532833	8147.37311102203	2073010969.8911266	5293.633999256417	2073016263.525126	2.9953479925453803e-06	403672.5535610211	1.8952891454671842e-06	0.006841942518061454	2849272486.290011	5646.831037268741	2849278133.121048	1.2597533248646854e-06	-345497.8313828299	4.0219196606930584e-07	0.0026991096914633526
1917.0000000091247	29735199405.246017	6163445.792906731	29741362851.03893	5.500568470870403e-06	-109.92610678694385	4.396241613028153e-07	-8.681210063897764	0.02646994325695329	8182.801710490566	2073014493.2642076	5371.07837164728	2073019864.3425794	3.099364397460806e-06	401364.7847380362	1.914623693373337e-06	0.00707947039141938	2849259677.8803983	5213.748042361578	2849264891.6284404	1.2421448636936566e-06	-340350.2289119736	3.9766118236744133e-07	0.0026598961875861347
1957.5000000097018	29735298665.828968	6030918.508660033	29741329584.33763	5.658050510342879e-06	-112.85047430645855	4.4163197808200956e-07	-8.714456869009584	0.027203083200952022	8220.143577012386	2073017725.4276419	5444.1286075869575	2073023169.5562494	3.211888094250056e-06	400146.1616056842	1.93500880261475e-06	0.00733638596200559	2849247104.2943563	4769.299179260619	2849251873.5935354	1.2244356810860323e-06	-334140.03364094044	3.923803211922198e-07	0.0026209306960256877
1998.0000000102789	29735422226.788086	5873652.911229328	29741295879.699326	5.703146079969213e-06	-113.46644572146332	4.4332687224927684e-07	-8.74800319488818	0.027398679674302654	8251.656922343363	2073020717.1823788	5514.808972095139	2073026231.9913504	3.3337629542265985e-06	400084.9417797199	1.955687189860394e-06	0.007614629861186642	2849234781.653309	4319.005070086801	2849239100.6583786	1.2093709327335155e-06	-326677.36862610694	3.8565343959312227e-07	0.002587897747940325
2038.500000010856	29735517737.371426	5744120.698655964	29741261858.070084	5.759125965794321e-06	-116.32243876140564	4.450537340497914e-07	-8.782947284345047	0.027650740423163112	8283.81436125232	2073023491.9546816	5582.52408869192	2073029074.4787698	3.4466604950161846e-06	400432.21717716334	1.9762546605675806e-06	0.007872275756730007	2849222714.3578677	3865.059539035661	2849226579.4174066	1.1947840904966375e-06	-317803.13158767973	3.789746492860437e-07	0.00255685437226236
2079.000000010258	29735611443.958786	5616079.07093659	29741227523.029728	5.834839077384167e-06	-116.6384447633537	4.466293910108208e-07	-8.82198482428115	0.028006888491795105	8313.259822814882	2073026063.939095	5648.797552832401	2073031712.7366476	3.5279915900687097e-06	400828.2015902169	1.9966347033976403e-06	0.008057707579456955	2849210882.061974	3409.1778194382787	2849214291.2397933	1.1796621116358352e-06	-307211.3779184816	3.727607252251119e-07	0.002525128403566822
2119.5000000093005	29735696799.07896	5496142.721588522	29741192941.800545	5.788439906433701e-06	-117.65174790070164	4.4791737708055724e-07	-8.856529552715655	0.02777650427650058	8337.36395422434	2073028428.4472058	5713.802996314131	2073034142.2502024	3.6331179519822884e-06	401554.34485288523	2.017059193570406e-06	0.008297439268217743	2849199250.7809052	2959.616140806349	2849202210.397046	1.166231069061827e-06	-293674.5101129015	3.6609280010572666e-07	0.002498104319524543
2160.000000008343	29735791543.68999	5366593.034696639	29741158136.724686	5.767802285853857e-06	-117.4017421069101	4.492318056734866e-07	-8.889676517571885	0.02767777366297131	8361.895680853506	2073030619.7214441	5771.120998818427	2073036390.842443	3.7219952333486947e-06	402524.66814852913	2.0380626085651106e-06	0.008499989172338332	2849187899.3286705	2547.8669114701916	2849190447.1955814	1.1561570212888665e-06	-273986.51786767447	3.590405157192377e-07	0.0024773730789777225
2200.500000007385	29735873267.353992	5249892.245071709	29741123159.59906	5.736863280955894e-06	-117.09417743061965	4.502924535835984e-07	-8.928214856230031	0.027533497038466425	8381.594368070182	2073032678.1419368	5820.296203373	2073038498.43814	3.7444243025296628e-06	403161.72389211145	2.0584106837677434e-06	0.008550723174511436	2849177328.742861	2239.9825779811945	2849179568.7254395	1.1492155190954742e-06	-245007.36662485366	3.516853018046243e-07	0.0024653875063218042
2241.0000000064274	29735951598.350483	5136394.89900358	29741087993.24948	5.662916691806858e-06	-117.64967272918233	4.512111478688777e-07	-8.962360223642172	0.027189110213107767	8399.17074502424	2073034611.8984027	5861.751412164419	2073040473.6498148	3.756679501034906e-06	403500.3658388261	2.0769309531654826e-06	0.008578159635222463	2849168168.4964476	2070.2147043021396	2849170238.711152	1.146791207353678e-06	-209188.93201172134	3.4442685769254944e-07	0.0024623582130645695
2281.5000000054697	29736051555.508858	5001084.446584061	29741052639.95544	5.634021418025251e-06	-118.41590305477993	4.521859139748739e-07	-9.000499201277956	0.027061725441011545	8417.92449303263	2073036448.3469474	5893.0127339065075	2073042341.3596816	3.785496128910749e-06	403788.44872705266	2.0946912804796173e-06	0.00864330827870591	2849160221.3103347	1951.9151272834279	2849162173.225463	1.146760244799392e-06	-171053.46371785447	3.3799080324240577e-07	0.0024650303476207672
2322.000000004512	29736190441.35897	4826612.4986537695	29741017053.85763	5.57051572541836e-06	-119.48906015988672	4.5341349961989124e-07	-9.037739616613418	0.026778537045279913	8441.488936404377	2073038216.073876	5913.821891827509	2073044129.8957675	3.828649824831101e-06	403866.44449091866	2.1117478837692416e-06	0.008740851985853748	2849153281.0872602	1823.155123401899	2849155104.242384	1.1426411279137278e-06	-125579.45794435267	3.3244286296824345e-07	0.0024589150129650846
2362.5000000035543	29736316699.447235	4664608.057281718	29740981307.50452	5.432374811229106e-06	-118.3128755196202	4.5477502564255814e-07	-9.072384185303514	0.026135736986330576	8467.713790574058	2073039932.3401394	5926.300184873863	2073045858.6403239	3.88651245525252e-06	403574.0843320086	2.1280458487698882e-06	0.0088718325803066	2849148165.091753	1748.2677509963978	2849149913.3595037	1.1340056763922194e-06	-73639.62435452112	3.267824602436706e-07	0.002443801631704352
2403.0000000025966	29736406095.050034	4539385.775526598	29740945480.82557	5.292749639242129e-06	-116.21048973468206	4.562008448233346e-07	-9.109125399361023	0.025487156117462714	8495.046492392074	2073041611.0732245	5933.514627313241	2073047544.5878518	3.9531390246010076e-06	402962.5067069689	2.143863236484937e-06	0.009022557591059648	2849144688.094017	1738.9919059500096	2849146427.0859222	1.1297846771764693e-06	-21609.11960926223	3.199054903084605e-07	0.00243845447520279
2443.500000001639	29736493646.186775	4415963.338291496	29740909609.525066	5.191840221795697e-06	-113.5932885153079	4.577288361609592e-07	-9.14676517571885	0.025025876999814314	8524.157039682374	2073043254.603782	5937.301808255725	2073049191.9055903	4.014131624553279e-06	405373.61819235625	2.1595280966534517e-06	0.009160080773658184	2849143090.846605	1775.1183879468588	2849144865.9649935	1.12741940862855e-06	28768.30262312125	3.1132614296831023e-07	0.0024374551653113955
2484.000000000681	29736580745.831985	4292956.017629042	29740873701.849613	5.103927234072037e-06	-112.04465942812101	4.594587280626162e-07	-9.184105431309904	0.024625664837443804	8556.948402349968	2073044870.389782	5935.602321890183	2073050805.9921036	4.065040343622552e-06	412719.15085512487	2.175381785543622e-06	0.009274246829789688	2849143041.991362	1799.4217820928898	2849144841.413145	1.125303246408531e-06	70232.76612045696	3.0129122341397307e-07	0.0024365762344204372
2524.4999999997235	29736661588.272778	4176166.870969862	29740837755.14374	5.038351686404435e-06	-110.92154346938919	4.615814224074264e-07	-9.221146166134185	0.024326754875507305	8597.082490744759	2073046469.2822256	5932.212558710016	2073052401.4947844	4.119669787029407e-06	417877.29868924245	2.1918647288845147e-06	0.009396565492989721	2849144293.286756	1760.5042788602877	2849146053.7910347	1.1179522790854173e-06	98958.78045264093	2.9064973444093593e-07	0.002424877953171806
2564.999999998766	29736746323.984257	4055460.130618438	29740801784.114872	4.969457106471126e-06	-108.9479782003211	4.640862267009969e-07	-9.25748801916933	0.02401179834152348	8644.440357728747	2073048055.5902433	5927.869007044471	2073053983.4592497	4.1481292730502535e-06	418538.7787249022	2.2088742609845762e-06	0.009459041604722648	2849146261.121788	1664.1972209352532	2849147925.319009	1.1068365422014667e-06	111316.89767743235	2.800222055787288e-07	0.002404183219504905
2605.499999997808	29736820162.290005	3945652.450610712	29740765814.74062	4.884010692807663e-06	-105.98706442615011	4.6693625116390186e-07	-9.291533546325878	0.023610408370556946	8698.368307615616	2073049642.2662523	5920.66097241547	2073055562.9272246	4.167402996761116e-06	417912.98239528015	2.2261001206618586e-06	0.009500396911868169	2849148297.300272	1552.3795350904109	2849149849.679807	1.0938701678516443e-06	104712.98036045948	2.701472846294616e-07	0.0023794137201381183
2645.9999999968504	29736869993.312706	3859956.764773384	29740729950.077477	4.829791513925833e-06	-102.7269273761907	4.7019670797718833e-07	-9.32947284345048	0.023358379206039406	8760.118629165736	2073051265.4735043	5913.24954429781	2073057178.7230484	4.1845648303027425e-06	418342.9930533017	2.2434734529716565e-06	0.009536793617732396	2849149758.7292237	1478.4674371297006	2849151237.1966615	1.0868277504055649e-06	81911.8075979458	2.617152976232924e-07	0.002368145024177901
2686.4999999958927	29736888839.878044	3805467.726117119	29740694307.60416	4.789127003621034e-06	-99.63280260730158	4.7404079867917215e-07	-9.366214057507987	0.023172498171822303	8832.876171930897	2073052941.899947	5909.811148367821	2073058851.7110953	4.216261830502601e-06	419343.0816750899	2.2612345612465247e-06	0.00960639628485565	2849150137.5238924	1453.9045848017558	2849151591.4284773	1.0854167943834145e-06	47574.586580875766	2.5537880655673724e-07	0.0023673544970738906
2726.999999994935	29736909456.2006	3749513.3414393067	29740658969.542038	4.741197367237669e-06	-96.84504746638723	4.787657910767764e-07	-9.400758785942491	0.022951116448749295	8922.220294155557	2073054668.700948	5911.4766714712605	2073060580.17762	4.223389990047705e-06	420485.7374696666	2.280123350351315e-06	0.009619957667515285	2849149126.8758125	1462.1700049268547	2849150589.0458174	1.0849338041547267e-06	7258.382114762447	2.514420523407744e-07	0.0023688064727887597
2767.4999999939773	29736957237.680374	3666752.755491212	29740623990.435867	4.7581086392628546e-06	-93.02824918032081	4.846831818318032e-07	-9.436002396166135	0.023043866427871023	9034.058126603924	2073056435.070368	5917.523209427483	2073062352.5935779	4.224850444516125e-06	421554.6297831086	2.30070402616093e-06	0.009620404878077544	2849146636.8261013	1476.8434708723798	2849148113.6695724	1.087922301257058e-06	-33491.399976050365	2.4971321278453693e-07	0.0023771716743901995
2807.9999999930196	29737025881.206215	3563544.872788951	29740589426.079006	4.846805179707049e-06	-88.45594868098694	4.920344870527076e-07	-9.47334265175719	0.023480436884841322	9173.00213879903	2073058223.0836313	5928.142102503683	2073064151.2257338	4.237313002808014e-06	422439.1864958457	2.3231860461634583e-06	0.009645978987897666	2849142767.5805926	1487.830613447353	2849144255.4112062	1.0929212802131237e-06	-70107.3472950664	2.493566634968895e-07	0.0023893217899509664
2848.499999992062	29737072136.1154	3483161.112169817	29740555297.227573	4.920273461257052e-06	-82.91258410632194	5.011452136128929e-07	-9.503095047923322	0.023839554805844602	9345.281543727186	2073060007.2963235	5945.184491092804	2073065952.480815	4.254480938053436e-06	423137.6488913143	2.3475076940983517e-06	0.009682683385428239	2849137747.2149754	1484.0950918917076	2849139231.3100667	1.0956966130066548e-06	-99564.97086155774	2.4961638809517215e-07	0.002396976430327338
2888.9999999911042	29737161101.832775	3360496.0539701884	29740521597.886753	5.067227566730819e-06	-76.78253345919784	5.12354244871042e-07	-9.539237220447284	0.024558285513273652	9557.345959537588	2073061765.653099	5970.014946336857	2073067735.6680458	4.263989480663535e-06	423768.6911048089	2.373408614571957e-06	0.009702199625833914	2849131854.5047836	1466.7271009718534	2849133321.231885	1.0961611178832712e-06	-120415.41855202662	2.4969167531426335e-07	0.002398811563291043
2929.4999999901465	29737286416.61982	3201868.8827589457	29740488285.50258	5.244771327099312e-06	-71.32940021311234	5.260846537224078e-07	-9.573382587859426	0.025427288061649685	9817.307769309235	2073063498.8677711	6001.902161477134	2073069500.7699327	4.275540864700331e-06	424383.335244836	2.4005000276522483e-06	0.009726982003979543	2849125352.6983867	1439.6166005663108	2849126792.314988	1.0942484247505203e-06	-132641.28323084104	2.4937681418056335e-07	0.0023954364018410135
2969.999999989189	29737448858.457268	3006447.8232260942	29740455306.2805	5.479868608584317e-06	-67.58934224519606	5.426222234082187e-07	-9.608326677316294	0.02657259961424747	10130.681101095104	2073065199.5641108	6040.433999233879	2073071239.9981098	4.281883503421681e-06	424838.72210023564	2.428193198042695e-06	0.009740431754118609	2849118452.6025867	1419.1830111732706	2849119871.785598	1.0909716698989273e-06	-137832.20191173514	2.4840838507203677e-07	0.002388442841999363
