2.3839424390421993
Time 	 Eb 	 Ea 	 Ep 	 phi_d 	 phi_z 	 KED 	 MLD 	 K 	 E_k 	 Eb_D 	 Ea_D 	 Ep_D 	 phi_d_D 	 phi_z_D 	 KED_D 	 K_D 	 Eb_U 	 Ea_U 	 Ep_U 	 phi_d_U 	 phi_z_U 	 KED_U 	 K_U 
931.4999999968353	0.0	29889733009.940624	29889733009.940624	3.0559832398146834e-06	-699.7637663510214	4.1088948973285777e-07	-7.997603833865814	0.015229352928830795	7676.893286400523	0.0	56518305.9629233	56518305.9629233	6.892356999079339e-06	22732.34292794293	8.622490435966787e-06	0.002765733369178547	0.0	77708857.63674869	77708857.63674869	8.474450954066505e-07	-22206.313995325625	2.4732665328143314e-06	0.001956056990508492
971.999999996645	0.0	29889726657.270386	29889726657.270386	3.1686419181454786e-06	-1049.0877374894758	4.1224173972750495e-07	-8.00369408945687	0.015777956482362777	7701.954077328255	0.0	56518637.53241609	56518637.53241609	7.962449994295569e-06	22206.462799642635	8.738623553687116e-06	0.0032128928406328066	0.0	77708887.05716217	77708887.05716217	8.36555406341231e-07	-22243.23810430192	2.401323527444383e-06	0.0018861308369936473
1012.4999999964547	0.0	29889718305.900726	29889718305.900726	3.252710320395811e-06	-1409.7593671602867	4.137157511132352e-07	-8.018170926517572	0.016182959757378074	7729.746877394809	0.0	56518978.2579366	56518978.2579366	9.845151276506497e-06	21646.18627787281	8.844621398046712e-06	0.004031384181130268	0.0	77708912.88140795	77708912.88140795	8.222451611204701e-07	-22228.37459273007	2.3339436318893967e-06	0.0018178043361012023
1052.9999999968138	0.0	29889707634.510048	29889707634.510048	3.2733801181782186e-06	-1754.643563525451	4.154923745681223e-07	-8.030551118210862	0.0162717544630667	7764.12120981652	0.0	56519298.198716104	56519298.198716104	1.1145715573518192e-05	21120.665491805074	8.980856361968578e-06	0.004586218913706363	0.0	77708934.97805467	77708934.97805467	8.082313627605509e-07	-22182.578225859063	2.271846952434611e-06	0.0017524775494175096
1093.499999997391	0.0	29889694485.87225	29889694485.87225	3.084682705917838e-06	-2054.1434518328983	4.169615503757704e-07	-8.04253194888179	0.015319954122513761	7793.045535371762	0.0	56519596.632570386	56519596.632570386	9.734646536618204e-06	20717.202581060643	9.118324686510025e-06	0.004008143928825484	0.0	77708953.34163946	77708953.34163946	7.985759941844227e-07	-22112.555143655864	2.2149142965543246e-06	0.001699301065304092
1133.999999997968	0.0	29889678857.46561	29889678857.46561	2.856734480607203e-06	-2281.166379144969	4.1804809502391744e-07	-8.054213258785943	0.014174687137891058	7815.310388956915	0.0	56519885.48802151	56519885.48802151	7.901130519413763e-06	20514.670702607757	9.241687149391903e-06	0.0032260470710818055	0.0	77708968.09646787	77708968.09646787	7.894780818908318e-07	-22027.653225921767	2.1626722364121024e-06	0.001653891091858032
1174.499999998545	0.0	29889660967.23118	29889660967.23118	2.76631735023696e-06	-2421.1334796929145	4.183382392294953e-07	-8.075279552715655	0.013712901977729265	7822.053748718043	0.0	56520160.439288884	56520160.439288884	6.762671161417594e-06	20554.050500933918	9.31475916535261e-06	0.0027566353536379036	0.0	77708979.38630316	77708979.38630316	7.800685007679129e-07	-21934.558148883887	2.1143373345306335e-06	0.0016122906334377954
1214.999999999122	0.0	29889641223.79642	29889641223.79642	2.6990630851100405e-06	-2473.995878338447	4.1824912085361033e-07	-8.09844249201278	0.01336641755476718	7821.693982727911	0.0	56520438.0629597	56520438.0629597	5.706473197498562e-06	20832.91007126722	9.356278170710936e-06	0.002352785334552299	0.0	77708987.39777657	77708987.39777657	7.749723410234349e-07	-21837.807404364365	2.068858839108649e-06	0.0015872372483348583
1255.4999999996992	0.0	29889620088.740334	29889620088.740334	2.687719584097509e-06	-2447.1193275214955	4.187441318553648e-07	-8.123801916932907	0.013296928540791819	7832.252006591102	0.0	56520739.407205984	56520739.407205984	5.099375119198153e-06	21327.76029717908	9.399342358272383e-06	0.0021297147871585094	0.0	77708992.32054964	77708992.32054964	7.698577620881935e-07	-21741.78215986656	2.0255793181740533e-06	0.001568935355250653
1296.0000000002763	0.0	29889598057.33744	29889598057.33744	2.6912557287518085e-06	-2354.815502154384	4.1960519572257757e-07	-8.145666932907348	0.013300904353316968	7849.165722395424	0.0	56521049.32366182	56521049.32366182	4.816718777917036e-06	21982.872206851884	9.471770164331698e-06	0.002031424231202078	0.0	77708994.27436593	77708994.27436593	7.681491760942006e-07	-21649.002096338354	1.983995124234355e-06	0.0015619823534108867
1336.5000000008533	0.0	29889575611.319206	29889575611.319206	2.735157696507988e-06	-2215.8174774417193	4.2139668920480066e-07	-8.168530351437699	0.013503966037148768	7884.179644650118	0.0	56521337.77730079	56521337.77730079	4.617718919872705e-06	22644.923289064813	9.580656545753534e-06	0.0019453842855541516	0.0	77708993.3431821	77708993.3431821	7.65349839280498e-07	-21560.281285779252	1.943793162889982e-06	0.001561323331127557
1377.0000000014304	0.0	29889553271.03215	29889553271.03215	2.8228371619472377e-06	-2059.7961825812645	4.230287600193418e-07	-8.20077875399361	0.013922524841560997	7916.426893214343	0.0	56521631.8310643	56521631.8310643	4.449659988647612e-06	23147.78145397697	9.675401316268572e-06	0.0018691613684342727	0.0	77708989.63251463	77708989.63251463	7.595020597082421e-07	-21475.109573285168	1.9049362777212921e-06	0.0015655879924967248
1417.5000000020075	0.0	29889531283.06963	29889531283.06963	2.831854961465451e-06	-1919.475077235313	4.2364942231113816e-07	-8.218949680511182	0.01395284585171893	7929.159770945267	0.0	56521933.46661706	56521933.46661706	4.227043678623665e-06	23555.888635659336	9.720297516006943e-06	0.0017735850397085455	0.0	77708983.30058163	77708983.30058163	7.52712712846871e-07	-21395.76554915984	1.8674092102806388e-06	0.0015769176534347802
1458.0000000025846	0.0	29889509489.911377	29889509489.911377	2.772493480402687e-06	-1789.4060482501109	4.2393771011130434e-07	-8.23871805111821	0.013646376795447215	7935.488412647873	0.0	56522217.565847605	56522217.565847605	4.000013571067571e-06	24039.367205629962	9.762660821696955e-06	0.001679828393850449	0.0	77708974.62780489	77708974.62780489	7.385318995305158e-07	-21317.51285725976	1.8311523754090255e-06	0.0015809192952628576
1498.5000000031616	0.0	29889487842.80226	29889487842.80226	2.7540075567054752e-06	-1647.0665216197763	4.2408651713288676e-07	-8.260083865814696	0.013541582284931871	7939.022177316883	0.0	56522502.03424157	56522502.03424157	3.868528852408327e-06	24516.89304249936	9.799778031113611e-06	0.001629563689765779	0.0	77708964.0307762	77708964.0307762	7.281671204639638e-07	-21210.599318885543	1.7958319148243818e-06	0.0015983490391584996
1539.0000000037387	0.0	29889466620.285645	29889466620.285645	2.931256655600603e-06	-1512.3994494611102	4.2417172294877756e-07	-8.281948881789138	0.014398771138134484	7941.117411900246	0.0	56522814.87924135	56522814.87924135	3.900500680703353e-06	24699.971334998365	9.832525673945776e-06	0.0016534896064349252	0.0	77708952.10365745	77708952.10365745	7.208534774279918e-07	-21142.95525551511	1.7609376950083848e-06	0.0016258701931419674
1579.5000000043158	0.0	29889445954.05956	29889445954.05956	3.079251703562707e-06	-1433.5243236354863	4.241812429451899e-07	-8.30211661341853	0.015111365823443999	7941.660455180855	0.0	56523156.904911496	56523156.904911496	4.021493249230062e-06	24427.1564769951	9.86519212418236e-06	0.0017149818384840033	0.0	77708939.69561973	77708939.69561973	7.150595957818394e-07	-21189.043171323494	1.726075186901196e-06	0.0016539351612139892
1620.0000000048929	0.0	29889425372.713146	29889425372.713146	3.1331177168517793e-06	-1421.9022562889938	4.243543141177516e-07	-8.327376198083067	0.015361462117884228	7945.331208788122	0.0	56523497.88713318	56523497.88713318	4.071869956672092e-06	23960.219200093703	9.902097034577606e-06	0.001742275651223905	0.0	77708927.68392682	77708927.68392682	7.123311878408251e-07	-21212.193229203258	1.690709091508591e-06	0.0016794939241029025
1660.50000000547	0.0	29889404057.98155	29889404057.98155	3.1985503223883817e-06	-1418.274964668683	4.248698942545357e-07	-8.348142971246006	0.015667226086791282	7955.579089381923	0.0	56523813.83144304	56523813.83144304	4.006600670025011e-06	23627.41957983503	9.951623485206941e-06	0.0017151596062636248	0.0	77708916.77543667	77708916.77543667	7.119599494388647e-07	-21117.548990669755	1.6541195546739826e-06	0.0017006571733334751
1701.000000006047	0.0	29889381649.161995	29889381649.161995	3.227760235239863e-06	-1356.1218300689611	4.256275119241731e-07	-8.370207667731629	0.01579507304751539	7970.4375786453165	0.0	56524097.25590848	56524097.25590848	3.927146779219812e-06	23546.199376982655	1.0026238082128809e-05	0.0016919617253464542	0.0	77708907.48859766	77708907.48859766	7.15402309408995e-07	-20953.238259352514	1.615728672138973e-06	0.0017262395485071042
1741.500000006624	0.0	29889358494.268173	29889358494.268173	3.2745466089145887e-06	-1234.074789183992	4.2634016816452664e-07	-8.391873003194888	0.016008698395789327	7984.415888972111	0.0	56524362.31613642	56524362.31613642	3.924154694529071e-06	23655.739919071053	1.0109869860280181e-05	0.001704624412051431	0.0	77708900.14588895	77708900.14588895	7.211591085847933e-07	-20787.29186663563	1.5753018077694063e-06	0.0017636409174732308
1782.0000000072012	0.0	29889335133.904438	29889335133.904438	3.3902108162170247e-06	-1142.3797245921592	4.266054461708439e-07	-8.418929712460065	0.016558779372903593	7989.85326977415	0.0	56524624.812021926	56524624.812021926	3.95129596460232e-06	23545.056339409246	1.016580156657492e-05	0.0017260988012646075	0.0	77708894.87170914	77708894.87170914	7.285379762315116e-07	-20628.924948013824	1.5330274944464177e-06	0.0018187612881359083
1822.5000000077782	0.0	29889302475.983196	29889302475.983196	2.8653019027097452e-06	-36.763797595868894	4.2455043004297046e-07	-8.45257587859425	0.01398613415486044	7950.722982639458	0.0	56524885.65516237	56524885.65516237	3.883384426443025e-06	23546.611375501052	1.0217279105067841e-05	0.0017038123049527404	0.0	77708891.66299883	77708891.66299883	7.412522332505352e-07	-20521.62713759223	1.4887868968549374e-06	0.0019122644764595221
1863.0000000083553	0.0	29889278391.94099	29889278391.94099	2.9213001963659235e-06	-37.17548206693153	4.265921909513927e-07	-8.477835463258787	0.014251441996880367	7990.704696809047	0.0	56525139.77618167	56525139.77618167	3.7866516924051394e-06	23461.216065664557	1.027317366933971e-05	0.0016671141667584355	0.0	77708890.30246185	77708890.30246185	7.578254828800984e-07	-20297.474587522203	1.4452904697859348e-06	0.002026620284768876
1903.5000000089324	0.0	29889253298.99453	29889253298.99453	2.9388580490516183e-06	-34.528805672421335	4.275500918534393e-07	-8.503294728434504	0.014328883281100628	8009.699309713706	0.0	56525385.00342135	56525385.00342135	3.8096409793122524e-06	23719.142426650928	1.0335322243601493e-05	0.0016847894261017556	0.0	77708890.57218736	77708890.57218736	7.805764685385192e-07	-20034.06116130962	1.401967633414078e-06	0.002165845365930478
1944.0000000095094	0.0	29889227484.30881	29889227484.30881	2.9808101636783523e-06	-33.84669971792006	4.2789955294561533e-07	-8.53035143769968	0.014525897046809327	8017.022734541255	0.0	56525612.61871632	56525612.61871632	3.90429424604085e-06	23816.720266386656	1.0387718413405277e-05	0.001735302607105923	0.0	77708892.31572407	77708892.31572407	8.169288969337913e-07	-19735.751413251302	1.3597384306941547e-06	0.0023327269684762196
1984.5000000100865	0.0	29889201672.00637	29889201672.00637	3.0119289111060717e-06	-30.693322892185524	4.283299572861242e-07	-8.55501198083067	0.01467165600572302	8025.822489175447	0.0	56525819.69473397	56525819.69473397	3.9683661371987185e-06	23729.81644112579	1.0439120186585786e-05	0.001776039814928157	0.0	77708895.40294112	77708895.40294112	8.664086928635676e-07	-19412.079144092775	1.3193347174515315e-06	0.0025265134422763655
2025.0000000106636	0.0	29889175610.91117	29889175610.91117	2.9793408153239646e-06	-29.31395732760254	4.290387604222694e-07	-8.585463258785943	0.014509198702682627	8039.813402884203	0.0	56526012.875067085	56526012.875067085	4.019498103671024e-06	23871.869688345767	1.0503783743011124e-05	0.0018062889548720177	0.0	77708899.70673358	77708899.70673358	9.248339603637284e-07	-19081.21879171265	1.280806499016507e-06	0.0027256349145142198
2065.5000000105774	0.0	29889148759.158836	29889148759.158836	2.957977214615543e-06	-28.58229992812664	4.298801098145511e-07	-8.609225239616613	0.014402466807500602	8056.334801516823	0.0	56526193.16552082	56526193.16552082	4.043916081294953e-06	23707.670436355947	1.056424598388253e-05	0.0018207550156252516	0.0	77708905.07470898	77708905.07470898	9.686160588061326e-07	-18771.45361268845	1.2430538093779576e-06	0.0028561618177898917
2106.0000000096197	0.0	29889121740.28965	29889121740.28965	2.9768533521500028e-06	-28.22025900474251	4.303594407429103e-07	-8.638678115015974	0.014492739367306055	8065.884447308289	0.0	56526348.620036714	56526348.620036714	4.049406040437914e-06	23630.705548500962	1.0628475079432544e-05	0.00182516986644853	0.0	77708911.25675038	77708911.25675038	1.0032031039678538e-06	-18487.718729727916	1.2053665015672339e-06	0.002934896880858319
2146.500000008662	0.0	29889094314.29168	29889094314.29168	2.9668914451106413e-06	-26.927712917460063	4.310774135994194e-07	-8.66583466453674	0.014442840783631014	8079.97361826875	0.0	56526496.91407269	56526496.91407269	4.139565377766313e-06	23860.581101201315	1.0700812640195246e-05	0.0018746840682228047	0.0	77708918.07664661	77708918.07664661	1.0397968694191487e-06	-18090.764248324318	1.1684425815606946e-06	0.002997503750656817
2187.0000000077043	0.0	29889066561.125626	29889066561.125626	2.9168576677636597e-06	-25.94398919897173	4.3168919562779976e-07	-8.694588658146964	0.014199102622269063	8092.066764463384	0.0	56526640.43164679	56526640.43164679	4.257399671386493e-06	23850.46774270551	1.0775052800152523e-05	0.001935165111714751	0.0	77708925.80666733	77708925.80666733	1.0689653319032444e-06	-17276.278378147697	1.129788662716336e-06	0.003044642595678714
2227.5000000067466	0.0	29889038701.343304	29889038701.343304	2.888580324198537e-06	-26.80532521152905	4.321932557925836e-07	-8.725838658146964	0.01406391660207061	8101.955856278741	0.0	56526767.81617704	56526767.81617704	4.286090378037342e-06	23937.464221380596	1.0851054008030136e-05	0.0019513844747090488	0.0	77708935.0867846	77708935.0867846	1.0615651586788645e-06	-16097.38977797428	1.0850317153939713e-06	0.0029935202554207444
2268.000000005789	0.0	29889010655.285896	29889010655.285896	2.882228987575271e-06	-27.3927555554474	4.3256260292343444e-07	-8.751297923322683	0.01403729302652666	8109.327360400803	0.0	56526878.0469363	56526878.0469363	4.258117129031293e-06	23912.767218157198	1.0925688329935738e-05	0.0019423989820169735	0.0	77708945.69336304	77708945.69336304	1.0319449496764654e-06	-15174.905723063343	1.0363712607806038e-06	0.002881375818171538
2308.5000000048312	0.0	29888982597.72471	29888982597.72471	2.888634512622642e-06	-29.471036859468587	4.32988752753396e-07	-8.78035143769968	0.014074444028914416	8117.796874219517	0.0	56526974.27849644	56526974.27849644	4.262966592408945e-06	23857.814596985372	1.1010509346685392e-05	0.001950343454750862	0.0	77708956.62140037	77708956.62140037	1.0035361200043397e-06	-14137.164357823542	9.907504656472523e-07	0.0027909602482055493
2349.0000000038735	0.0	29888954178.775177	29888954178.775177	2.8739251308000044e-06	-32.16873709872839	4.336987756387806e-07	-8.806210063897764	0.014009724498417427	8131.6281114788635	0.0	56527058.22226742	56527058.22226742	4.328108270221227e-06	23967.735070851857	1.1092919554857266e-05	0.0019806243558292288	0.0	77708967.5978174	77708967.5978174	9.804274655818942e-07	-12598.059504294397	9.507215819800925e-07	0.002722067556191564
2389.500000002916	0.0	29888925549.020912	29888925549.020912	2.8422317362781965e-06	-34.4200889225162	4.3439690565298286e-07	-8.838158945686901	0.013863161541564528	8145.228824624642	0.0	56527139.259309255	56527139.259309255	4.397326278061122e-06	24047.684664369794	1.1168181105819935e-05	0.0020126431442479527	0.0	77708978.43889529	77708978.43889529	9.61111997436932e-07	-11091.571732845388	9.166142638536015e-07	0.0026702457512725493
2430.000000001958	0.0	29888896897.41537	29888896897.41537	2.8155793304644934e-06	-35.52963001551829	4.352580871105418e-07	-8.864716453674122	0.01374043220758896	8161.873161215868	0.0	56527211.29478468	56527211.29478468	4.433496579679325e-06	24056.507234566492	1.1249198242857368e-05	0.0020300513845197344	0.0	77708989.05099717	77708989.05099717	9.429826004021664e-07	-9242.477192987637	8.851942901948109e-07	0.0026295561200257254
2470.5000000010004	0.0	29888868252.09279	29888868252.09279	2.8048776412990565e-06	-35.43910864855059	4.361993259268735e-07	-8.894768370607029	0.013693655385673435	8179.962298306017	0.0	56527271.76394314	56527271.76394314	4.4690326123866545e-06	24079.145915006364	1.1335105074978296e-05	0.0020459893839499393	0.0	77708999.71288592	77708999.71288592	9.223300886116617e-07	-7276.380621895044	8.524268469121256e-07	0.0025789739240801696
2511.0000000000427	0.0	29888839549.72447	29888839549.72447	2.776449505145783e-06	-35.9754389287079	4.371040110546082e-07	-8.922823482428115	0.013559262004528201	8197.257706917777	0.0	56527323.74101467	56527323.74101467	4.523198820621812e-06	24074.465428742544	1.1417467952584859e-05	0.0020733382354627115	0.0	77709010.46089539	77709010.46089539	8.998547942963059e-07	-5157.731567941862	8.184918871722172e-07	0.0025284838858854867
2551.499999999085	0.0	29888810898.691048	29888810898.691048	2.7564813653720705e-06	-36.74124997312724	4.381729495718212e-07	-8.95257587859425	0.013467660745354262	8217.621146209465	0.0	56527364.10464609	56527364.10464609	4.556597298417503e-06	24082.561259466704	1.150534015761999e-05	0.0020895834102868	0.0	77709021.11740738	77709021.11740738	8.814159441564194e-07	-3019.5290614342184	7.845441580686672e-07	0.0024866114597688403
2591.9999999981274	0.0	29888782303.160637	29888782303.160637	2.73588859537915e-06	-37.25185236153225	4.392971379630777e-07	-8.979532747603834	0.013373282748601096	8239.25084030274	0.0	56527395.462632194	56527395.462632194	4.5896582616894446e-06	24143.807688139357	1.158966726943306e-05	0.002104749264317644	0.0	77709031.49176574	77709031.49176574	8.527909090755586e-07	-1032.8251196698457	7.512380589974578e-07	0.002419358118723164
2632.4999999971697	0.0	29888753793.410927	29888753793.410927	2.691397535355832e-06	-37.08488728059241	4.4039755056174596e-07	-9.00658945686901	0.013162269942162625	8260.66209130127	0.0	56527423.256158546	56527423.256158546	4.634426763640049e-06	24241.36415797798	1.1664055800693937e-05	0.0021243011304889537	0.0	77709041.56615883	77709041.56615883	8.071098640255295e-07	640.7669937675566	7.188022164667812e-07	0.002298926173481109
2672.999999996212	0.0	29888725487.87056	29888725487.87056	2.667042994579614e-06	-36.85871262745397	4.417395572945107e-07	-9.037140575079873	0.0130501115817211	8286.521687548431	0.0	56527444.91582771	56527444.91582771	4.660844903763726e-06	24250.12857628608	1.1740462213856537e-05	0.0021374607901494106	0.0	77709051.38955802	77709051.38955802	7.682322962483204e-07	1850.9611370084554	6.870155592212545e-07	0.0021955957775840764
2713.4999999952543	0.0	29888697463.268776	29888697463.268776	2.636217680134651e-06	-36.16368329411108	4.4340234528836003e-07	-9.063997603833865	0.012906056208992626	8318.239568852265	0.0	56527459.59053895	56527459.59053895	4.65888741464236e-06	24244.330901641122	1.1822165428175454e-05	0.002137952441967381	0.0	77709060.91135845	77709060.91135845	7.332554630347141e-07	2500.700492632225	6.563884561918115e-07	0.00210289304400125
2753.9999999942966	0.0	29888669640.920864	29888669640.920864	2.623723071514497e-06	-35.73372489507332	4.4545077440267524e-07	-9.087360223642172	0.012851556234362604	8357.080173142062	0.0	56527469.68408246	56527469.68408246	4.684079802918375e-06	24183.273834666674	1.1910218072786621e-05	0.002150869609598226	0.0	77709070.06850919	77709070.06850919	7.142700500184133e-07	2545.786654738016	6.281945274298642e-07	0.002055741013786856
2794.499999993339	0.0	29888642016.757957	29888642016.757957	2.6246596296871555e-06	-35.100323405953816	4.480518226602688e-07	-9.117012779552716	0.01286281861230382	8406.249113118965	0.0	56527472.32892948	56527472.32892948	4.685601934500811e-06	24065.245566055102	1.2008083374624952e-05	0.00215132603570748	0.0	77709078.71858197	77709078.71858197	7.001173448328378e-07	1997.6754231094326	6.041343365274681e-07	0.0020227900583327523
2834.999999992381	0.0	29888614590.836227	29888614590.836227	2.614402973657602e-06	-33.891157549479644	4.511597487115167e-07	-9.14197284345048	0.012819157729245608	8464.911056628931	0.0	56527469.924955815	56527469.924955815	4.696139588785889e-06	24084.36435707918	1.2112825768546155e-05	0.0021549406599455844	0.0	77709086.85916957	77709086.85916957	6.901943782907239e-07	921.013937452524	5.847442622761032e-07	0.002002743836444633
2875.4999999914235	0.0	29888587339.019337	29888587339.019337	2.6108741657530136e-06	-32.23670867856163	4.5481171277689756e-07	-9.171825079872205	0.01280842394316799	8533.860538646255	0.0	56527462.3561527	56527462.3561527	4.702278929808721e-06	24175.072790229606	1.2220582113880527e-05	0.002154115755453009	0.0	77709094.60790327	77709094.60790327	6.862045662533752e-07	-575.9103672332886	5.699992297587646e-07	0.001999472192663254
2915.9999999904658	0.0	29888560269.05231	29888560269.05231	2.62502333075853e-06	-30.037447004934474	4.5905130003846205e-07	-9.200179712460065	0.012884275791036617	8614.02673329695	0.0	56527447.360864185	56527447.360864185	4.7044230568206724e-06	24035.804288244806	1.2331293599515554e-05	0.0021510151644722683	0.0	77709102.05639628	77709102.05639628	6.894743605122026e-07	-2352.7373911019604	5.592339678336494e-07	0.002015596592729928
2969.999999989189	0.0	29888524550.81625	29888524550.81625	2.645062354452767e-06	-26.413651568033384	4.6582724406021826e-07	-9.233226837060704	0.012990840720615396	8742.387215863131	0.0	56527422.835255735	56527422.835255735	4.691675243450042e-06	23777.029821415523	1.2483888129003275e-05	0.00214010815820187	0.0	77709111.59634972	77709111.59634972	6.981238862376521e-07	-4859.304158315364	5.498624114166249e-07	0.0020469355358158532
