5.266732902966425
Time 	 Eb 	 Ea 	 Ep 	 phi_d 	 phi_z 	 KED 	 MLD 	 K 	 E_k 	 Eb_D 	 Ea_D 	 Ep_D 	 phi_d_D 	 phi_z_D 	 KED_D 	 K_D 	 Eb_U 	 Ea_U 	 Ep_U 	 phi_d_U 	 phi_z_U 	 KED_U 	 K_U 
0.0	0.0	29042292183.86097	29042292183.86097	7.8833988633295e-06	0.0	0.0	-8.240615015974441	0.040329249908897406	0.0	0.0	1848236522.445575	1848236522.445575	0.10468519897159839	0.0	0.0	227.6080200330396	0.0	2541343175.571665	2541343175.571665	0.06798192166991315	0.0	0.0	147.80532584830001
40.50000000000131	0.0	29042281794.40078	29042281794.40078	0.000664032676467819	-1366.5073770446506	7.976426516135904e-08	-8.313997603833865	2.9725545068759036	1331.1054392290093	0.0	1848225853.3973446	1848225853.3973446	0.004382379403974781	21264.20044731893	2.6124114306050504e-07	7.896078655469617	0.0	2541332388.642583	2541332388.642583	0.004975078825295591	-21355.26650769947	2.03071311117036e-07	9.38816471619612
81.00000000000284	0.0	29042276588.0555	29042276588.0555	0.00039308447830944737	-1748.8606877428024	2.288104898332507e-07	-8.318490415335463	1.5568152405960591	3841.9958394872256	0.0	1848226812.5507698	1848226812.5507698	0.0014165051182851774	83692.97697194428	7.387468540838935e-07	2.1657120796004756	0.0	2541329925.1973286	2541329925.1973286	0.006074918345258479	-84122.00018675036	5.870862777957718e-07	10.125606094671845
121.50000000000438	0.0	29042271050.179424	29042271050.179424	0.0003907446794777133	-1923.2736568957762	2.8109956934428503e-07	-8.32388178913738	1.4869875262899863	4670.593512473229	0.0	1848230471.889286	1848230471.889286	0.009477812880566098	185071.30470590072	9.039309006707072e-07	13.80269864968391	0.0	2541324295.0841417	2541324295.0841417	0.017948362635712325	-185969.2860135861	7.086759310992781e-07	28.916546466473047
162.0000000000059	0.0	29042265426.596626	29042265426.596626	0.0005206360222158371	-2085.3830848670627	3.6055725779374785e-07	-8.327476038338657	2.0034325990480784	5912.9146487369835	0.0	1848238606.0134478	1848238606.0134478	0.0018860601869708847	325141.2215590597	1.1016016696610637e-06	2.9133531083962	0.0	2541314335.604594	2541314335.604594	0.006224253550171558	-326467.7522411663	9.131102471918871e-07	10.235548861237294
202.50000000000745	0.0	29042258773.987885	29042258773.987885	0.002148619110081424	-1944.6580819793544	5.371511743194223e-07	-8.327775559105431	8.636102976501848	8741.63836578479	0.0	1848252240.578765	1848252240.578765	0.0009487457508937846	512477.5979985795	1.665877248217891e-06	1.582105231745303	0.0	2541299125.2863	2541299125.2863	0.0014163107207390345	-514017.69781568093	1.2936807592912986e-06	2.387687442457761
243.00000000000898	0.0	29042252382.60977	29042252382.60977	0.003140729057972827	-2162.5236952795876	9.019432771502814e-07	-8.319588658146964	12.811051219278916	14439.488254594844	0.0	1848272900.6835177	1848272900.6835177	0.0009055702246629933	604492.746306994	2.856325882622101e-06	1.510119681529122	0.0	2541277958.394146	2541277958.394146	0.0010569324301170646	-605912.0197496068	2.0832280597930643e-06	2.0287882974336027
283.49999999988023	0.0	29042244659.29944	29042244659.29944	0.004837826934029157	-2408.346513555721	1.2173040727761784e-06	-8.31908945686901	20.037806269803646	19877.48301950425	0.0	1848299117.119978	1848299117.119978	0.000989367930818562	828114.1224064124	3.7375652870217827e-06	1.6758736057616421	0.0	2541252445.106799	2541252445.106799	0.0009299980856950827	-829176.8901799	2.7990505736806564e-06	1.8302033829307065
323.9999999996899	0.0	29042238011.977383	29042238011.977383	0.004268448662297249	-2609.905503056094	1.5800557552285801e-06	-8.324380990415335	16.9972581438846	26539.966834700263	0.0	1848332154.020514	1848332154.020514	0.0008983548124445224	1037009.7116994263	4.681131967954828e-06	1.5347268679848747	0.0	2541222666.536465	2541222666.536465	0.000724842889517635	-1037682.4835319744	3.6511897807957282e-06	1.2910679233570233
364.4999999994996	0.0	29042233148.333263	29042233148.333263	0.004446222869801468	-2942.426636417833	1.9686635318772757e-06	-8.342452076677317	16.921356113012827	33701.13758799866	0.0	1848370061.0227458	1848370061.0227458	0.0011103847927995609	1240136.9074389366	5.813434202043635e-06	1.9258892887358787	0.0	2541191410.59505	2541191410.59505	0.001448937987601961	-1240823.4090629166	4.448376620411797e-06	2.3084526148879405
404.9999999993093	0.0	29042230427.94388	29042230427.94388	0.0023228133104639644	-3462.7210539545854	2.492874671626438e-06	-8.35982428115016	8.538308322412167	43425.93478886211	0.0	1848409874.5431476	1848409874.5431476	0.0023720557019963062	1443995.6472027153	7.353462903630699e-06	4.1048343354143695	0.0	2541161722.965687	2541161722.965687	0.007336037472371896	-1445912.3919483973	5.5866440566466145e-06	10.968559663223147
445.499999999119	0.0	29042228134.940075	29042228134.940075	0.004598129965561356	-4555.577692051074	3.0188317588016574e-06	-8.374301118210862	16.664560972247575	53213.92165090041	0.0	1848446328.4701304	1848446328.4701304	0.0029664167737012245	1646629.7684083548	9.37799397876176e-06	4.848805240334453	0.0	2541137442.416524	2541137442.416524	0.008423189746762358	-1652193.0864955066	6.365970645472312e-06	12.781758035293747
485.9999999989287	0.0	29042224731.359486	29042224731.359486	0.0028549540475552495	-6295.125010189104	3.4264451925140003e-06	-8.391873003194888	10.501992916528483	60602.680798024805	0.0	1848475477.9997888	1848475477.9997888	0.0027307848029646	1828944.6440119538	1.086968375411289e-05	4.284568848788397	0.0	2541119964.9660006	2541119964.9660006	0.009930950827339045	-1840661.1602606615	6.952022257818554e-06	15.869495907327078
526.4999999987384	0.0	29042217117.90114	29042217117.90114	0.004713778383209485	-8105.1223820803625	3.853502487110532e-06	-8.421525559105431	17.509024032330707	68609.65742540639	0.0	1848496291.6314995	1848496291.6314995	0.0022224451714341798	1983749.5690839845	1.1868279450515234e-05	3.506836196222935	0.0	2541107697.1898804	2541107697.1898804	0.013062130108012474	-2004217.375248589	8.01124100198449e-06	21.541975645188334
566.9999999985481	0.0	29042197601.62613	29042197601.62613	0.004954421499214691	-10439.364505392612	4.364349473272686e-06	-8.442791533546325	18.68742902916647	77496.06646404177	0.0	1848505924.5199378	1848505924.5199378	0.002009713812656469	2107762.1102990666	1.3674029199028127e-05	3.0894412710321513	0.0	2541099441.7513294	2541099441.7513294	0.01706704841985523	-2146070.506989795	8.932635718879714e-06	31.099989434408
607.4999999983578	0.0	29042162099.36687	29042162099.36687	0.004684504356622577	-14270.82388875816	4.656446538654671e-06	-8.482727635782748	18.361915598198262	82747.88302675066	0.0	1848504517.0692577	1848504517.0692577	0.0016949554924872898	2194365.669533166	1.4474579251247144e-05	2.7208757838128594	0.0	2541092619.64914	2541092619.64914	0.016393293978489088	-2257070.80550896	9.552179767389613e-06	30.59931165490814
647.9999999981675	0.0	29042105827.12992	29042105827.12992	0.0035402896404533716	-18244.376230643542	5.029282898691053e-06	-8.549021565495208	14.036115783007492	89248.93648332785	0.0	1848491265.9823127	1848491265.9823127	0.0019157064971777	2269808.407042211	1.6134332156392836e-05	3.0428781887438046	0.0	2541087114.528512	2541087114.528512	0.02166087396417318	-2353687.464001504	9.986240589507954e-06	40.919904195975604
688.4999999979772	0.0	29042024377.211758	29042024377.211758	0.004531832207801723	-20855.039718931508	5.264318343102171e-06	-8.62699680511182	18.27832641999541	93531.72048197345	0.0	1848465925.0647933	1848465925.0647933	0.002208289727223131	2323561.961978457	1.7122580097989087e-05	3.63258257484585	0.0	2541082815.617893	2541082815.617893	0.018018510379321402	-2425922.0082102413	1.0273079125806167e-05	34.28243735953978
728.9999999977869	0.0	29041916377.56352	29041916377.56352	0.005511691110572733	-23640.210142379106	5.390353420706081e-06	-8.744109424920127	22.492381316934345	96075.8051014706	0.0	1848427544.661701	1848427544.661701	0.002379068475740891	2333177.051777864	1.7582640313929942e-05	3.98580468637406	0.0	2541077566.9609203	2541077566.9609203	0.022798913969519316	-2465662.1210749997	1.0453571076994582e-05	43.60381858128394
769.4999999975965	0.0	29041776449.240135	29041776449.240135	0.00565802313187146	-28152.63618028699	5.562621014351158e-06	-8.869009584664537	23.208628872934128	99241.36229645139	0.0	1848389393.447753	1848389393.447753	0.002875518741095531	2393777.1100902157	1.8399583002797763e-05	4.943537229815145	0.0	2541070819.334304	2541070819.334304	0.015178100852252605	-2492084.0896103187	1.0536502161232283e-05	29.1581276568347
809.9999999974062	0.0	29041636483.18042	29041636483.18042	0.004873897593063781	-21917.858323232525	5.664542124497256e-06	-9.005091853035143	20.84590681555498	100670.78148454857	0.0	1848331585.8162355	1848331585.8162355	0.0021185583974938664	2452967.9666336966	1.9130735874599572e-05	3.6687076423478144	0.0	2541062745.0389266	2541062745.0389266	0.03274604541527466	-2514616.588478047	1.0518000952131572e-05	63.047979873978974
850.4999999972159	0.0	29041453550.382156	29041453550.382156	0.0055804218330308426	-18853.39510306376	5.765877181475498e-06	-9.187000798722044	23.968995183849934	102477.40631443803	0.0	1848286632.8871076	1848286632.8871076	0.0022307789404684636	2658913.666280051	1.9755390743313055e-05	3.924756390350861	0.0	2541053763.8506308	2541053763.8506308	0.06219705603746464	-2527736.995533849	1.0445390043715004e-05	119.66991512986422
890.9999999970256	0.0	29041310756.52922	29041310756.52922	0.004017758756609551	9954.494582144118	5.812005470706922e-06	-9.32288338658147	17.87239209239555	102823.39964855727	0.0	1848252242.3111608	1848252242.3111608	0.002513980795623685	2599940.4543799767	2.0113214930440957e-05	4.715627654323858	0.0	2541044228.307764	2541044228.307764	0.06583815672125072	-2534574.908433917	1.0347139991154962e-05	126.60477950043587
931.4999999968353	0.0	29041184498.999714	29041184498.999714	0.017766700541521598	-5256.518579206572	5.837332863577627e-06	-9.42991214057508	80.13776254997225	103267.79458553078	0.0	1848218873.019247	1848218873.019247	0.002566515380498774	2623428.426063169	2.0334618575942705e-05	4.835485942912884	0.0	2541034320.6154737	2541034320.6154737	0.06562847919702403	-2541879.385683419	1.0221775595211498e-05	126.17315292732926
971.999999996645	0.0	29041060859.597454	29041060859.597454	0.021473335253578262	-3523.5476904313473	5.785792216685266e-06	-9.536441693290735	97.4242988800521	102694.26772092316	0.0	1848187699.579694	1848187699.579694	0.0024601951053813886	2651847.020711601	2.0084036568297353e-05	4.661641652975252	0.0	2541024015.762912	2541024015.762912	0.06579773239082909	-2554960.9115918092	1.0066183417012157e-05	126.4500511121999
1012.4999999964547	0.0	29040939713.256104	29040939713.256104	0.03610728136725007	-3077.7818924130515	5.763644215682716e-06	-9.644369009584665	163.68402713741747	102191.56843273391	0.0	1848157417.8352408	1848157417.8352408	0.0028921614382172818	2688475.028182372	2.0125619894371536e-05	5.470421803373885	0.0	2541013130.6320233	2541013130.6320233	0.05910573798743733	-2582028.5823342884	9.87007705188632e-06	113.39875203866085
1052.9999999968138	0.0	29040820292.973442	29040820292.973442	0.030076678253831254	-3098.3665731471615	5.798910074137394e-06	-9.76507587859425	135.8435306997195	101328.63402765128	0.0	1848131289.265628	1848131289.265628	0.0028511499644736753	2711535.609341097	2.063670564192691e-05	5.352261928903665	0.0	2541001691.5320196	2541001691.5320196	0.05670760985060766	-2603768.123693588	9.671307962393496e-06	108.4533663880802
1093.499999997391	0.0	29040710852.33175	29040710852.33175	0.03067064630663684	-2264.9026137924257	5.780052698657481e-06	-9.873402555910543	138.98747141942565	101237.47359632625	0.0	1848113542.2005663	1848113542.2005663	0.0030131096843939538	2688384.2142408183	2.0737645203390713e-05	5.758933481304203	0.0	2540990384.327715	2540990384.327715	0.05461950346391875	-2600996.6833008416	9.512308949918528e-06	104.13429134662104
1133.999999997968	0.0	29040619560.411625	29040619560.411625	0.009220684112861718	-2857.781781973973	5.576451670825858e-06	-9.973841853035143	41.8696211732194	98202.07411200122	0.0	1848102840.8646042	1848102840.8646042	0.003224966041225563	2681443.5383381685	1.95614613666026e-05	6.17367581488127	0.0	2540979250.4177322	2540979250.4177322	0.04007017891111799	-2591840.1955879275	9.382410588908707e-06	76.2531341700917
1174.499999998545	0.0	29040526483.395355	29040526483.395355	0.004496489381223122	-3681.838595934539	5.487939943946315e-06	-10.092651757188499	20.462416400285576	97228.58735907014	0.0	1848079919.2267766	1848079919.2267766	0.0036246710679799345	2669197.9657298382	1.9064371676849978e-05	6.968738025751785	0.0	2540968550.651284	2540968550.651284	0.049162093191118625	-2585436.7927975086	9.260321421418567e-06	93.4184862296556
1214.999999999122	0.0	29040426552.837097	29040426552.837097	0.00551728346370914	-2543.8294754600684	5.516277572282817e-06	-10.219848242811501	25.101756643863396	98017.32574925802	0.0	1848065236.407299	1848065236.407299	0.0033197288318338007	2672768.8425979866	1.9505345773059033e-05	6.425300610587497	0.0	2540957896.43981	2540957896.43981	0.049237980361134165	-2586587.5211910876	9.120120623203572e-06	93.36493839132568
1255.4999999996992	0.0	29040344275.070305	29040344275.070305	0.0028569722368863527	-1090.3444132937157	5.536644675587657e-06	-10.31819089456869	12.946272651866083	97782.71502660733	0.0	1848042774.1319222	1848042774.1319222	0.00257014189820066	2708587.4701345	1.9819879585906875e-05	4.936528657634222	0.0	2540947233.562128	2540947233.562128	0.05190410298719813	-2590542.700467889	8.980161468101018e-06	98.15374730372432
1296.0000000002763	0.0	29040265388.38652	29040265388.38652	0.0033871849737037774	42.73778310724076	5.520119032600082e-06	-10.43280750798722	15.450943228433934	97485.35932715758	0.0	1848029297.5291753	1848029297.5291753	0.0023788559300723395	2664745.4948520567	1.988477804030754e-05	4.633700938272692	0.0	2540936549.4616823	2540936549.4616823	0.07228659677086399	-2604484.798238392	8.832010549208865e-06	135.97782937608838
1336.5000000008533	0.0	29040171655.30509	29040171655.30509	0.006126715351497492	-1739.743997863352	5.49761183485247e-06	-10.553714057507987	27.527846471908678	97034.31046631158	0.0	1848011395.7839837	1848011395.7839837	0.002380147489441071	2735750.345199777	1.988879558401516e-05	4.533489787774409	0.0	2540925627.4911695	2540925627.4911695	0.07966260526119734	-2631370.882457627	8.676415899312815e-06	148.7663691022845
1377.0000000014304	0.0	29040079596.034237	29040079596.034237	0.011405105749148867	-3189.8141094922357	5.56900392156927e-06	-10.672523961661343	51.073340556392345	97468.60529735562	0.0	1847988300.0804324	1847988300.0804324	0.0027085073299617504	2676973.599601075	2.0637111317278097e-05	5.107759194847005	0.0	2540914842.0239916	2540914842.0239916	0.05209515597028024	-2643471.030235411	8.53418006144195e-06	96.92467910308184
1417.5000000020075	0.0	29039968187.392845	29039968187.392845	0.005088356047164259	-4263.697107417585	5.3364452238025016e-06	-10.804512779552716	22.53092713111255	94310.67770728012	0.0	1847968130.322797	1847968130.322797	0.0031078850805145355	2682937.7834996413	1.9254038152631976e-05	5.793104347407818	0.0	2540904839.2311344	2540904839.2311344	0.03585023495526963	-2622458.144069379	8.453414863101285e-06	66.22483613634924
1458.0000000025846	0.0	29039860110.27697	29039860110.27697	0.0022354260064410903	2595.031973714482	5.245669757568985e-06	-10.946884984025559	9.958179054745084	93204.14263478159	0.0	1847964117.8587294	1847964117.8587294	0.0048587828769733905	2730714.8293172773	1.872476063938553e-05	9.327115621785495	0.0	2540895446.8940287	2540895446.8940287	0.036104518808789704	-2609667.30959762	8.392758310704838e-06	66.05339895937126
1498.5000000031616	0.0	29039831491.67385	29039831491.67385	0.0015941626177098395	408.68699938386777	5.151440770412502e-06	-11.070587060702875	7.036748830602589	92329.06240329945	0.0	1847957571.6063862	1847957571.6063862	0.004704622514496878	2589808.571415879	1.8174907227875106e-05	8.904470778081663	0.0	2540886438.894523	2540886438.894523	0.017039963029204745	-2601915.129680102	8.327465197287279e-06	31.02286122882163
1539.0000000037387	0.0	29039722828.305664	29039722828.305664	0.0010290858812851565	-5778.6948281657615	5.239064629224351e-06	-11.219049520766774	4.537630409565411	93318.5441388488	0.0	1847923632.16957	1847923632.16957	0.0048265607666409666	2747338.380778984	1.8893465213043097e-05	9.10877559581522	0.0	2540877473.3827024	2540877473.3827024	0.017370784912910504	-2604947.2316054385	8.227773155691665e-06	31.717939426806563
1579.5000000043158	0.0	29039616048.378834	29039616048.378834	0.0007170306046915009	2881.811628461089	5.265563635395655e-06	-11.295027955271566	3.123820178182139	93134.44217423662	0.0	1847899618.7230654	1847899618.7230654	0.0023054363472022115	2583944.1354233846	1.9176783976044335e-05	4.302715333596274	0.0	2540868709.3361588	2540868709.3361588	0.009236167754231809	-2603948.156262955	8.146761382345168e-06	16.68285643145489
1620.0000000048929	0.0	29039546638.840935	29039546638.840935	0.0005956131682400389	-4146.127052543796	5.104596568420928e-06	-11.434904153354633	2.5942891031651554	91358.48822723607	0.0	1847883809.5525167	1847883809.5525167	0.0016351558881202602	2494231.061361896	1.826352792304174e-05	3.0894828679809705	0.0	2540860182.2423983	2540860182.2423983	0.01295812184628816	-2606243.274327847	8.118340525386506e-06	23.07846206164321
1660.50000000547	0.0	29039446786.95759	29039446786.95759	0.0009470576213731976	-3191.230782946578	5.0610522105119075e-06	-11.572484025559106	4.139021353057285	89742.33821836876	0.0	1847874567.2128074	1847874567.2128074	0.0017355430194633775	2444017.5876415996	1.8009589391917033e-05	3.273754230068407	0.0	2540851931.328269	2540851931.328269	0.02567480220531109	-2605342.56007223	8.05338225178421e-06	45.50924377961611
1701.000000006047	0.0	29039375127.607635	29039375127.607635	0.000577688386323907	-10305.328941013595	5.069795152567273e-06	-11.58795926517572	2.4943774827551586	90006.44975188647	0.0	1847838382.433405	1847838382.433405	0.0010888530100083321	2444326.830712362	1.8180971378397388e-05	2.04615527388143	0.0	2540843970.460473	2540843970.460473	0.01640283490148988	-2603133.644886189	8.00848264852992e-06	28.58030669863828
1741.500000006624	0.0	29039271901.28357	29039271901.28357	0.0004715877830730132	-6851.1485608460425	5.0357039206061196e-06	-11.683107028753994	2.043416135961306	89636.54749787237	0.0	1847821856.4856951	1847821856.4856951	0.0007869369791653417	2328035.222953952	1.7926896238890588e-05	1.4998983429868957	0.0	2540836260.646483	2540836260.646483	0.00922636867413554	-2609744.5516417166	7.999013689487602e-06	15.967835326997202
1782.0000000072012	0.0	29039161208.289764	29039161208.289764	0.0004575426678455792	551.8882606998225	4.957126279965559e-06	-11.871505591054314	1.9818738843649113	88274.47482978432	0.0	1847835480.20893	1847835480.20893	0.0010261416728208285	2540629.9712089906	1.7462714352494993e-05	1.9468831844020773	0.0	2540828648.55731	2540828648.55731	0.01047949169662277	-2622118.525351317	7.931820799007818e-06	18.259437185475587
1822.5000000077782	0.0	29039207684.067455	29039207684.067455	0.00040463511620666113	535.3746970105071	5.019820866184078e-06	-11.734624600638977	1.7497711238754634	88575.1024731474	0.0	1847815840.5792608	1847815840.5792608	0.0009731148644568613	2412351.414293105	1.776970694207687e-05	1.8439384422818295	0.0	2540821048.2594957	2540821048.2594957	0.009604386200866183	-2642566.86753826	7.8741341885868e-06	16.75109719741752
1863.0000000083553	0.0	29039127125.013535	29039127125.013535	0.0006274538254380236	347.1183134392551	5.025780198796388e-06	-11.79163338658147	2.7268454616656705	88713.05061420173	0.0	1847792658.032232	1847792658.032232	0.0014330770006708098	2313826.720474231	1.8243592343915554e-05	2.733205758654311	0.0	2540813679.1740975	2540813679.1740975	0.013157469987671335	-2648448.5212074723	7.834218740674804e-06	22.92529738381061
1903.5000000089324	0.0	29039006716.29274	29039006716.29274	0.0008013667316357298	261.18152363698425	5.066708089014533e-06	-11.926517571884984	3.477232158687726	89503.03436880119	0.0	1847794617.034436	1847794617.034436	0.001609410656209508	2471849.794502767	1.8625889479255135e-05	3.093416341552539	0.0	2540806530.489723	2540806530.489723	0.01452678508562049	-2637062.6052278336	7.817682947996546e-06	25.219876253154652
1944.0000000095094	0.0	29039071307.160946	29039071307.160946	0.0005806416366897376	732.3744859257663	4.889284449942755e-06	-11.86361821086262	2.501249728101556	86927.99130262852	0.0	1847799534.723249	1847799534.723249	0.0012183300879660022	2536014.669787814	1.738950359416337e-05	2.336685636452584	0.0	2540799349.537326	2540799349.537326	0.02078853360795747	-2635584.319582168	7.820526884948322e-06	36.023097851462914
1984.5000000100865	0.0	29038963377.08878	29038963377.08878	0.0011895936329975897	633.2445224551241	4.891870733946418e-06	-11.971345846645367	5.104927962978229	87060.33055426966	0.0	1847782594.3555262	1847782594.3555262	0.003079827135496312	2540339.0951298773	1.747879124352934e-05	5.862695525226813	0.0	2540791827.773553	2540791827.773553	0.02326864659468512	-2639107.589994964	7.817397856207804e-06	40.5734612066518
2025.0000000106636	0.0	29038885887.503723	29038885887.503723	0.001045979148083292	-449.3949111671801	4.966178099527479e-06	-12.123602236421725	4.501278022647668	88473.62435719623	0.0	1847759404.212794	1847759404.212794	0.0023071873289811184	2616283.4841105496	1.7822595388741008e-05	4.391458072921182	0.0	2540784405.2803683	2540784405.2803683	0.011923637902294611	-2643245.53267002	7.818104637217247e-06	21.022068533473288
2065.5000000105774	0.0	29038803195.75215	29038803195.75215	0.00048155171826890555	812.0874977672048	5.0209127638265656e-06	-12.158646166134185	2.0682199496263296	88355.24802268548	0.0	1847739123.551592	1847739123.551592	0.0010035960760307902	1999336.3809295995	1.7961723988570473e-05	1.8686352466334455	0.0	2540776986.948273	2540776986.948273	0.011472578910829496	-2643916.2191932155	7.833403773376246e-06	20.577303395296088
2106.0000000096197	0.0	29038798723.729458	29038798723.729458	0.000584123503192229	496.9179234304656	4.841256207236125e-06	-12.185303514376997	2.526751944950946	86094.57548040568	0.0	1847772286.6846635	1847772286.6846635	0.0011630103660480334	2376882.652199317	1.6882666075476298e-05	2.1702522309236665	0.0	2540769731.6620007	2540769731.6620007	0.007340015581918614	-2637328.4030643953	7.856005523931888e-06	13.412377844462876
2146.500000008662	0.0	29038807090.763924	29038807090.763924	0.0006754598188396683	-59.32823383382225	4.7652392644682346e-06	-12.20447284345048	2.959100148156605	84943.83354515435	0.0	1847774411.7751315	1847774411.7751315	0.0012071387604235951	2687691.7412654026	1.6390556547656706e-05	2.302106797340505	0.0	2540762548.488617	2540762548.488617	0.007932274923054285	-2627946.2996808086	7.878730788168232e-06	14.70115825608952
2187.0000000077043	0.0	29038788410.750675	29038788410.750675	0.0004016351693764117	517.7161260454511	4.904408825748071e-06	-12.186202076677317	1.762958013261164	87369.97867638126	0.0	1847738965.2915206	1847738965.2915206	0.0006458716776034721	2395550.1465567215	1.692442276689872e-05	1.2320345167557787	0.0	2540755502.258272	2540755502.258272	0.006324836598851576	-2619444.695205349	7.934028618349997e-06	11.802762618259592
2227.5000000067466	0.0	29038669426.465935	29038669426.465935	0.00040650552175710387	-2.64084105813415	4.8606365375223554e-06	-12.337559904153355	1.8104340265366918	86547.19906035057	0.0	1847743050.1044154	1847743050.1044154	0.0008475129323603995	2114221.0557050845	1.700348364027115e-05	1.6390049772936008	0.0	2540748294.382374	2540748294.382374	0.005995940442552189	-2620801.070945593	7.98104088017334e-06	11.302508097770803
2268.000000005789	0.0	29038661534.350567	29038661534.350567	0.0004483930340766829	397.4698693818167	4.9383060763178485e-06	-12.326477635782748	2.0100862662729924	87373.62067570075	0.0	1847752608.756025	1847752608.756025	0.0008953818556425449	2835203.302742712	1.7208368529686746e-05	1.7221527434780377	0.0	2540740787.79379	2540740787.79379	0.004857814234641107	-2632580.0374300056	7.968411075046037e-06	9.22608250423436
2308.5000000048312	0.0	29038733233.758125	29038733233.758125	0.0004540885226631962	525.8542436423772	4.847805953207239e-06	-12.21415734824281	2.0238805512705538	86036.69435732142	0.0	1847748747.5055327	1847748747.5055327	0.0008833694436633267	2280093.6740946146	1.6656540255059037e-05	1.6581776264527883	0.0	2540733096.646001	2540733096.646001	0.004886711189341571	-2644684.5404522	7.957389059029924e-06	9.266252076803195
2349.0000000038735	0.0	29038630750.06077	29038630750.06077	0.0004541241193813096	-74.93303033035968	4.9303990604509585e-06	-12.3883785942492	2.03415463053258	86994.93655372143	0.0	1847736055.1992846	1847736055.1992846	0.001047391420056019	2244354.659541336	1.7241969515820328e-05	1.9957888958101317	0.0	2540725580.8624325	2540725580.8624325	0.0037641095265215237	-2643262.3695499385	8.032400794593398e-06	7.12377350485673
2389.500000002916	0.0	29038576193.83779	29038576193.83779	0.00035408709411816606	394.5213371723793	4.966727657265382e-06	-12.424321086261982	1.604965425954727	87331.58043428128	0.0	1847724317.4174592	1847724317.4174592	0.0007291621265910123	2504457.9531101184	1.7373238965197634e-05	1.4192692454401536	0.0	2540718338.14732	2540718338.14732	0.003058300455878909	-2631049.7179971356	8.147884571970675e-06	5.814722115543456
2430.000000001958	0.0	29038514068.51091	29038514068.51091	0.0004183089096205722	654.6469288535607	4.872609148966393e-06	-12.4508785942492	1.8952580535105703	86156.10835037324	0.0	1847718112.5053716	1847718112.5053716	0.0005405026462797576	2292460.4422401115	1.6557035550733795e-05	1.0431923774402194	0.0	2540711128.2880497	2540711128.2880497	0.005080905937436742	-2625549.6955995057	8.23109299994163e-06	9.734658604426096
2470.5000000010004	0.0	29038468819.86728	29038468819.86728	0.0005203781600421428	-248.21342249287096	4.935377213747787e-06	-12.513178913738018	2.355636605365698	88034.59053414746	0.0	1847724998.3716593	1847724998.3716593	0.001051428153582664	2337929.546074438	1.687568729701917e-05	2.0024236341335535	0.0	2540703483.9046574	2540703483.9046574	0.0027749805472096173	-2630351.1439220873	8.28967921575179e-06	5.345707108575943
2511.0000000000427	0.0	29038443886.286575	29038443886.286575	0.00048166957310319684	182.81367947776522	4.9995760446082e-06	-12.560103833865815	2.1875406998508504	89150.55465781869	0.0	1847707202.4864216	1847707202.4864216	0.0008598402249309021	2377333.5264847954	1.7332198507354007e-05	1.6325543924438464	0.0	2540695491.915847	2540695491.915847	0.0025504524092144296	-2637859.773473138	8.36205501957421e-06	4.922384992152273
2551.499999999085	0.0	29038433870.912853	29038433870.912853	0.0005111498977026464	272.5227769673981	4.957069067856363e-06	-12.58915734824281	2.311866726105936	87846.08030833947	0.0	1847717388.007986	1847717388.007986	0.0014104481142619965	2042758.5537052557	1.6721312810608855e-05	2.6368874586875415	0.0	2540687047.6307607	2540687047.6307607	0.0033326203060855177	-2655938.5042610997	8.414395285084912e-06	6.460093025447116
2591.9999999981274	0.0	29038436561.392403	29038436561.392403	0.0004887043919567844	307.1656577193783	5.100097618482164e-06	-12.479732428115016	2.1598274896274963	89853.89288142999	0.0	1847728356.2289443	1847728356.2289443	0.0013436616905705395	2259291.3926556073	1.7923143528138394e-05	2.348147476485576	0.0	2540678159.0929093	2540678159.0929093	0.0033317641372400597	-2671114.797053054	8.41793012635276e-06	6.510825678572852
2632.4999999971697	0.0	29038414540.580017	29038414540.580017	0.0004744722017713854	235.37036580067038	5.035425342042609e-06	-12.447783546325878	2.0854864032920437	88536.92572622532	0.0	1847759620.6824703	1847759620.6824703	0.0012170387511858966	2555559.8864338514	1.738522519570359e-05	2.1228197695581064	0.0	2540669238.2259254	2540669238.2259254	0.0031960062717970375	-2667110.723665802	8.466021338519097e-06	6.226250384524748
2672.999999996212	0.0	29038458081.378803	29038458081.378803	0.00043079003201696136	292.32285383214077	4.961313592658303e-06	-12.467651757188499	1.9099194418200132	87514.45063169244	0.0	1847757325.0421636	1847757325.0421636	0.0011414107878459582	2546908.9770260705	1.6705254625849367e-05	2.038052546798367	0.0	2540660490.209035	2540660490.209035	0.0037540059010080238	-2645268.907173064	8.566739984686601e-06	7.339152863299794
2713.4999999952543	0.0	29038384429.7408	29038384429.7408	0.0010195262388550076	1164.8314492437626	4.966107527982308e-06	-12.549021565495208	4.579514123042437	88736.7898500603	0.0	1847750830.6508532	1847750830.6508532	0.0038813479117922028	2350276.4537392263	1.6938085585956063e-05	7.053424001495007	0.0	2540651737.938634	2540651737.938634	0.0034753148190092014	-2627516.3193582534	8.479063406211594e-06	6.832764491934775
2753.9999999942966	0.0	29038353043.746468	29038353043.746468	0.0007585594363152681	-558.476528339427	5.014965455847568e-06	-12.78035143769968	3.404625398923326	89490.62426496063	0.0	1847782985.0249267	1847782985.0249267	0.002954193989877064	2453826.8075175667	1.7258254088133237e-05	5.488819492090112	0.0	2540643124.811492	2540643124.811492	0.0013915927717955902	-2621937.982654096	8.50838773360019e-06	2.7013458188393904
2794.499999993339	0.0	29038350171.11219	29038350171.11219	0.0005600785311045584	-6.504677690093274	5.168863283955847e-06	-12.67621805111821	2.5338986917023627	91347.84541009468	0.0	1847763443.4250028	1847763443.4250028	0.002470939632054028	1914924.7811323586	1.786843411591332e-05	4.6606829214913335	0.0	2540634502.5562015	2540634502.5562015	0.0018682345188786038	-2615255.067989163	8.67117435382871e-06	3.644454414787556
2834.999999992381	0.0	29038315031.960754	29038315031.960754	0.000544866138021478	13.424306157345669	5.227855521062981e-06	-12.710463258785943	2.4524834712876467	93028.2527622024	0.0	1847783613.2965949	1847783613.2965949	0.0022533697786268018	2543251.791832913	1.8360962440710103e-05	4.226646942468027	0.0	2540625662.933511	2540625662.933511	0.0015579085740526689	-2608320.1274974374	8.703807335659359e-06	3.043500057308945
2875.4999999914235	0.0	29038389910.297375	29038389910.297375	0.0005844121088722401	163.60123888048176	5.1067028224807065e-06	-12.668130990415335	2.645374291090567	90213.73163311183	0.0	1847782571.134213	1847782571.134213	0.0011937321642701848	2549640.9132175944	1.7262795349265996e-05	2.2652623170038986	0.0	2540616765.150963	2540616765.150963	0.0008593655614120602	-2602336.314272912	8.744208931873541e-06	1.6671318652309137
2915.9999999904658	0.0	29038326003.67689	29038326003.67689	0.0006506088225706549	53.46716394423023	5.095476563334881e-06	-12.64586661341853	2.9573134723000503	89976.02782099138	0.0	1847746889.856306	1847746889.856306	0.000794806387439829	2349868.7753179413	1.7324543754562768e-05	1.532049177327804	0.0	2540607675.466053	2540607675.466053	0.0011981793993569843	-2592032.059925498	8.776847120626024e-06	2.3279821572906303
2956.499999989508	0.0	29038215253.16002	29038215253.16002	0.0004213863685313519	1036.1191625570789	4.874746703529161e-06	-12.767372204472844	1.9115006035172506	86439.3443429339	0.0	1847748646.7505655	1847748646.7505655	0.0006412254531244128	2155661.6284145163	1.6125312820853177e-05	1.243769399922228	0.0	2540598417.9504867	2540598417.9504867	0.0011839247995271565	-2589045.306265751	8.695434708345745e-06	2.2775311665944855
2996.9999999885504	0.0	29038141045.699547	29038141045.699547	0.0005004655158766889	-316.74875271105196	4.872975293167583e-06	-12.964756389776358	2.2611673406838864	86538.97790111021	0.0	1847743112.5503197	1847743112.5503197	0.00043609913788439445	2156249.566114042	1.6089466268923765e-05	0.8500801269312831	0.0	2540589249.646782	2540589249.646782	0.0013875002371252286	-2594490.99040665	8.684865150780663e-06	2.652966634639321
3037.4999999875927	0.0	29038166159.858307	29038166159.858307	0.00034302035661091157	84.60468054474589	5.039892908679983e-06	-12.8058107028754	1.5182082302088207	88602.21142115534	0.0	1847769670.9491897	1847769670.9491897	0.0007234937643177698	2119833.3678914313	1.7317877220063587e-05	1.3963780872057858	0.0	2540579939.458445	2540579939.458445	0.001289026538441799	-2613742.694939384	8.463433870155122e-06	2.377137881300605
3077.999999986635	0.0	29038250463.552246	29038250463.552246	0.0003378983631775916	616.6345739529143	5.061935097114593e-06	-12.681609424920127	1.4736649560507058	88737.7768933655	0.0	1847777257.8192005	1847777257.8192005	0.0006158227637466627	2120035.546726998	1.7050883781068478e-05	1.1906870836407253	0.0	2540571096.368803	2540571096.368803	0.0016853842132735042	-2626008.3906322704	8.83173916417135e-06	3.0108451116606707
3118.4999999856773	0.0	29038174484.389038	29038174484.389038	0.00037951903019024357	-208.4845018336442	5.190924168453783e-06	-12.73582268370607	1.6843713014095083	90456.63555161929	0.0	1847765197.051806	1847765197.051806	0.0004757923646570001	2397757.4687441904	1.7693741286567826e-05	0.9320295342343677	0.0	2540562333.02993	2540562333.02993	0.0019505011457652166	-2611928.380360079	9.022780912995524e-06	3.6553045368329786
3158.9999999847196	0.0	29038134956.02574	29038134956.02574	0.0003932975255736062	712.0531731340966	5.101585313291959e-06	-12.76617412140575	1.7236273571620706	89828.88187707089	0.0	1847777554.7152343	1847777554.7152343	0.000568876205922122	2416820.226724256	1.6933341242254162e-05	1.124701666417891	0.0	2540554503.5635767	2540554503.5635767	0.002676521286333689	-2609527.390109692	9.046175453993109e-06	4.960943552299253
3199.499999983762	0.0	29038148967.71503	29038148967.71503	0.0005900018859031333	443.01034496860495	5.160121292315304e-06	-12.81529552715655	2.51098924185722	90939.76412302945	0.0	1847772243.0381577	1847772243.0381577	0.0006296007359166818	2440810.2579540075	1.7154367059055255e-05	1.242934165311838	0.0	2540549579.0898266	2540549579.0898266	0.014496264864869182	-2612435.0070808437	9.307261246753001e-06	25.56742900108883
3239.999999982804	0.0	29038060938.58275	29038060938.58275	0.0013829330824874232	710.9269921750463	5.035534868692907e-06	-12.924520766773163	5.6969460313968225	88959.58006745439	0.0	1847749726.7031987	1847749726.7031987	0.0006796712394145986	2476376.352418526	1.6505438076177207e-05	1.3517237634955677	0.0	2540550039.183734	2540550039.183734	0.06312020493781133	-2618271.451941003	9.273463282158398e-06	105.46718475584439
3280.4999999818465	0.0	29038027076.844517	29038027076.844517	0.0029719838299366546	655.3915541272731	5.295934125818907e-06	-12.937599840255592	12.255271534539654	92232.39653147678	0.0	1847739422.6684487	1847739422.6684487	0.0002456884322825758	2374182.332083989	1.6615557242897255e-05	0.4880883084481247	0.0	2540548884.4459567	2540548884.4459567	0.06124189301565547	-2588851.93136919	9.924857726365643e-06	102.45218934295649
3320.999999980889	0.0	29037966490.838326	29037966490.838326	0.0053622542283543444	853.1638578859954	5.188637236485855e-06	-13.006489616613418	22.870899343728354	91044.94345008222	0.0	1847754190.7899652	1847754190.7899652	0.00022252882519090215	2125678.4271432715	1.7192726424853657e-05	0.4390764692498008	0.0	2540540643.185396	2540540643.185396	0.0451865132626205	-2672322.4701073435	9.311161695834225e-06	79.34491955197863
3361.499999979931	0.0	29037968190.969105	29037968190.969105	0.03171642701740212	512.3306758750396	4.957135032308373e-06	-13.009884185303514	139.06896472011132	87809.38906492398	0.0	1847779310.5842373	1847779310.5842373	0.0009110577990000723	2924167.0474828538	1.5806405452539643e-05	1.7695192563255435	0.0	2540550487.379921	2540550487.379921	0.006917538675365707	-3097488.374096967	9.030169201087857e-06	12.468007907841908
3401.9999999789734	0.0	29038009208.48265	29038009208.48265	0.07655280601917652	927.900225593155	4.7925015194372684e-06	-12.986122204472844	336.8129304607446	84681.85398441079	0.0	1847752701.0301752	1847752701.0301752	0.0012488379161258003	2882961.2488894183	1.4913940364005991e-05	2.275339013335616	0.0	2540569865.07608	2540569865.07608	0.005357544850729279	-2981317.9519758415	8.926437968661342e-06	10.035028973067936
3442.4999999780157	0.0	29037947714.222992	29037947714.222992	0.00929700700855746	-505.391404356358	4.910912741303556e-06	-13.05211661341853	39.89400840842708	86811.71577071871	0.0	1847722669.3252287	1847722669.3252287	0.003173880267324943	2532558.6962330323	1.667977712316708e-05	5.638170168077076	0.0	2540583756.4183683	2540583756.4183683	0.014091302143154412	-3060702.1997739347	8.202668348689184e-06	26.124948328623535
3482.999999977058	0.0	29037885702.81332	29037885702.81332	0.0028054279028937143	965.583162250261	4.588715446671639e-06	-13.1316892971246	11.415990262102248	81400.53565504568	0.0	1847722158.4612875	1847722158.4612875	0.002614714789770628	2761858.746661177	1.5317132254807613e-05	4.132281529763134	0.0	2540596870.871106	2540596870.871106	0.012550225774414947	-2998797.501074869	7.754316281462447e-06	22.689873215209964
3523.4999999761003	0.0	29037968771.838516	29037968771.838516	0.01089089964922279	253.5887163036064	4.4081675065161786e-06	-13.09834265175719	42.17036344767753	79175.08065876385	0.0	1847715052.6271265	1847715052.6271265	0.0029904789318581024	2913656.4526208625	1.416585179565416e-05	4.293213002422992	0.0	2540606842.1987104	2540606842.1987104	0.0029549127331040346	-3045243.093227748	7.562101298845973e-06	5.241149573791213
3563.9999999751426	0.0	29037892884.6689	29037892884.6689	0.03125544817371759	949.8031496389756	4.496456427320337e-06	-13.190694888178914	117.72377533826453	79684.94839984551	0.0	1847672845.0951128	1847672845.0951128	0.0018022376266409795	2909557.176891948	1.47216599094568e-05	2.522052980627141	0.0	2540622310.3014183	2540622310.3014183	0.0016816471533662395	-3127727.773354133	7.694949993541133e-06	2.854170252806027
3604.499999974185	0.0	29037864938.220123	29037864938.220123	0.01649779496736945	173.4311227615833	4.306987661931258e-06	-13.290235623003195	64.34581429627416	77256.39469797807	0.0	1847661003.1932547	1847661003.1932547	0.0013225813809467951	2886735.6697903685	1.3425455922173713e-05	1.9959460826244209	0.0	2540635985.4088864	2540635985.4088864	0.0014108290559075205	-3034801.447537686	7.774445144323387e-06	2.4182936695882393
3644.999999973227	0.0	29037806136.793137	29037806136.793137	0.02623687815093434	369.0732733093663	4.238573985950485e-06	-13.33716054313099	102.55374613598738	76113.05003494472	0.0	1847622289.5615308	1847622289.5615308	0.0016094607194417313	2635175.801712574	1.2721313933260212e-05	2.4101121740905262	0.0	2540646062.203203	2540646062.203203	0.0019531844469292455	-2965556.9965703925	7.965564239881078e-06	3.5691315237741126
3685.4999999722695	0.0	29037729308.03291	29037729308.03291	0.003385525633133326	582.0052568800935	4.2124619822047646e-06	-13.387480031948881	13.594790651065388	75774.9641124314	0.0	1847618419.626768	1847618419.626768	0.0014906415878411473	2349449.919586478	1.2544623546445333e-05	2.3120772000142207	0.0	2540651346.093814	2540651346.093814	0.0021125099070173057	-2891939.2992166597	7.95570892484572e-06	3.8961437497739033
3725.999999971312	0.0	29037747097.125683	29037747097.125683	0.0013330784643705092	56.406736241241404	4.2230305173113e-06	-13.349640575079873	5.538511357220402	75661.3558147474	0.0	1847610178.751412	1847610178.751412	0.002271324906971657	2690397.4616778223	1.2605192541563709e-05	3.680679343272079	0.0	2540652357.8075647	2540652357.8075647	0.0014395527770079165	-2830253.5830188747	7.8964129463474e-06	2.666020681905152
3766.499999970354	0.0	29037756540.101204	29037756540.101204	0.0010205409634956584	155.10843742025025	4.25215999451256e-06	-13.2120607028754	4.239647038903279	75180.24607083884	0.0	1847612600.3625576	1847612600.3625576	0.002928652055165193	2219937.553333726	1.2290608298772103e-05	4.751947067402098	0.0	2540648230.478101	2540648230.478101	0.0010397985607698995	-2777066.5594060807	8.19307107639138e-06	1.894241455898305
3806.9999999693964	0.0	29037838994.245068	29037838994.245068	0.0011584881443512983	1043.8685598151887	4.230096211427442e-06	-13.02935303514377	4.861196253458236	74501.56491084564	0.0	1847633377.7938273	1847633377.7938273	0.003954930681361811	2501569.0038115545	1.1999383890877516e-05	6.539052630675001	0.0	2540641231.1498184	2540641231.1498184	0.0025015262563869863	-2691271.8619825565	8.317326465108431e-06	4.927425302869158
3847.4999999684387	0.0	29037840127.430225	29037840127.430225	0.0012043810330037907	170.2789363961004	4.23726761962812e-06	-13.013578274760384	5.0451877937667415	75149.43339954125	0.0	1847622580.8321009	1847622580.8321009	0.005450155096412349	2578192.2940701507	1.2789001780705062e-05	8.988944869114139	0.0	2540636815.651135	2540636815.651135	0.004279980053186902	-2901965.5936715724	7.865851128863864e-06	8.122686254993043
3887.999999967481	0.0	29037793228.687763	29037793228.687763	0.0010088379646036628	604.7894724978686	4.2674261755337855e-06	-13.026257987220447	4.238022474175141	75182.60973863074	0.0	1847615557.8243103	1847615557.8243103	0.003981644801587329	2784976.8677588985	1.2610462657172804e-05	6.684840896138302	0.0	2540642377.3165383	2540642377.3165383	0.0025882939666087472	-2921413.4292606553	8.186950388045856e-06	4.771617579869086
3928.4999999665233	0.0	29037799324.873344	29037799324.873344	0.0009266389128551155	-100.34154208951907	4.49725253513102e-06	-12.994908146964857	3.852968094038396	78505.33264279776	0.0	1847595189.6377773	1847595189.6377773	0.002529436646645686	2564467.3722015657	1.4151372068555152e-05	4.079173269952973	0.0	2540644633.5712194	2540644633.5712194	0.0012858997441070462	-2808184.778418797	8.119495097421717e-06	2.4525621786545972
3968.9999999655656	0.0	29037749603.609795	29037749603.609795	0.0011344903872202098	551.4374741225724	4.5856150568689814e-06	-13.017771565495208	4.83084777567823	80424.45299112814	0.0	1847594849.6986558	1847594849.6986558	0.00265575722853252	2211412.1094033034	1.4484526336844567e-05	4.441368684667811	0.0	2540638699.448498	2540638699.448498	0.0010674471422726793	-2717600.106409456	8.359287643354982e-06	2.0672010846591
4009.499999964608	0.0	29037756129.113422	29037756129.113422	0.001045765514982106	943.5470518126766	4.629539788147805e-06	-12.973043130990416	4.534295651519014	80995.03464772445	0.0	1847602022.2760792	1847602022.2760792	0.0023258093568954605	2490919.0899276007	1.621776352981471e-05	4.055034081514962	0.0	2540629837.2717614	2540629837.2717614	0.0028797002253106267	-2646406.870862186	7.433846087450202e-06	5.746815074842756
4049.99999996365	0.0	29037770298.423943	29037770298.423943	0.001641525111637347	334.7078944304626	4.646232636181824e-06	-12.95367412140575	7.0787913851684685	81745.71882239224	0.0	1847592430.9789488	1847592430.9789488	0.00400638280619129	2832780.025708406	1.5783918587003772e-05	7.196583210140551	0.0	2540631338.12578	2540631338.12578	0.00653170921744789	-2919476.094016101	7.652882059388265e-06	12.026520807630833
4090.4999999626925	0.0	29037704953.39262	29037704953.39262	0.0013160408070553666	734.6252579087917	4.493143483142196e-06	-13.098142971246006	5.752399100040144	80223.60452226525	0.0	1847583379.3431575	1847583379.3431575	0.002976127824225157	2596125.016023484	1.4589478754254799e-05	5.236911940279217	0.0	2540635786.469678	2540635786.469678	0.0019053211933573696	-2796461.8708891687	7.923335628788678e-06	3.6792130523638162
4130.999999964388	0.0	29037673792.2144	29037673792.2144	0.000986889910970987	179.1048572536966	4.551299732588554e-06	-13.111920926517572	4.371928722937181	80875.1214519255	0.0	1847591179.0307746	1847591179.0307746	0.002204168368299953	2243753.8107472337	1.476703229436031e-05	4.005445326322736	0.0	2540634513.740142	2540634513.740142	0.0007999375279181061	-2710188.8085260866	8.012007761424249e-06	1.5597124249743406
4171.4999999665	0.0	29037705897.17806	29037705897.17806	0.0010036988349981409	855.7715537813436	4.701753908393388e-06	-13.098941693290735	4.428788835359576	83201.69464261335	0.0	1847582013.1377783	1847582013.1377783	0.002305381209823491	2482640.6012902735	1.5695289122897923e-05	4.074054616333836	0.0	2540630500.4589467	2540630500.4589467	0.0006590553772539752	-2669437.7710697665	8.034949899174372e-06	1.2866298337485453
4211.9999999686115	0.0	29037660322.689743	29037660322.689743	0.0004699826452854301	27.95961513825658	4.9509998139942165e-06	-13.166234025559106	2.0614344575563677	87233.84194139543	0.0	1847575839.9778776	1847575839.9778776	0.0009825219137600241	2576618.0281553436	1.6955093510827177e-05	1.741787837311444	0.0	2540625132.943161	2540625132.943161	0.0005792965337883312	-2671880.3424859988	8.335658977187197e-06	1.1270927816500385
4252.499999970723	0.0	29037628524.034195	29037628524.034195	0.0006177727153787792	700.9729626243682	4.9004215812725896e-06	-13.277655750798722	2.7603597671378437	86127.89986676292	0.0	1847545452.640683	1847545452.640683	0.0008608123213137079	2681679.6163883135	1.6217696789044057e-05	1.5819799716823069	0.0	2540619643.4108114	2540619643.4108114	0.0005293664442267552	-2676675.5157251	8.580460845074854e-06	1.020894483324531
4292.999999972835	0.0	29037547607.875057	29037547607.875057	0.0006321687764178564	731.560449921841	4.95544937363012e-06	-13.305211661341852	2.8556242051254914	87692.94561908572	0.0	1847535606.9690757	1847535606.9690757	0.001133554292614387	2655182.4584958353	1.671024179943474e-05	2.1306039468978573	0.0	2540616818.409379	2540616818.409379	0.005201965112762085	-2673410.571624756	8.504440786657911e-06	10.061104524263659
4333.499999974947	0.0	29037524443.856678	29037524443.856678	0.0008575849177992713	533.0793351246626	4.907606962144256e-06	-13.363518370607029	3.8945374173661746	87006.49990359394	0.0	1847527326.8661728	1847527326.8661728	0.002094797944367617	2840655.1776672807	1.630018362063794e-05	4.011034830094364	0.0	2540608929.408332	2540608929.408332	0.027050931324913027	-2658636.9744492983	8.450260209572743e-06	52.08293938131903
4373.999999977059	0.0	29037489298.843727	29037489298.843727	0.0009426383263931045	1.1556066011088575	4.7709586824706975e-06	-13.46415734824281	4.229203128189051	85217.6516669091	0.0	1847521024.2637715	1847521024.2637715	0.0022242908326110243	2577369.9990607034	1.64607445979303e-05	4.224523299822416	0.0	2540596421.8003874	2540596421.8003874	0.018187121604006692	-2682107.0624182504	7.630817483668015e-06	35.45159656954825
4414.499999979171	0.0	29037372329.40573	29037372329.40573	0.007350866487813413	770.0613381440712	4.844649297958174e-06	-13.607827476038338	32.72114286946874	85791.72719887548	0.0	1847516450.8685365	1847516450.8685365	0.0012599177775326153	2801969.120439165	1.588438814284745e-05	2.4434728121633875	0.0	2540604323.4974003	2540604323.4974003	0.002605045871783917	-3079717.798566033	8.30854725803433e-06	4.7395847083090965
4454.999999981283	0.0	29037397276.671146	29037397276.671146	0.002223134012008805	342.61837350170913	4.726890586972412e-06	-13.610922523961662	10.023438344592858	83905.01866269865	0.0	1847514223.304746	1847514223.304746	0.0012560080553073014	2733906.339034464	1.560650677587984e-05	2.337462854020944	0.0	2540610671.0331497	2540610671.0331497	0.0006423668446143877	-2849904.197767471	8.160769849062086e-06	1.2405722588732309
4495.499999983394	0.0	29037372026.150288	29037372026.150288	0.0010716036272094603	225.84876493426702	4.662354282317864e-06	-13.678813897763579	4.875477919741734	82270.02183760196	0.0	1847520311.8510277	1847520311.8510277	0.001658587577088922	2330632.42494777	1.5490783864744404e-05	3.1696727424054663	0.0	2540611812.84569	2540611812.84569	0.0009210688803535756	-2774705.2087993766	7.997269376694089e-06	1.7785029867188615
4535.999999985506	0.0	29037407752.859196	29037407752.859196	0.0007681134731680361	1049.6091395507965	4.628498899287193e-06	-13.60792731629393	3.4558109735136875	82380.9522307823	0.0	1847541481.278503	1847541481.278503	0.001706708891465963	2408129.598255926	1.556964066058099e-05	3.1400492211479536	0.0	2540609564.8769627	2540609564.8769627	0.0006784554494262426	-2713242.210528436	7.902475913430392e-06	1.3089041401320791
4576.499999987618	0.0	29037423560.00765	29037423560.00765	0.0005299680071896285	191.6016377194714	4.720541615702971e-06	-13.61741214057508	2.389730875912012	84017.24615503679	0.0	1847539278.585496	1847539278.585496	0.0011072855654302714	2713498.1094036456	1.568435958315572e-05	2.0685371462844717	0.0	2540604763.835351	2540604763.835351	0.0005825975923102056	-2682960.9605977535	8.100315134487408e-06	1.1225387092395802
4616.99999998973	0.0	29037408149.55597	29037408149.55597	0.0005177006217407236	-96.35577329565679	4.9003661443176184e-06	-13.607627795527156	2.375011635899834	86042.7810969911	0.0	1847522230.235427	1847522230.235427	0.0007909655706028686	2225059.5555719873	1.609798995627522e-05	1.5230958943762722	0.0	2540598337.4641914	2540598337.4641914	0.0004930094708111298	-2676964.36217977	8.400165582967525e-06	0.9628182310861237
4657.499999991842	0.0	29037357979.89277	29037357979.89277	0.0005430306921383133	836.3332140286077	4.883108829291913e-06	-13.66952875399361	2.503126630753587	86128.7080995603	0.0	1847535133.1462295	1847535133.1462295	0.0007954139384275576	2067019.603557636	1.601154605422027e-05	1.5293963857159274	0.0	2540590943.749504	2540590943.749504	0.0004242590159146924	-2680242.470062063	8.640514588697556e-06	0.8290113004789379
4697.999999993954	0.0	29037378675.190426	29037378675.190426	0.00046189982303483044	648.6750575298036	4.83861646769237e-06	-13.625698881789138	2.120782540940338	85147.37048282703	0.0	1847550234.167861	1847550234.167861	0.0009563465175108986	2591392.999840999	1.5426513831829052e-05	1.8336861754257774	0.0	2540582966.32891	2540582966.32891	0.00048731633154900603	-2686465.3482072596	8.906011625785367e-06	0.9423576120985805
4738.4999999960655	0.0	29037414902.36551	29037414902.36551	0.0006654426479521908	571.2746096269236	4.878128829462346e-06	-13.601537539936102	3.046602176251483	85764.89957906785	0.0	1847569573.1324048	1847569573.1324048	0.0015328203434882357	2786942.1541348738	1.5500660931989433e-05	2.9683100208753816	0.0	2540575526.053572	2540575526.053572	0.0005023899557614668	-2683132.8598718243	9.025540744808842e-06	0.9593416277098522
4778.999999998177	0.0	29037372922.62266	29037372922.62266	0.000675542804584705	54.0429888933118	5.147925070357817e-06	-13.691393769968052	3.0895261793010844	89703.18241498008	0.0	1847528596.6618938	1847528596.6618938	0.0009593700643068065	2643423.212292237	1.7074847428200562e-05	1.8374729776812058	0.0	2540568531.109017	2540568531.109017	0.016948460952203093	-2664548.706933778	9.149950213277437e-06	32.94275117643598
4819.500000000289	0.0	29037256363.86883	29037256363.86883	0.0007928662188572945	555.2173311840502	5.0362014883127005e-06	-13.83236821086262	3.654061726674495	88721.14428892803	0.0	1847513793.0456076	1847513793.0456076	0.00038268973683566233	2535372.512062757	1.7158918525139965e-05	0.7349602027433283	0.0	2540555057.5179834	2540555057.5179834	0.00327316283081821	-2685538.174489435	8.299683121226662e-06	6.578038441030486
4860.000000002401	0.0	29037198843.54117	29037198843.54117	0.0017813546919959108	754.2237168225142	4.956428251994098e-06	-13.887679712460065	8.193420700521145	86852.96436426099	0.0	1847503655.8739476	1847503655.8739476	0.000780326542986608	2171257.542740565	1.610558751698887e-05	1.5190297621367441	0.0	2540565815.680342	2540565815.680342	0.001907185245487903	-2914426.01004354	8.788632684148542e-06	3.7137360929630874
4900.500000004513	0.0	29037177937.06379	29037177937.06379	0.0009458582942041556	164.5078426613331	4.814518792423637e-06	-13.91673322683706	4.358524207861155	84788.98461479889	0.0	1847531769.354586	1847531769.354586	0.001334970275384885	1697093.0490738864	1.572475207720586e-05	2.5452410414308786	0.0	2540562400.209653	2540562400.209653	0.0016700253820309023	-2695643.9913387303	8.282729126774161e-06	3.4057639222851175
4941.000000006625	0.0	29037280559.90612	29037280559.90612	0.0011427904515429691	284.8138280176255	5.02693660459858e-06	-13.771066293929712	5.084498522152495	87933.87266686265	0.0	1847573398.1440082	1847573398.1440082	0.001888867349192662	2573542.8359673824	1.643119744288371e-05	3.565522085308543	0.0	2540562842.8885326	2540562842.8885326	0.0036626607696197302	-2996156.1679094364	8.621141022257591e-06	6.803434966944881
4981.500000008737	0.0	29037369970.743187	29037369970.743187	0.001699178121253588	-105.99912133328141	5.091111303346084e-06	-13.698382587859426	7.533877215289819	89641.98050293139	0.0	1847560225.7996688	1847560225.7996688	0.0028390823622378145	2280483.4977736766	1.6989355837112417e-05	5.06515060613111	0.0	2540573386.333144	2540573386.333144	0.0024622143328897166	-2869368.257121956	8.912058127890802e-06	4.759161258799691
5022.000000010848	0.0	29037369656.177658	29037369656.177658	0.0011807978389321737	1058.461478887422	4.828997055325584e-06	-13.664237220447284	5.354481736837105	85356.32862443922	0.0	1847556581.421252	1847556581.421252	0.002857977453159143	2341116.610984455	1.5807441227671824e-05	5.408126959795976	0.0	2540579769.441369	2540579769.441369	0.008628577074517186	-2767681.5624966985	8.606212148587958e-06	16.67279324487682
5062.50000001296	0.0	29037345271.891678	29037345271.891678	0.0008204916407982519	950.295599796158	4.783714850216716e-06	-13.787240415335463	3.6493750616034673	84948.75629142337	0.0	1847568058.509056	1847568058.509056	0.0013725971714047035	1979600.3827698189	1.510224844819853e-05	2.495265501694679	0.0	2540576003.4662995	2540576003.4662995	0.015042373449748807	-2675630.541021187	8.736523768519156e-06	29.0428964643133
5103.000000015072	0.0	29037399261.397552	29037399261.397552	0.0010647736018809595	716.3245661738865	4.841984714855967e-06	-13.70547124600639	4.695539725780424	86215.92837691437	0.0	1847566672.2104304	1847566672.2104304	0.0022910990431058162	2331234.5533036026	1.637636364621648e-05	4.035776675587795	0.0	2540565299.9080114	2540565299.9080114	0.0070087284903316395	-2585040.9595941855	8.157753216527784e-06	14.269720501783734
5143.500000017184	0.0	29037341747.867523	29037341747.867523	0.0009768016040295412	1151.402425940119	4.905990845596598e-06	-13.861521565495208	4.128397598945038	87682.45066285059	0.0	1847570432.779562	1847570432.779562	0.001574718971699788	2685877.51660107	1.6757493382434865e-05	2.8062924510717737	0.0	2540568159.349749	2540568159.349749	0.0029809798329343993	-3003572.8595681363	8.322692865662855e-06	5.430252804817007
5184.000000019296	0.0	29037359511.136833	29037359511.136833	0.0014826003613278285	507.80884012257604	4.768526647619372e-06	-13.983726038338657	6.479036897758083	84851.13215038857	0.0	1847570814.3010244	1847570814.3010244	0.0012026437873898762	2828074.103578782	1.593583288426231e-05	2.1354153227939876	0.0	2540578912.416108	2540578912.416108	0.0013209706207770004	-2878758.35255977	8.126950437841968e-06	2.5375478101655653
5224.500000021408	0.0	29037304117.354156	29037304117.354156	0.001935270363517311	-734.4704220846983	4.766110873239263e-06	-14.059804313099042	8.473792334460398	85183.55300801087	0.0	1847556212.7942634	1847556212.7942634	0.0003113415918058939	2235923.851704725	1.5924635744451178e-05	0.5633073577076596	0.0	2540583541.079314	2540583541.079314	0.00010719103624388364	-2796406.08532786	8.010670242533375e-06	0.20656136557315322
5265.0000000235195	0.0	29037346932.689568	29037346932.689568	0.0005701116316456992	1453.4650104263605	4.765956314764078e-06	-13.952975239616613	2.490806607472205	84895.71499472384	0.0	1847548252.5373068	1847548252.5373068	0.0004130356944471689	2656006.991647902	1.6017008979513513e-05	0.7274875555753291	0.0	2540584400.2519503	2540584400.2519503	0.00014005931467600896	-2722044.1967830304	8.13543270412884e-06	0.27049639683125737
5305.500000025631	0.0	29037346415.224644	29037346415.224644	0.00352693192445547	373.66006008004706	4.724156464754796e-06	-13.984724440894569	15.467294507655318	84435.61474733775	0.0	1847514556.2230759	1847514556.2230759	0.00023072858387775949	2430044.0728481435	1.5529181909434137e-05	0.41333517395403	0.0	2540580987.7853317	2540580987.7853317	0.00010529891659643201	-2677427.2716423925	8.190785563284137e-06	0.20297983380935866
5346.000000027743	0.0	29037232344.579918	29037232344.579918	0.0004111483587302361	207.68142623145297	4.7246559986058874e-06	-14.064796325878595	1.8484736832363262	84245.7914104375	0.0	1847517667.5523002	1847517667.5523002	0.0003373429588198226	2063787.941427457	1.562653127132951e-05	0.6272184972388406	0.0	2540575064.593566	2540575064.593566	0.00014027608265777046	-2668526.888564895	8.140597989390649e-06	0.27330992826542877
5386.500000029855	0.0	29037290593.157272	29037290593.157272	0.00024068285898038385	673.8973663094505	4.637396626331697e-06	-13.876098242811501	1.092014181220736	82542.98719257704	0.0	1847532645.2399974	1847532645.2399974	0.00028498073056950897	2358010.493792616	1.4830912431175667e-05	0.5405011813333924	0.0	2540568001.9627857	2540568001.9627857	0.0001211066639201795	-2671033.174613001	8.183479475983674e-06	0.2349900569512494
5427.000000031967	0.0	29037300598.09861	29037300598.09861	0.00034971873450179576	608.5380541495779	4.643860440270817e-06	-13.821585463258787	1.5993042474185546	82395.13950148363	0.0	1847492774.6443672	1847492774.6443672	0.00037546073357392127	2315031.1528604524	1.4166352055205319e-05	0.7140739150678812	0.0	2540560191.425155	2540560191.425155	0.00023580146479428628	-2673754.5529949814	8.610434600922731e-06	0.4567219816222215
5467.500000034079	0.0	29037172875.376434	29037172875.376434	0.0002902580324997212	374.6539925741888	4.655016913913143e-06	-13.929113418530351	1.3303712686079154	81923.1531396837	0.0	1847501828.5854976	1847501828.5854976	0.00021896044493351958	1683895.7511767445	1.3853823924717053e-05	0.4191490894603375	0.0	2540551931.3574333	2540551931.3574333	0.0003114207807170432	-2669095.839180627	8.930924368917831e-06	0.6111864624950325
5508.000000036191	0.0	29037215384.674576	29037215384.674576	0.0002669601443105698	-384.7898771366576	4.80583389165095e-06	-13.8191892971246	1.222291386169832	83963.96614024637	0.0	1847531270.3234773	1847531270.3234773	0.00018971238891098838	2379336.5518520875	1.4156662584969475e-05	0.3639486780904042	0.0	2540542364.0985403	2540542364.0985403	0.0003496898413457118	-2664443.8172794958	9.29125108713741e-06	0.6744464026488923
5548.5000000383025	0.0	29037257734.789066	29037257734.789066	0.00030388267812035555	684.9943837492218	4.879487068889808e-06	-13.759285143769969	1.393698841005436	84863.19400700487	0.0	1847516161.5867567	1847516161.5867567	0.00023848023044483214	2437192.079087596	1.4515880497373169e-05	0.4576446497611982	0.0	2540532595.564384	2540532595.564384	0.00041262089378193783	-2651822.668704857	9.769917282781667e-06	0.8040827622234731
5589.000000040414	0.0	29037192277.71035	29037192277.71035	0.0003973601046916352	1108.625694220926	4.889803951777986e-06	-13.800918530351439	1.8533612388193044	85277.65209260151	0.0	1847521680.3847878	1847521680.3847878	0.00020735831507747994	1866138.1795799546	1.515977691212348e-05	0.4044029131549928	0.0	2540522000.922782	2540522000.922782	0.00108743154108263	-2622634.433969934	9.266000883232929e-06	2.2008289455343695
5629.500000042526	0.0	29037199919.19271	29037199919.19271	0.0007300533838906979	267.0252168537886	4.697366313775765e-06	-13.746006389776358	3.3687508819165592	83355.55370634631	0.0	1847550921.4586513	1847550921.4586513	0.0004659637478036027	2215203.9792812103	1.4930160682330473e-05	0.9061919038393004	0.0	2540514118.8396473	2540514118.8396473	0.0035184590636138137	-2741451.3871684666	8.605102247444947e-06	6.859585346262879
5670.000000044638	0.0	29037244463.19357	29037244463.19357	0.00091686991936062	745.7833246254424	4.8771319745110036e-06	-13.666034345047922	4.242298760873496	85549.7351857109	0.0	1847572902.9977517	1847572902.9977517	0.001772357946101664	2346126.921005956	1.501382104567827e-05	3.372909748919215	0.0	2540519726.7589974	2540519726.7589974	0.003864532092044108	-2741314.7444239007	9.387662312292489e-06	7.860126297537831
5710.50000004675	0.0	29037299245.325794	29037299245.325794	0.0007553156893744118	658.3435324276188	4.96114573048301e-06	-13.585862619808307	3.4899525200447776	87219.75483527759	0.0	1847577213.498498	1847577213.498498	0.0007719080991559988	2503546.7469925666	1.6420990293787337e-05	1.4770072554923106	0.0	2540512757.269702	2540512757.269702	0.010765036319755535	-2609025.8684204733	8.84119067703925e-06	21.268734380389535
5751.000000048862	0.0	29037286911.36946	29037286911.36946	0.0011101172117280156	935.1780529566905	4.870776856650058e-06	-13.649760383386582	5.081872982873304	86944.70998763021	0.0	1847571030.7329395	1847571030.7329395	0.0007286912087918979	2631723.8222466297	1.6219832974631926e-05	1.4192027212306293	0.0	2540512315.010845	2540512315.010845	0.0038410775990833446	-2743337.5747170793	8.442462728202736e-06	7.364740299454164
5791.5000000509735	0.0	29037222163.860607	29037222163.860607	0.0021244200182255037	736.7041598604051	4.7722613962312935e-06	-13.791333865814696	9.726808045487061	84753.06033485802	0.0	1847548764.506875	1847548764.506875	0.0010240664185673064	2706975.6292670625	1.5005567388967528e-05	2.0005035246012968	0.0	2540528395.819977	2540528395.819977	0.002207108911549358	-3140185.4228176987	8.714626306326933e-06	4.1987780847194145
5832.000000053085	0.0	29037157572.91976	29037157572.91976	0.0016263033136599066	906.0684452687167	4.734935185454859e-06	-13.877096645367413	7.414613738855377	83976.3748947167	0.0	1847543849.3191998	1847543849.3191998	0.0019515470567716858	1995363.3932540063	1.4831111422463626e-05	3.7702939590502984	0.0	2540545838.1754284	2540545838.1754284	0.0014321959920431384	-2956339.493301126	8.720464690246207e-06	2.7445228525724126
5872.500000055197	0.0	29037227382.436367	29037227382.436367	0.001182652841201552	740.3659764787908	4.6683853989918e-06	-13.987420127795527	5.2851986257313515	83152.15964212196	0.0	1847570480.130076	1847570480.130076	0.0013588240037761602	2369230.353237612	1.4857293286014068e-05	2.5532846585457207	0.0	2540565278.4344044	2540565278.4344044	0.02119976799051834	-2866357.018345412	8.447110360067829e-06	40.29096468278165
5913.000000057309	0.0	29037287725.075413	29037287725.075413	0.0008430712606643051	115.11188132080285	4.780559371179851e-06	-14.049520766773163	3.6773215379128903	85391.18863580149	0.0	1847553210.3608367	1847553210.3608367	0.0012367738312281018	2737162.988855193	1.5077039404392748e-05	2.2126383636278493	0.0	2540567729.201151	2540567729.201151	0.005627610537923185	-2791290.6715122387	8.819625737857178e-06	10.505764791471222
5953.500000059421	0.0	29037298279.865128	29037298279.865128	0.0007431372987933848	1030.5960912118028	5.161516901525817e-06	-14.071485623003195	3.2190477045026578	91629.36795893531	0.0	1847566575.524633	1847566575.524633	0.0012639316317557712	2645247.126758635	1.677970875622664e-05	2.2255367798178076	0.0	2540556692.6539097	2540556692.6539097	0.0032398741563255114	-2711760.8805151926	9.505395883963098e-06	6.085441026547482
5994.000000061533	0.0	29037355501.354637	29037355501.354637	0.0021200286609931573	1531.2750763470078	5.05589841877068e-06	-14.013578274760384	9.287081797474574	90101.72072153259	0.0	1847557449.3012056	1847557449.3012056	0.0008214872154012732	2449803.6524354117	1.751604156653384e-05	1.4733623283531112	0.0	2540553395.674707	2540553395.674707	0.001124915959773216	-2623837.030218605	8.447905531209785e-06	2.2528872824478037
6034.500000063645	0.0	29037230894.009987	29037230894.009987	0.001824175870541526	810.1933007974424	4.869605878372216e-06	-14.234724440894569	7.931365220759736	87157.59398895002	0.0	1847552294.397873	1847552294.397873	0.00047233924728415366	2495231.569347999	1.6491371988981327e-05	0.877723906347961	0.0	2540548490.987567	2540548490.987567	0.00042799190438641034	-2864992.5654391525	8.108213649429072e-06	0.7995127523615446
6075.0000000657565	0.0	29037177947.46382	29037177947.46382	0.0009605854883641661	426.306419850753	4.772046375180649e-06	-14.267571884984026	4.0612107067695655	85536.49635682815	0.0	1847554749.763283	1847554749.763283	0.00032527935224628383	2333768.858853434	1.582127621362648e-05	0.5850175939706932	0.0	2540565051.019478	2540565051.019478	0.0004749285355435495	-2932138.505340415	8.171092393701251e-06	0.8313429943265284
