5.307291007104806
Time 	 Eb 	 Ea 	 Ep 	 phi_d 	 phi_z 	 KED 	 MLD 	 K 	 E_k 	 Eb_D 	 Ea_D 	 Ep_D 	 phi_d_D 	 phi_z_D 	 KED_D 	 K_D 	 Eb_U 	 Ea_U 	 Ep_U 	 phi_d_U 	 phi_z_U 	 KED_U 	 K_U 
944.9999999967719	29025451943.3107	15691213.262880325	29041143156.57358	0.03008724302267531	-4191.669782624651	5.821045472306663e-06	-9.467252396166135	135.87241122236333	102945.76240823562	2072435312.7172961	91210.05411333404	2072526522.77141	0.002697357329683563	2791240.127725496	1.9125415199389285e-05	5.378952324725185	2849415887.970823	38570.088239511475	2849454458.059062	0.14009947852084773	-2695980.268412094	9.609524849082876e-06	285.2001923877332
985.4999999965816	29026246547.053986	14773691.68705225	29041020238.741035	0.04561091213558108	-3280.4564455254626	5.76795820518446e-06	-9.570786741214057	207.42289953238657	102306.12932653853	2072402140.2139187	90968.24821381085	2072493108.4621332	0.002731415192738237	2824183.790546158	1.8909870854206132e-05	5.496175469973188	2849404858.9718738	38291.95023116935	2849443150.922106	0.0849229523535264	-2716264.110528561	9.449798201748456e-06	172.73562095738168
1025.999999996429	29026921137.053795	13977545.970182896	29040898683.02398	0.046777969309820804	-2467.1710859111254	5.758559415491628e-06	-9.690595047923322	211.99401357313232	101905.07963451254	2072369086.749252	90306.14175354596	2072459392.8910058	0.0030652058881065593	2855290.74340135	1.9056297157450415e-05	6.113546015186867	2849392923.609169	38169.18278575875	2849431092.7919545	0.07684196593941421	-2747685.825207453	9.258258049656701e-06	155.95661234308062
1066.4999999970062	29027644165.163155	13137443.10321021	29040781608.266365	0.04454136156288177	-2296.82009538532	5.723291690149955e-06	-9.80491214057508	201.03900656750446	100364.09677855422	2072340870.3317714	94622.6843550438	2072435493.0161266	0.003154595847808736	2870163.1168070417	1.9055124375559415e-05	6.302911913802519	2849380610.2424026	38099.721473691985	2849418709.9638767	0.0620162746538071	-2767592.5411279458	9.07727171446775e-06	125.44568292408886
1106.9999999975832	29027973311.54049	12705803.92664671	29040679115.467133	0.0059687548025297125	-1676.24800360504	5.719604863942554e-06	-9.904053514376997	27.070627673552732	100542.00491066718	2072320339.9807122	99568.15845232876	2072419908.1391644	0.003606724932905198	2818349.244726019	1.9230956176291736e-05	7.299733435337214	2849368567.5113945	37959.256093220785	2849406526.767487	0.0348019177527054	-2755746.871024184	8.944407581623834e-06	70.20394116406877
1147.4999999981603	29028698686.049725	11888799.859733343	29040587485.90946	0.004441200056517949	-3486.083342014229	5.50979012969175e-06	-10.024061501597444	20.201403079086774	97463.606777748	2072295455.0269253	105166.64820023393	2072400621.6751256	0.0034860832652438105	2843971.5852344395	1.8098448776953433e-05	7.071530622421377	2849356756.317382	37869.77251602523	2849394626.089898	0.03292239256126054	-2744584.049019893	8.824295368561136e-06	66.30736175302721
1187.9999999987374	29029297622.469284	11197212.198249578	29040494834.667534	0.006329881669306777	-3412.5889781449932	5.559622912179935e-06	-10.127695686900958	28.759005167644432	98135.57284563527	2072271932.7958384	107609.46872665966	2072379542.2645648	0.003154253838592906	2838444.910545279	1.855478328760604e-05	6.438090078463286	2849345343.9315243	37731.76592202205	2849383075.6974454	0.062437852043882885	-2742792.5783068393	8.700741926783581e-06	125.537234162753
1228.4999999993145	29029169100.053658	11226830.868528843	29040395930.922188	0.003421633175585438	-2109.3953139467512	5.498400892876942e-06	-10.248602236421725	15.526242998169117	97250.23764656593	2072255498.8483453	106128.1217178898	2072361626.970063	0.0028408101645912886	2865538.1286472958	1.8405477938485657e-05	5.785760294299336	2849333855.9401255	37665.05066298973	2849371520.9907885	0.046837571223511135	-2745557.5180122396	8.568835689054842e-06	93.98259997766601
1268.9999999998915	29029102594.310684	11217951.946142912	29040320546.25683	0.004869603290240139	-973.3470214453338	5.562484190853683e-06	-10.357727635782748	22.15105984691898	98409.30758076611	2072237064.638738	105492.78757839299	2072342557.4263167	0.0024562642401766326	2902469.4540498443	1.893796165434487e-05	5.02768246423329	2849322244.2729225	37716.98209305713	2849359961.2550154	0.07907532210797816	-2751957.9829733367	8.435430350909327e-06	158.08752611315597
1309.5000000004686	29028654318.805103	11590326.317369938	29040244645.122475	0.004569620013693671	-2129.043452429366	5.497020367458994e-06	-10.44039536741214	20.722947995393138	97326.8248569565	2072215893.5014887	105649.21543210231	2072321542.7169206	0.0025206635359271046	2862310.9691136824	1.874669616426344e-05	5.139800407818518	2849310353.501845	37930.05444788188	2849348283.5562925	0.06796290865513172	-2774078.9551168606	8.29327883061479e-06	135.0287530137274
1350.0000000010457	29029280019.830853	10870924.265169146	29040150944.096016	0.01418485871128413	-3302.3119000200886	5.528818374969119e-06	-10.578873801916933	63.64517296611877	97712.65555196929	2072192449.2827363	110307.25574305397	2072302756.538479	0.0027337625900291152	2906311.797609128	1.9056940416785516e-05	5.473472665466422	2849297810.558888	38528.00540364301	2849336338.5642915	0.07061347767442211	-2803160.372666494	8.148295466643943e-06	139.41887287106252
1390.5000000016228	29030248406.055565	9791800.409480095	29040040206.465054	0.0045872830116987975	-3666.6202400055295	5.489849268135699e-06	-10.750798722044728	20.435439809592456	96502.86118735402	2072165293.8162088	113075.21262926655	2072278369.0288377	0.0032191896195695605	2843749.5404461958	1.908902252548701e-05	6.416239828684527	2849285776.1957426	39027.86817341018	2849324804.063915	0.03590387150262363	-2802410.996043456	8.028815092456026e-06	70.61023879891818
1431.0000000021998	29030573039.611588	9357005.605903983	29039930045.217495	0.0026995986088229496	-4044.167674770754	5.292402225115946e-06	-10.846845047923322	11.950028366271264	93704.72531204464	2072135872.3288321	118115.2290074129	2072253987.5578394	0.003494447366831126	2834787.5025307997	1.795194557394543e-05	6.912506807135401	2849274920.965657	39264.067677835	2849314185.033335	0.04697225034636354	-2779027.940744004	7.96664647165474e-06	91.54560738319103
1471.500000002777	29031170002.42081	8669184.17922473	29039839186.600037	0.0017593381079388875	3825.8283333942904	5.182275148737867e-06	-11.007787539936102	7.801999825053859	92631.88061968531	2072133020.3214815	130515.73385344748	2072263536.055335	0.0052740862053891075	2908031.0665248274	1.7357470552867582e-05	10.635639822141782	2849264638.471943	39493.936517376445	2849304132.40846	0.020427385405905704	-2767225.2848762763	7.9088448443962e-06	39.461219842705034
1512.000000003354	29030454358.551174	9358750.52673316	29039813109.07791	0.0008936922163933731	-6368.064658902977	5.161386196308652e-06	-11.108426517571885	3.9372280306908416	92512.99892811918	2072111172.0442972	134473.4814617131	2072245645.5257585	0.004289808200682325	2749092.1720588463	1.7310804225474087e-05	8.612224935682846	2849254650.526095	39727.12449540151	2849294377.65059	0.015743072658856987	-2762105.5626019156	7.837144559090302e-06	30.36862654631915
1552.500000003931	29030433541.05673	9243384.402495503	29039676925.459213	0.0006504812907895352	-1117.5841290485037	5.259988411920556e-06	-11.24241214057508	2.849900902835873	93014.18467373768	2072085302.200985	116037.52049159606	2072201339.7214768	0.002198859766437379	2911688.471865896	1.7879042884892546e-05	4.3935491300833895	2849244326.989774	40285.11619769037	2849284612.105972	0.01397052113869065	-2765164.6166152176	7.741009103887736e-06	26.92528458878463
1593.0000000045081	29030990737.9638	8606434.667824507	29039597172.631626	0.0007618327791051791	355.4119809666008	5.252751582850023e-06	-11.339357028753994	3.3120281207342357	93376.73964360496	2072074946.8112803	115566.21499121026	2072190513.0262713	0.0031100294129570447	2707039.176199917	1.8102303287324536e-05	6.1409553088944895	2849234412.974663	40721.2220116672	2849275134.196674	0.010322423468303584	-2764934.8711214834	7.683298305320069e-06	19.627224476328863
1633.5000000050852	29030869400.55333	8650284.968000889	29039519685.521336	0.0008246647645057717	-5310.394124096549	5.049567570469701e-06	-11.518769968051119	3.597911998126619	90148.23928315031	2072050136.5267415	115738.08577948621	2072165874.6125207	0.0017169216867347387	2589111.774976258	1.6910994849477652e-05	3.449550846971187	2849224716.603345	41184.44094485673	2849265901.0442896	0.025454573484988734	-2767481.2575601744	7.653043117086442e-06	47.96444833591679
1674.0000000056623	29031200223.38745	8212489.1599811325	29039412712.547432	0.0010289534321630037	-7091.309071994516	5.0932564965372634e-06	-11.568989616613418	4.5023686147999875	90439.22331677793	2072039571.4171824	110945.84859252091	2072150517.2657752	0.001805687240480714	2632672.2589453505	1.7300449401495293e-05	3.6327579730023323	2849215330.47394	41662.826622292865	2849256993.300562	0.018472667115169948	-2763674.1166287987	7.585280697664026e-06	34.50242967888867
1714.5000000062394	29031144212.974277	8199902.508022905	29039344115.482292	0.000545259630321687	-5877.53564353739	5.11784774550861e-06	-11.60123801916933	2.345527862241654	90488.44335914831	2072007860.816748	104838.88704882027	2072112699.7037966	0.0010229414860284361	2553441.3727130443	1.735386530720203e-05	2.0231401566704825	2849206087.7232013	42279.80058688391	2849248367.5237875	0.010584680973879872	-2764603.449376061	7.562690367084164e-06	19.434206675907152
1755.0000000068164	29031706704.72389	7528338.959662318	29039235043.683548	0.000510722539404107	-5868.799894424982	4.972676190280248e-06	-11.727735623003195	2.2171902787020517	88515.97900927218	2071987878.884976	114316.35899728164	2072102195.2439728	0.0007611427210852022	2435956.980276938	1.6566891672512384e-05	1.5441000834739833	2849197163.0724063	42849.434434744995	2849240012.506841	0.01092037068145164	-2775084.350079962	7.540202803039206e-06	20.056866513977656
1795.5000000073935	29031780462.829536	7385486.762783766	29039165949.592323	0.00033964084358931065	-3471.2433453876065	4.977136095545009e-06	-11.85033945686901	1.4666350097591208	88549.46272292225	2072006097.0687861	105384.16628312482	2072111481.235069	0.0006528549924813285	2759390.0751143466	1.6641393524258514e-05	1.3059901477285407	2849188126.0997167	43507.57909607841	2849231633.6788125	0.014320109611872951	-2791508.7448184555	7.464998950945211e-06	26.43813462760768
1836.0000000079706	29033140144.0869	6049792.372106434	29039189936.459007	0.0004148552126766932	651.7760994001944	4.978613941348144e-06	-11.714856230031948	1.8013194545545348	87840.67617163759	2071990057.149282	99047.7655298335	2072089104.9148118	0.0009272337194657894	2554137.7727956735	1.673739128230332e-05	1.8799140354251733	2849179144.5394516	44236.40614006296	2849223380.9455914	0.008684467224514778	-2812272.1917791776	7.423380723025617e-06	16.03367274627137
1876.5000000085477	29033486895.93849	5597733.59668529	29039084629.53518	0.0007542704113159248	109.10979255811395	5.026660287774336e-06	-11.829273162939296	3.2771245193559713	88641.07582806944	2071964799.860258	102437.6393898134	2072067237.499648	0.001210531536722855	2392408.6758044856	1.7286344294954648e-05	2.4496130692630604	2849170476.369954	44873.883102857035	2849215350.253057	0.018681777737046767	-2813125.128294063	7.389798081793921e-06	34.44326194341106
1917.0000000091247	29033374336.308174	5628429.663448811	29039002765.971622	0.0007362648294592061	744.0516658120432	4.995598254681406e-06	-11.943590255591054	3.19304409984311	88757.59310291511	2071982117.8285897	108973.42403143294	2072091091.2526212	0.0014488127755958827	2772056.0617337166	1.6990124523579817e-05	2.9550532071084197	2849162273.440036	45351.88459415011	2849207625.3246293	0.015898573218233923	-2798129.3850423438	7.38535525231233e-06	29.18568006794309
1957.5000000097018	29033819214.980015	5225544.451307058	29039044759.431324	0.0008267517050281054	801.9512409636867	4.89907292369112e-06	-11.91952875399361	3.5528965381339677	86888.08447456054	2071955281.6858125	109162.51673986041	2072064444.2025523	0.0014931870464618472	2645984.1700140405	1.648670299447452e-05	3.018629483055129	2849153812.096806	45739.39676010701	2849199551.4935656	0.02065620104775796	-2801051.8743793513	7.3853354493431e-06	37.95631072787203
1998.0000000102789	29033679652.966965	5262731.1017051935	29038942384.068672	0.0010712508578738273	300.97207461196217	4.89951657052199e-06	-12.012080670926517	4.614139779201341	87377.57719768203	2071937572.4463696	111260.10157195618	2072048832.5479414	0.0030509675802803337	2739722.692203875	1.6587071287821365e-05	6.174641388968043	2849145266.220958	46136.08311975421	2849191402.304078	0.011529118269484795	-2806059.2565729404	7.3832696708464735e-06	21.350086770428465
2038.500000010856	29033721386.410946	5142331.870863795	29038863718.281815	0.0007121500032682142	-440.44987839901063	4.99467526137402e-06	-12.137779552715655	3.074334093531545	88800.3690466058	2071921800.4120574	98869.09712481755	2072020669.5091825	0.0011333977439436948	2610057.049763869	1.6945792349739617e-05	2.290383515927665	2849136788.242932	46472.69457181775	2849183260.9375033	0.00939194714045545	-2810717.7557982095	7.385971817607023e-06	17.625863477264424
2079.000000010258	29034126502.221836	4651706.467075467	29038778208.68891	0.0005108926871364044	1063.669711948461	4.970253961275303e-06	-12.186002396166135	2.200833908104208	87866.54517981943	2071932729.774888	96943.72447348315	2072029673.4993613	0.0009069907136179454	2157282.1694200365	1.6725167129209025e-05	1.7841081706031539	2849128389.5001655	46827.468737930525	2849175216.968903	0.013805731310135823	-2807400.62226511	7.406911768269272e-06	26.393763207508115
2119.5000000093005	29033333697.196793	5483169.046021581	29038816866.242813	0.0006327508992651393	84.73853462070151	4.780829824413511e-06	-12.194289137380192	2.7463989351278957	85171.81815815909	2071931679.4193473	116786.77576811565	2072048466.1951156	0.0011661982948900646	2649887.237453498	1.5612363259838377e-05	2.313368822840591	2849120133.708175	47170.076091332354	2849167303.7842665	0.010598466271731862	-2798819.1560348836	7.424930492101875e-06	20.61540449147655
2160.000000008343	29032839358.696743	5973755.757385254	29038813114.454124	0.0005155245046407788	152.58169055728024	4.800034160370096e-06	-12.164836261980831	2.2472066637048447	85593.19773873434	2071932487.9703496	108098.67668816376	2072040586.647038	0.0009813086276542404	2763603.740829164	1.5558584182840674e-05	1.9743222243445802	2849111955.530718	47545.34953302005	2849159500.8802514	0.009189195256105016	-2787455.24966233	7.455430165890457e-06	18.06799998039467
2200.500000007385	29033642080.252495	5115450.287829399	29038757530.540318	0.00044152933314297666	221.60512283164974	4.910798041525576e-06	-12.201976837060704	1.9539758195734493	87352.43822563512	2071911685.8076415	100452.46254020068	2072012138.2701817	0.0005188137340649418	2388152.3954527504	1.6166614459463756e-05	1.0558743322075248	2849104090.905394	47692.4696670142	2849151783.3750606	0.004777580616584842	-2780810.919340609	7.512869614380609e-06	9.469342614522489
2241.0000000064274	29033973748.891533	4681635.442706227	29038655384.33424	0.00047229072817690614	111.44566180757039	4.8381946547344665e-06	-12.357527955271566	2.1073024867570327	86011.00214308396	2071920825.9860573	98336.89859481785	2072019162.8846517	0.0008779448990505315	2410159.456058343	1.590057936611704e-05	1.7948654489114066	2849095672.794176	48088.373333896045	2849143761.167509	0.004026077650418255	-2786318.082237345	7.540873457442393e-06	8.063188896075072
2281.5000000054697	29034241985.52658	4467355.984615803	29038709341.511196	0.0004524724221142045	718.4381971152264	4.97762180689199e-06	-12.270966453674122	2.019339499131859	88118.84201310549	2071945310.3682826	93702.48331223452	2072039012.8515947	0.0008168086958061139	2696011.1603291295	1.622571484963686e-05	1.6329863101210986	2849086534.8619924	48868.673014785156	2849135403.535007	0.003710512860314097	-2802144.6528878957	7.516793219469761e-06	7.464424034755242
2322.000000004512	29033912933.366756	4791982.473721743	29038704915.840477	0.0004696559333788449	396.1212180388832	4.8697485141690565e-06	-12.265674920127795	2.0980210066204674	85942.9036103102	2071924882.351201	95941.86155979172	2072020824.2127607	0.0008444587426468463	2466318.4986853916	1.5968778868710128e-05	1.6945999622184473	2849077101.5482216	49847.46282586012	2849126949.011047	0.003825769015041755	-2812012.1911325585	7.5304718306836215e-06	7.670707996547891
2362.5000000035543	29034168809.135033	4431841.910009623	29038600651.045036	0.0005419823169298095	-311.36858175114344	4.968011113397151e-06	-12.428314696485623	2.4366848513310777	87556.27060098448	2071912139.7631843	91666.85691993193	2072003806.620104	0.0009776331130962079	2571824.680755051	1.640324623130669e-05	1.9789835114258865	2849068097.664402	50682.92017538147	2849118780.5845776	0.0025133498557294333	-2804603.5725266594	7.623515610807256e-06	5.040684203020218
2403.0000000025966	29034515929.023323	4065236.335230708	29038581165.35855	0.00033859279966171735	700.0016152531086	4.897555070079803e-06	-12.416134185303514	1.535982154042493	86454.21828009858	2071895972.195211	90156.28101837309	2071986128.476229	0.0004738102583774696	2661053.8839631807	1.5967391239997215e-05	0.9737878474083642	2849059488.8841596	51385.647384725504	2849110874.531544	0.004280093896693932	-2792291.7450255086	7.726070029722093e-06	8.63235823902358
2443.500000001639	29034610860.337265	3885797.2743426566	29038496657.611614	0.0004139721476800103	242.7354974212468	4.884088665266023e-06	-12.468250798722044	1.8683400382003454	86537.8555003024	2071899283.6637156	95633.9104242844	2071994917.57414	0.0004717745105740285	2320301.138275876	1.5819248107784144e-05	0.9523806424474135	2849050866.987246	51967.693340277765	2849102834.680586	0.0018623087066605853	-2790017.087877595	7.792912607430075e-06	3.787083213125469
2484.000000000681	29034547981.89756	3946338.5417062044	29038494320.439262	0.00064064101008524	-85.7264606905471	4.927316091904523e-06	-12.485523162939296	2.911987474299973	87740.87115952073	2071896400.8619614	90941.42628917772	2071987342.2882504	0.0012443633984703041	2452716.510671315	1.6034514354759444e-05	2.5183069793740733	2849041323.4856462	52899.854435632	2849094223.340082	0.00229414481565108	-2796871.781658128	7.85143186739264e-06	4.683787321381158
2524.4999999997235	29034707683.710526	3718631.4546732907	29038426315.1652	0.0003980445455571276	142.42131768222924	5.027862149488516e-06	-12.594548722044728	1.8011065298754896	89230.91382754946	2071898042.7445467	86085.14108679094	2071984127.8856335	0.000789185292796231	2590302.5571297584	1.6447322872618243e-05	1.5770168486814895	2849031212.1416106	54043.89473060053	2849085256.0363417	0.0026764665876248	-2808777.2579921107	7.91993148869867e-06	5.473145287596374
2564.999999998766	29034784668.875854	3632076.8073223834	29038416745.683178	0.0005232967987046202	101.78191574119593	5.007948393707074e-06	-12.588757987220447	2.3513988814048212	88291.48824033944	2071912122.8213625	85209.7102011435	2071997332.5315635	0.0011663208005866415	2333172.5057361145	1.624752918797098e-05	2.2590636814178526	2849020294.9627953	55422.007868002634	2849075716.970664	0.0018772161266197144	-2831826.6620050417	7.95126519163284e-06	3.8644354545339805
2605.499999997808	29034511882.014008	3927277.001449585	29038439159.01546	0.0004950110305466896	387.85428395028106	5.03418903271378e-06	-12.4241214057508	2.186740335069015	88892.757488992	2071914042.7161584	93307.39646841772	2072007350.112627	0.0011094148284115824	2399981.183063917	1.653062196371339e-05	2.042280734786188	2849008738.0294986	57047.91207789024	2849065785.9415765	0.0034879730438172937	-2844150.5094039366	7.956271844944971e-06	7.219865748216133
2645.9999999968504	29034960314.057556	3489987.2074968815	29038450301.265053	0.00045026770725250365	69.09578243990862	4.998630956621657e-06	-12.451876996805112	1.9785565520818995	87982.51935306398	2071925256.9043307	110047.27389660476	2072035304.1782277	0.0011056541045540045	2702265.9678572016	1.6120310643996286e-05	2.0595631374995094	2848997338.90705	58634.12711604894	2849055973.0341663	0.002267818177684352	-2829330.8914527777	8.03280467418404e-06	4.671073549670248
2686.4999999958927	29035818953.014603	2625039.0038125515	29038443992.018414	0.0006613562339509108	668.8656528751767	4.951836050798711e-06	-12.461461661341852	2.9458113083780035	87724.40398142432	2071909029.6300607	110243.48768328315	2072019273.1177437	0.001226869056812571	2636408.0790918395	1.5687152033291156e-05	2.3214455557007643	2848986292.2952957	59989.97362587647	2849046282.268923	0.0018930028073885392	-2804810.0670222463	8.08392806567542e-06	3.936434363501763
2726.999999994935	29035840267.778618	2523723.254044056	29038363991.03266	0.000997922919255925	1029.523218081411	4.955663320143329e-06	-12.607527955271566	4.475333181003252	88752.82243285477	2071908574.45618	127788.80966387106	2072036363.2658439	0.004629274781089629	2439094.742265613	1.600447096463344e-05	8.949743511841291	2848975124.3272905	61485.613082217045	2849036609.9403725	0.001218057295615815	-2788700.274933813	7.987572465357693e-06	2.522764787120472
2767.4999999939773	29035567332.901875	2803566.2129790783	29038370899.114857	0.0007454239173249589	-855.1376660980987	5.058378629679252e-06	-12.74051517571885	3.343618308927824	90028.58927746015	2071918681.477326	130240.64722615108	2072048922.1245525	0.002897252487890955	2569892.244581523	1.6523181957099213e-05	5.716938361384173	2848964245.9206567	62867.89667256502	2849027113.817329	0.000990158502935853	-2784782.4241140974	8.088308034007397e-06	2.0342964940345607
2807.9999999930196	29035553376.20804	2766439.056538224	29038319815.26458	0.0005474662862523971	392.8887756886124	5.2672595713913245e-06	-12.71785143769968	2.4757586131085505	93160.24839135792	2071931320.2672567	107030.90105584543	2072038351.1683123	0.0006603935715079074	2225604.6486329045	1.7589574019160818e-05	1.3044491966867926	2848953104.0279727	64374.882380915806	2849017478.910353	0.0014730119144140661	-2774747.2756109433	8.21333928405615e-06	3.056381684308546
2848.499999992062	29034805662.229572	3548230.1959941983	29038353892.42557	0.000493395694619039	-228.25213231228614	5.209408203537103e-06	-12.703773961661343	2.2238662688100037	92321.06432158826	2071958492.9017677	107514.75231617689	2072066007.6540835	0.001568218067095212	2695352.007300186	1.6963217720022092e-05	3.1220492752834033	2848941463.694322	66153.59176335041	2849007617.2860866	0.0007949249701573404	-2768736.11582853	8.22392123231975e-06	1.636962175600675
2888.9999999911042	29034821992.59098	3562765.6528779864	29038384758.243866	0.0005366747583936246	456.5060141252905	5.060389610322326e-06	-12.622803514376997	2.4297923092882483	89348.77738023805	2071950557.19682	98230.51149284815	2072048787.708313	0.0005368165508592652	2608895.385323942	1.6072596592704395e-05	1.0849555615290318	2848930133.6156974	67564.56558156898	2848997698.1812787	0.0006857772271524759	-2759664.6582780536	8.287641089135853e-06	1.4097085550983373
2929.4999999901465	29034447167.975067	3830590.8333337307	29038277758.808403	0.000514100484404307	228.9990155971256	5.017783381768731e-06	-12.691793130990416	2.341298514806797	88886.14632762017	2071931241.5294113	88483.69631423522	2072019725.2257257	0.00041988113815174345	2362715.392917385	1.5943299643241412e-05	0.8621164614896372	2848918349.2195992	69137.03582995292	2848987486.255429	0.0008236145926692251	-2750118.6298071835	8.262776053146016e-06	1.6910828656347263
2969.999999989189	29034582668.87306	3611995.807181359	29038194664.680237	0.0005018558560626451	721.9971565129093	4.835188455633007e-06	-12.825678913738018	2.2709312118417073	85813.9772091175	2071920612.6502035	99822.25560215139	2072020434.905806	0.0003909310705971332	2284035.3467239533	1.5002905464541744e-05	0.8039110400812081	2848906289.6521626	70950.0384006449	2848977239.6905627	0.0010448043969498735	-2750000.6855107187	8.212678298212338e-06	2.1190666158566547
3010.499999988231	29034974190.002132	3143270.8936243653	29038117460.895752	0.00043533980199847737	-399.3635457013335	4.9441931328046535e-06	-12.941992811501597	1.9603349904320582	87647.87784653256	2071940224.513529	88014.13671266963	2072028238.6502416	0.0006160374618992771	2370043.629079652	1.569517215880453e-05	1.2708548548442118	2848893861.47855	73070.03276056284	2848966931.5113106	0.0009541665290760998	-2759795.9382488998	8.13955424574534e-06	1.921675316194802
3050.9999999872734	29035254948.284664	2924395.702431679	29038179343.98709	0.0003085099329374735	255.47763322862377	5.09301770098727e-06	-12.786641373801917	1.3530536688283672	88951.01317775944	2071986215.9037447	76396.31454039202	2072062612.2182853	0.00042804694103055856	2312149.448389006	1.6378835543995488e-05	0.8768412805224194	2848881293.990092	75386.0773901767	2848956680.067482	0.0011061394465266983	-2785246.292917009	8.04749690061422e-06	2.1161046462952884
3091.4999999863157	29036043008.078003	2190731.58661896	29038233739.66462	0.00036370134969476676	384.3681458178319	5.086697423958767e-06	-12.694488817891374	1.5992923782740647	89073.09591625251	2071969518.826293	80449.39299623622	2072049968.2192893	0.00047321690838498403	2403313.2511525485	1.6036154283636438e-05	0.9703167879705744	2848869238.6564813	77562.27824189002	2848946800.934723	0.0011421884330366856	-2787341.4937418895	8.474389602467831e-06	2.205440229639427
3131.999999985358	29036609210.35971	1540113.27230382	29038149323.63202	0.0003862994260942309	454.8045490004109	5.23581344964114e-06	-12.759884185303514	1.713559271552269	91567.83182485684	2071960873.686868	79471.46547568357	2072040345.152343	0.00048285199717791995	2598737.547169357	1.70267244823012e-05	1.009184068427739	2848856533.484237	80541.6823696224	2848937075.1666064	0.0014798006265196572	-2770213.869592242	8.48460065742279e-06	2.940408516220258
3172.4999999844003	29036824609.778767	1326893.2359535098	29038151503.014725	0.0004906703246886144	575.6606196258224	5.096276758247916e-06	-12.767671725239616	2.130896260539069	89576.20083562126	2071969012.683382	85565.12086790847	2072054577.80425	0.0007743410415659606	2708840.6526160715	1.5952638212703073e-05	1.618333877318834	2848844224.2737083	84729.41484614788	2848928953.6885543	0.0024112448570843287	-2774272.1318346397	8.631120458340787e-06	4.657559114961656
3212.9999999834426	29037046915.6807	1074198.0360050797	29038121113.7167	0.0007004224447319254	729.0275082640084	5.122387611938628e-06	-12.844748402555911	2.9457752879553967	90550.13795355527	2071957253.35767	90010.4829703439	2072047263.840641	0.00047576183092279276	2563417.2243005317	1.6073790273203173e-05	0.9991948361197908	2848832178.1348553	92340.00396337824	2848924518.1388183	0.027196365954249346	-2776799.0044261045	8.775262365032714e-06	49.95784858543422
3253.499999982485	29036724393.040886	1297584.1907317638	29038021977.231617	0.004167635540008569	180.37891261225792	5.175720939876733e-06	-12.964656549520766	16.916514983036475	90890.8683041387	2071949541.42065	74823.6811809307	2072024365.101831	0.0003937157439087268	2792027.2503554965	1.605724315253321e-05	0.8263346716822428	2848818318.385384	106772.43779323714	2848925090.823178	0.07587356649837286	-2774040.3010860817	8.987082605017504e-06	131.04874473138233
3293.9999999815273	29036639007.495136	1387738.7341032028	29038026746.229244	0.003418436886552307	1301.0083656889633	5.259569745704454e-06	-12.909644568690096	14.30611695898102	91549.58001708945	2071962780.348634	56316.9790534433	2072019097.3276873	0.0003013003392204948	2325366.16637734	1.5606528746630185e-05	0.632388584333865	2848791006.6127925	126238.96786429035	2848917245.580656	0.17248635644793514	-2745797.4029453346	9.349200944048081e-06	316.09250141093344
3334.4999999805696	29035641298.863037	2319422.4078320265	29037960721.27087	0.008034987629126867	242.55136871512903	5.105334552313915e-06	-13.023961661341852	34.83526282776482	90072.08231767	2071990847.2820385	51939.096074975096	2072042786.3781133	0.0002469956987644268	2391838.774747991	1.6069253900471324e-05	0.5182974743909163	2848760761.3564296	149602.08259778703	2848910363.4390273	0.055098173872459	-2986707.324559265	8.58989651167346e-06	103.83918605812144
3374.999999979612	29035250429.663635	2766850.3635362983	29038017280.02717	0.06697346150474176	1232.4923948441165	4.882734118782497e-06	-12.942591853035143	293.92616189491986	86364.4252360677	2071965360.6223035	85462.62551818206	2072050823.2478218	0.0017032836844923162	3303474.53081977	1.446981112103194e-05	3.3423734672235197	2848784254.2527237	143122.65210452117	2848927376.9048285	0.014481084821097577	-3451924.170157822	8.676842619525425e-06	28.24732744706243
3415.499999978654	29034460593.716827	3526912.548952818	29037987506.265778	0.017128406369802875	867.3338982190767	4.794809378755889e-06	-12.996106230031948	74.73409790577826	84637.39834056074	2071894911.0929952	112763.59501662478	2072007674.6880116	0.003599277944546152	3020068.5110200327	1.4864897364018629e-05	6.854481010128772	2848830224.7676964	119921.38916346336	2848950146.1568594	0.015955895733060943	-3134807.518434877	7.781807871291557e-06	31.782024324406144
3455.9999999776965	29032369391.472187	5542974.338686943	29037912365.81087	0.004017470720912093	-117.24119715002884	4.726473919248029e-06	-13.078374600638977	16.993085145893467	83552.2382884605	2071869252.4784179	118132.78684408613	2071987385.2652617	0.0033429198397265073	2784360.3427756573	1.5051040852905154e-05	6.107095575310198	2848850872.019479	114457.55468650046	2848965329.5741653	0.06081061736587214	-3349972.184601527	7.568723302083875e-06	118.51883222987976
3496.4999999767388	29031184778.483765	6731570.255376817	29037916348.739136	0.0033404158610773043	943.7555923521255	4.5587078448165924e-06	-13.113218849840255	13.256780155806375	81242.08381460646	2071867405.0999067	126582.57109134829	2071993987.6709986	0.0034583956683817835	3116267.20782343	1.4271779786490758e-05	5.510983008717867	2848862473.450059	114503.89538670842	2848976977.345445	0.03127315295174074	-3159011.2982798964	7.2722149717329925e-06	59.254967166792014
3536.999999975781	29029269022.090996	8685708.71295011	29037954730.803947	0.025902814748504904	172.95611566724946	4.445606478676957e-06	-13.125199680511182	98.77512467238256	79620.63325754672	2071836021.0391703	128965.84489527345	2071964986.8840656	0.0035304779032608704	3261287.484090181	1.3526802263700824e-05	5.231928865615791	2848875140.931919	115209.51382482168	2848990350.445743	0.005239900694178441	-3447168.682002303	7.248907864872558e-06	9.64802448592189
3577.4999999748234	29028521376.847553	9341869.576807022	29037863246.424355	0.025601801732519025	1002.9462472306577	4.437433732204761e-06	-13.239416932907348	97.37418226605435	79133.86869832486	2071784646.2032757	154085.92685456853	2071938732.1301303	0.0013167809712202442	3181655.9346376425	1.3619489188579828e-05	2.004995702807341	2848918907.730902	90477.71366431913	2849009385.4445667	0.0032273624962768474	-3326333.856028856	7.241342383553311e-06	5.76710003111867
3617.9999999738657	29028381775.619663	9470161.524449825	29037851937.14411	0.021967552376051705	38.42528904389562	4.271858743903959e-06	-13.314197284345047	86.20165754281471	76601.5724888815	2071738861.7823505	171344.19702638686	2071910205.9793773	0.001951482297543059	2983037.4796726196	1.2268692869889316e-05	3.123106282922592	2848952182.4058847	73201.99100048398	2849025384.396885	0.0036666330478223493	-3245262.1721085478	7.408875592674088e-06	6.80083901734941
3658.499999972908	29029030599.319695	8738696.56052339	29037769295.880222	0.01839539001233978	509.1874178153905	4.217943536976476e-06	-13.367711661341852	72.44534761796602	75885.67815608336	2071701587.29556	170440.79067946176	2071872028.0862393	0.002282771009873411	2699021.731129285	1.189355353928858e-05	3.6669658226243684	2848974628.555551	61028.7526363614	2849035657.3081875	0.004464997649748165	-3153204.605907555	7.538714510992376e-06	8.664044595180984
3698.9999999719503	29029698814.406353	8020476.292135358	29037719290.698486	0.0021565470811885316	320.4863388106384	4.2033279038330825e-06	-13.386980830670927	8.75486668771682	75560.17883215827	2071700891.846999	172399.37425468766	2071873291.2212539	0.0024224840748425154	2630451.128708965	1.1774257183495532e-05	4.021899875057515	2848986055.696785	54824.56056443089	2849040880.257349	0.002267797054480427	-3069070.9295556713	7.491357263820357e-06	4.440113547075397
3739.4999999709926	29030035581.678543	7717682.374157668	29037753264.052696	0.0012003873696841273	44.16688740647099	4.230770049797761e-06	-13.307607827476039	4.999190621774931	75601.93017758874	2071699946.1243017	162921.77817401872	2071862867.9024756	0.0033045739321128534	2613364.154842766	1.176368713816937e-05	5.6555856486615985	2848988792.4259458	51243.98462539865	2849040036.4105716	0.0009266702523639852	-3002449.9137463695	7.480172401791055e-06	1.814397799994724
3779.999999970035	29030911162.190876	6811968.936308981	29037723131.127186	0.0008772193591509768	-152.55965406807064	4.319119192150101e-06	-13.22823482428115	3.642652766210814	76276.44211262913	2071730083.0245833	155705.2992156346	2071885788.3237984	0.003365524940294208	2636088.055819761	1.1317032077097072e-05	5.866017247189451	2848981052.690093	53312.59022804303	2849034365.2803216	0.001131417661461289	-2926454.4884163314	8.099398044643228e-06	2.195463100209714
3820.499999969077	29032231025.59075	5619882.932034612	29037850908.522793	0.0014217887089984654	927.2182971753801	4.212854093887811e-06	-13.002096645367413	5.933925196169267	74773.7576898135	2071743140.6894681	147601.16748910747	2071890741.8569572	0.005678904371938291	2697292.2117886064	1.1985911495592149e-05	9.776287237192612	2848962151.5179935	61412.7918096513	2849023564.3098035	0.0033906374455582953	-2893005.5382715585	7.342550729284894e-06	7.097208327021038
3860.9999999681195	29033445302.373245	4383876.320246935	29037829178.6935	0.00104746792161889	410.6516958957162	4.252147519414863e-06	-13.014576677316294	4.375919175489925	75070.92381501934	2071732693.4753416	144751.46377282753	2071877444.939114	0.004298667066252381	2780214.445773088	1.2011873282499151e-05	7.451746197655964	2848963784.2898293	61453.563707504654	2849025237.8535366	0.0033357643834187687	-3157021.231965665	7.596483837938428e-06	6.598951780846319
3901.499999967162	29033997251.32489	3819820.131005168	29037817071.4559	0.0010020186418736284	448.80434094710915	4.276339153405524e-06	-12.99540734824281	4.204671395445576	75296.14834510916	2071714705.534607	149716.80615921644	2071864422.3407664	0.003199819731138592	2918817.0870762025	1.2049157538896629e-05	5.598349382624428	2848977663.1634774	53718.22219523833	2849031381.3856735	0.0016705909865084732	-3079172.088310019	7.716224666186514e-06	3.289763642283438
3941.999999966204	29034748608.1716	3021944.748356223	29037770552.919956	0.0010078450231766033	-39.555570303881595	4.570076233795711e-06	-13.02176517571885	4.188595094131351	79733.23913614664	2071701401.0477705	147811.88809277513	2071849212.9358633	0.00263888110336047	2609563.868863092	1.374072409817536e-05	4.470963245642373	2848981076.6558228	50262.339551768724	2849031338.9953747	0.0010271811067742677	-2961785.406180942	7.669888973829034e-06	2.0732879129976935
3982.4999999652464	29035124931.256443	2612793.032351315	29037737724.288788	0.0010606313237788124	850.6909121048005	4.645435050733388e-06	-13.021166134185304	4.587315376262268	81001.24538301892	2071714194.251989	141288.85800466617	2071855483.1099935	0.0023259676500404225	2468628.949635591	1.4169522088406534e-05	4.169725322066343	2848970816.31693	52601.302379941095	2849023417.6193094	0.0010293833381746624	-2849633.945791387	7.885997145318376e-06	2.1929824600963794
4022.9999999642887	29035605741.571762	2157786.6911319494	29037763528.262894	0.0011035909563911544	437.80773427530164	4.592227636880772e-06	-12.95916533546326	4.760578108429925	80764.55662082115	2071727412.9463205	133732.97123633395	2071861145.9175568	0.001895634177875602	2849790.6954607265	1.5308180932116294e-05	3.559366101884588	2848948508.01659	63728.9393615271	2849012236.9559517	0.005113999479170031	-2920402.521298113	6.80558126190836e-06	10.430948730620562
4063.499999963331	29036126684.49935	1629945.030290127	29037756629.529644	0.001760816792670288	760.6949554580681	4.648100671037174e-06	-12.972943290734824	7.636961803908657	81756.12498483085	2071692678.8538544	151682.69823406544	2071844361.5520885	0.004438328296180465	2911369.4596857484	1.4834763103544299e-05	8.469626558884825	2848964437.2421436	55779.34949608007	2849020216.59164	0.0040464732588753	-3072555.820029271	7.3177752509577785e-06	7.873590548183536
4103.99999996298	29036267182.473625	1416332.360031426	29037683514.83366	0.0012909315074675592	502.86156888485834	4.466991502404328e-06	-13.124301118210862	5.655174261236155	79758.91618106527	2071682615.2505383	157502.8221606179	2071840118.0726988	0.00290706988380334	2605182.113789334	1.355734796193538e-05	5.464142556613943	2848973767.4245768	49414.27574302978	2849023181.70032	0.001022799357969688	-2946779.4844679823	7.528479996831296e-06	2.1022822857406456
4144.499999965092	29036111972.361443	1563042.968613267	29037675015.33005	0.0009634297086161572	322.7217490510702	4.622234866724538e-06	-13.11751198083067	4.277758403134466	82066.18776752728	2071695040.6387758	150122.57388476306	2071845163.2126606	0.0023144739785753623	2585490.56263102	1.4353246869429113e-05	4.439723547457691	2848973060.392162	47640.327996747335	2849020700.7201586	0.000560486719726481	-2864493.3376901085	7.569019273346809e-06	1.1582707145177193
4184.999999967204	29035980322.59392	1738299.6024527552	29037718622.19638	0.0009275903081353562	678.0527495518386	4.7755682093911715e-06	-13.078474440894569	4.084625675004253	84461.26657123206	2071691592.9964175	145991.1211696323	2071837584.1175873	0.002012191099455999	2486747.9242242323	1.516228152147491e-05	3.7543590334948163	2848967868.5370564	47773.820684856735	2849015642.357741	0.00048018254884886247	-2836549.7978077237	7.652629077930058e-06	0.9919972618547831
4225.4999999693155	29035190562.416477	2477874.524408877	29037668436.94088	0.0005090913660928777	158.14156859809862	4.9682820426762595e-06	-13.213558306709265	2.2523855503479355	87178.61107570669	2071682532.7954137	136278.96946090134	2071818811.7648745	0.0007019921446547353	2855658.793525345	1.6150908671616056e-05	1.341364718545892	2848960479.108497	49018.121826412615	2849009497.230324	0.0004469443066155019	-2845231.0421761847	7.979782809774592e-06	0.9186971437597723
4265.999999971427	29034583217.20371	3017056.883241415	29037600274.086952	0.0006720681848270548	877.7762902768206	4.92166731419748e-06	-13.279552715654953	3.0197010029880254	86738.17591819371	2071670723.0821617	123751.05116641056	2071794474.133329	0.0009454287239818124	2772623.71195871	1.536739362438967e-05	1.8536406455529746	2848952144.8560023	51491.695912376505	2849003636.551915	0.0003996820904394313	-2845980.755608304	8.114109103900746e-06	0.8150087140961874
4306.499999973539	29034697337.523098	2835495.5799088483	29037532833.10301	0.0007192437203628734	733.303256654048	4.928572762002996e-06	-13.309305111821086	3.251472615464348	87576.90135856159	2071670427.5887513	111936.63184939207	2071782364.2206001	0.0008725674989663359	2907683.0360986833	1.5680630418353197e-05	1.7370453534512353	2848940823.3882184	59741.528415062465	2849000564.916634	0.05270052671955333	-2841933.761391525	7.960285245320946e-06	107.94756851885785
4346.999999975651	29033714110.683144	3790346.79343468	29037504457.47658	0.0009468719130885584	335.74992365496195	4.9085015901125145e-06	-13.401357827476039	4.32222781553446	86726.08932092524	2071677870.3606455	114299.89448468573	2071792170.25513	0.0027387992579580643	2919331.280638517	1.5325063051645813e-05	5.563632885253647	2848918641.4150686	67312.39353602147	2848985953.808605	0.013067689085393203	-2807402.2113038814	8.009553491995059e-06	27.160537741457933
4387.499999977763	29032074681.910706	5364317.109898269	29037438999.02061	0.0010631868707005792	-176.72840411949505	4.769179662303802e-06	-13.531349840255592	4.7169973561312055	85147.0931997711	2071665594.8794324	98112.35026731667	2071763707.2297	0.0008335412782797451	2921911.0236092987	1.5351231493546702e-05	1.6899844083413758	2848898385.340708	79009.59803028312	2848977394.9387383	0.03188821861071236	-3041962.968723193	7.341004534267786e-06	62.80851779394896
4427.999999979875	29033106406.60751	4262762.140966654	29037369168.74847	0.020731549943362702	670.2027486665672	4.7922409724089895e-06	-13.61361821086262	92.81977217167461	85053.89454967888	2071651663.4505568	114906.50034955864	2071766569.9509063	0.0016439752134912958	2834118.3764751777	1.5031667862369802e-05	3.3778149882860737	2848928735.9778214	62317.631182833575	2848991053.609004	0.004095505631927465	-3107676.457655387	7.742036347570678e-06	7.894577569061058
4468.499999981987	29033951888.909996	3468797.092961669	29037420686.00296	0.001321529891224727	260.1344583212667	4.674858057171593e-06	-13.613318690095847	5.975889839446735	83095.34357894276	2071630603.2671957	124903.01219045371	2071755506.2793863	0.0019476283535424768	2698913.0403706417	1.45193555286001e-05	3.883935755296649	2848940839.0586996	55130.376283210004	2848995969.4349833	0.0015881663616515102	-3017181.6851026863	7.658949485574544e-06	3.247629677059737
4508.999999984098	29033929710.660625	3436869.85034442	29037366580.510963	0.0010534813043861285	772.3847127759725	4.683854506489965e-06	-13.657947284345047	4.762213882895314	82595.80288731118	2071638427.8636775	139267.4273710982	2071777695.2910485	0.0017685799825910141	2461294.395936756	1.4744361159476425e-05	3.503031935382472	2848945228.827445	51059.48865126958	2848996288.3160963	0.0007907571729755673	-2934092.8670663657	7.506707419701638e-06	1.6173209657106289
4549.49999998621	29034288160.61841	3127958.033950091	29037416118.652363	0.0006090649406822316	645.3326654707153	4.662973574138805e-06	-13.614816293929712	2.7439308240149813	83034.36307806135	2071641094.922378	148526.8026430318	2071789621.725021	0.0013934366250450197	2717789.8200801057	1.4889147866905541e-05	2.733386160608479	2848943601.824926	49361.904695890844	2848992963.729622	0.0004664961743987808	-2873198.103521576	7.501020431238281e-06	0.9508646833838953
4589.999999988322	29033775942.02902	3647719.075637698	29037423661.104656	0.0007595807619284098	-5.067809623397395	4.78887090387491e-06	-13.603035143769969	3.4327320677759507	85042.89278367141	2071638201.57043	140959.37712039938	2071779160.9475508	0.0011472679329329629	2803202.6033937107	1.4955771237779774e-05	2.272026593279445	2848937694.3027205	49323.288432412075	2848987017.591153	0.0004575135964621197	-2849389.786468797	7.737977644572926e-06	0.9379969081796661
4630.499999990434	29032870624.48269	4504377.510450244	29037375001.993137	0.00045645075767410435	203.07821350801373	4.917704329355422e-06	-13.655950479233226	2.102285440386527	85994.89041394774	2071647444.0520253	125213.76537549029	2071772657.817401	0.0005783496469871372	2210740.2472289545	1.5283324302487787e-05	1.186380301090049	2848929139.5982957	50284.99705081945	2848979424.595346	0.00041534343523188367	-2848308.6716360487	8.031914648840238e-06	0.8602060423419527
4670.999999992546	29032564634.65456	4811031.100546002	29037375665.755104	0.0004694660731663179	671.468136017201	4.824714798219004e-06	-13.629392971246006	2.156241625690294	85315.02959586453	2071661663.4832144	127547.88441527214	2071789211.3676295	0.0007661006031947025	2415154.7450078186	1.4703838706469431e-05	1.5533417953021273	2848918850.0471635	52067.743094994454	2848970917.790258	0.0003885724525731072	-2854169.3522660593	8.221967088588469e-06	0.8013940368861383
4711.499999994658	29031823884.164677	5582242.061427116	29037406126.226105	0.0005573584194107138	975.8292982934353	4.882795009814526e-06	-13.587559904153355	2.5613115585484563	85425.78085956813	2071668724.7784033	134076.69537074305	2071802801.4737737	0.0010374667964562203	2804623.140990197	1.4778155105082606e-05	2.127658959080521	2848907934.6735163	54014.216814645566	2848961948.89033	0.00040892578768061407	-2859520.88716086	8.469700331478385e-06	0.8354347403024793
4751.9999999967695	29032045662.58907	5383841.64644891	29037429504.235516	0.0006998868833277426	8.633866860846158	4.9473905938602224e-06	-13.614017571884984	3.1974174589449427	86575.43699844724	2071668986.4761791	140745.43543528602	2071809731.9116144	0.001483505220585846	2856970.537020063	1.5016572772805644e-05	3.0394819972756144	2848894842.79012	59222.74401889019	2848954065.5341387	0.0006114536887937819	-2851164.5614619725	8.572743262143525e-06	1.2289507180279005
4792.499999998881	29032318639.05159	5006629.621938407	29037325268.67353	0.0006551125742883315	582.5114951604394	5.130245973840785e-06	-13.73492412140575	3.029299673830704	89453.16408974437	2071656202.4642773	112940.0160043917	2071769142.4802816	0.0006384422098746726	2794733.254211659	1.6112302326238626e-05	1.2983235013755323	2848872589.4210114	69755.73580538295	2848942345.1568174	0.01597643095222635	-2821814.14025671	8.530014196334353e-06	34.152313121566316
4833.000000000993	29032276572.59983	4959892.258415461	29037236464.858246	0.0007879827565352174	284.0081458304993	5.0549935619162065e-06	-13.845447284345047	3.6135033417200986	89301.10107438205	2071659564.2541895	99027.4959516248	2071758591.750141	0.00034918989566767525	2720596.0759957414	1.606948627345785e-05	0.7147393519460714	2848851170.318359	82366.56977427867	2848933536.888133	0.015170428849163843	-3096452.536861651	8.108917796367864e-06	31.631241629297953
4873.500000003105	29032277074.01545	4903933.658834279	29037181007.67429	0.0031171084719109877	765.8747686405286	4.983951642710176e-06	-13.900159744408946	14.422574920882807	87466.46526124008	2071637793.1310465	121717.71199800399	2071759510.8430445	0.0016645545502446295	2056880.3735566428	1.5608503558676406e-05	3.3638344913311675	2848881519.9189982	64788.77580501045	2848946308.6948037	0.000835140422434362	-3013250.4587263158	8.087127011783787e-06	1.7944882269233289
4914.000000005217	29031116843.126526	6074053.32474959	29037190896.45128	0.0008879882776892315	-36.58914412892797	4.78685941295299e-06	-13.905551118210862	4.038785078453243	84361.33705070532	2071679417.7188096	120619.46469616261	2071800037.183506	0.001487889518311537	1761985.3095467295	1.4890050403682406e-05	3.005603408385355	2848863494.4323354	73941.4932887703	2848937435.925624	0.005006079057236538	-2904015.928781219	7.5983571350848185e-06	10.437477184333025
4954.500000007329	29031284530.260002	6066728.065415978	29037351258.32542	0.001439417224049715	458.47875597815147	5.026958553237577e-06	-13.68370607028754	6.358013069745672	87597.32041414021	2071683871.7695591	135400.53027443564	2071819272.2998333	0.002803371319887349	2881911.256073824	1.5815644683196702e-05	5.501274156484652	2848874936.488071	70797.88298961171	2848945734.3710613	0.008880673911984362	-3230358.4119579555	8.389328207881185e-06	17.347130580635685
4995.000000009441	29031742814.895157	5622933.295138121	29037365748.190292	0.0012312125486906261	-142.43126576203412	5.044611256941984e-06	-13.699380990415335	5.501306060179567	89132.74663050397	2071669385.6946301	138641.9910651825	2071808027.6856956	0.0022095448329780857	2517912.902883203	1.600998017456704e-05	4.264008011493378	2848894431.8220234	61415.53875488881	2848955847.3607783	0.0024993814094011546	-3026054.1365868873	8.329558348853098e-06	5.11757010832109
5035.500000011552	29031754853.323227	5635589.507590652	29037390442.83081	0.0009603696169138838	1456.150645780847	4.799939704838726e-06	-13.672124600638977	4.321882744681342	85101.38142302594	2071660290.0876276	144016.68043708615	2071804306.7680647	0.001914312948954578	2303601.2168687647	1.4682287796557964e-05	3.8026149800937676	2848895815.2673025	65502.02725984715	2848961317.2945614	0.04035180985052302	-2916615.4851741223	8.097657826811321e-06	82.36377621809996
5076.000000013664	29031859100.344124	5480276.920537591	29037339377.264668	0.0009218906499923599	881.3226914775314	4.829507122393515e-06	-13.799321086261982	4.104070517858272	85812.35395922208	2071684884.0306237	144317.7753805425	2071829201.8060043	0.0016720609130255436	2423666.637119747	1.4274115214160069e-05	3.180733590691717	2848882769.416839	67950.8893793507	2848950720.306218	0.00391466169883679	-2809554.726257638	8.43130228587954e-06	8.142538088276055
5116.500000015776	29030326488.028393	7066612.803805113	29037393100.8322	0.0010052513554065566	323.44086597308205	4.824403589533409e-06	-13.743111022364218	4.317649517969693	86237.71233473782	2071686440.3609629	126712.204297262	2071813152.5652604	0.0014658491006686236	2505403.711290302	1.5932141212979294e-05	2.6833375063340843	2848862765.257861	78331.72450926434	2848941096.98237	0.015679400554595713	-2886678.0568853826	7.3352036901545184e-06	32.65331137395692
5157.000000017888	29030297148.290413	7047693.339547992	29037344841.629963	0.0015388629340876677	1770.9236631879842	4.797660239433943e-06	-13.973841853035143	6.629688960950679	85613.91704279426	2071668620.6115267	153538.20473691332	2071822158.8162637	0.0014887310575784406	3124563.65584712	1.5056849783878528e-05	2.862958238103175	2848878884.871069	72870.3947852673	2848951755.265854	0.009405764782663886	-3270644.9415273024	7.91221358832706e-06	18.23788779921679
5197.50000002	29029723203.744568	7631539.969245732	29037354743.713818	0.0010097232248872717	-527.5499588879451	4.753564337503874e-06	-13.99800319488818	4.438530785574991	84854.94492257769	2071644047.5468073	161970.59749625134	2071806018.1443036	0.0014380021650741547	2720518.919851622	1.490352938891528e-05	2.725140922456945	2848903014.7846837	58960.2681690494	2848961975.052853	0.001965401927762698	-3047281.910387755	7.625044162619834e-06	4.030252986160956
5238.000000022112	29030163675.71688	7156646.787988902	29037320322.504868	0.0012771524769571636	-3.5372042248579447	4.796118574597612e-06	-14.021166134185304	5.6048980884087145	85762.05286704215	2071655077.8817947	139509.0857101367	2071794586.9675047	0.0005452895097018263	2497908.712702861	1.5233120382001312e-05	1.0488639623549967	2848913296.1310887	53088.721761239925	2848966384.8528504	0.0002466161722421031	-2953444.9030293603	7.5862411939367085e-06	0.5033586140000519
5278.5000000242235	29028777612.051235	8579564.986159086	29037357177.03739	0.0009807776997705253	1255.8208889501088	4.801163048698353e-06	-13.938797923322683	4.267141221418769	85416.88823036777	2071647554.8375068	146686.8175136028	2071794241.65502	0.0006196261330636477	2748259.628018599	1.5254994699289003e-05	1.1456514870196095	2848916782.2227626	49391.00139839621	2848966173.224162	0.00013886667914810074	-2877496.9970592745	7.708432111836536e-06	0.2837639946044672
5319.000000026335	29028474069.39164	8817516.508469522	29037291585.900112	0.0011030337045194365	184.6954012186592	4.728586553513643e-06	-14.049520766773163	4.853734634523745	84014.92582354009	2071631673.701183	125536.25845881666	2071757209.9596422	0.00026242803761197526	2453168.2119766437	1.464761401280345e-05	0.4966370353954802	2848912278.741416	48912.270333729444	2848961191.011749	9.639514904290261e-05	-2841100.1247699056	7.746659540200513e-06	0.1972541877714377
5359.500000028447	29028787615.126076	8457094.845118761	29037244709.97119	0.0003754409417011079	303.622969882457	4.686858230214035e-06	-14.00569089456869	1.6953299596846332	83470.6392588988	2071656635.8681588	116808.10454219556	2071773443.9727008	0.0003181111352269102	2442693.0716508785	1.4660997986555151e-05	0.6319755460643594	2848905391.4671583	48810.477232191246	2848954201.9443903	0.00013599234512027316	-2837957.23438658	7.667605850727625e-06	0.28094131169057934
5400.000000030559	29028971600.102253	8357363.638100624	29037328963.74035	0.00028051276952925836	793.9378585661245	4.600422570594405e-06	-13.811102236421725	1.2752095649333604	81981.26655114406	2071663115.9635284	104939.114603105	2071768055.0781317	0.00033348028379469595	2650077.371600834	1.3753706396242016e-05	0.6695029388401315	2848896530.784901	49551.670330014545	2848946082.455232	0.0001469640737176194	-2841362.9368823124	7.828718790183756e-06	0.3006924618496261
5440.500000032671	29028965046.11578	8287890.404114366	29037252936.51989	0.00031583432237670755	474.718890077742	4.646617260679935e-06	-13.863218849840255	1.445764744696672	82267.53115807546	2071642085.5340843	94695.82524191983	2071736781.3593264	0.0002562029314790515	2272552.724788539	1.3125729117271696e-05	0.5146765459787591	2848886701.004367	50548.3502429612	2848937249.3546104	0.0002688091357390663	-2843861.4672637098	8.264034009137926e-06	0.5555625987959747
5481.000000034783	29029125603.716354	8047879.738067151	29037173483.45442	0.0002676748774403336	221.45216855655465	4.705000026080389e-06	-13.906449680511182	1.2299540687066857	82707.00104607668	2071668805.7976446	97489.87985658227	2071766295.6775007	0.00016572258923157733	1836820.3648449988	1.3282733615660883e-05	0.33784200104444934	2848876063.33785	51611.63025461254	2848927674.9681044	0.00027902452813758944	-2835808.783404872	8.516502754121792e-06	0.578480232958273
5521.500000036895	29029563526.799236	7688975.94618547	29037252502.74542	0.0002790560580446347	-184.95590873083043	4.814204113791607e-06	-13.777156549520766	1.2711788267628612	83677.7904585171	2071680674.2892704	101441.78465481382	2071782116.0739253	0.0001825345672150389	2593349.557425759	1.3603590414845035e-05	0.37001970387485345	2848863241.168138	53578.06083988328	2848916819.228978	0.00032296000445952255	-2832630.74504141	8.92789292286728e-06	0.6577016732926165
5562.000000039006	29029840142.09339	7396311.151204109	29037236453.24459	0.0003125081712946786	837.0044066393436	4.927201803376832e-06	-13.769668530351439	1.4418173673773205	85682.21323581037	2071671531.0280986	92363.59919986594	2071763894.6272988	0.0001960863843224553	2398087.774800015	1.3862514534376594e-05	0.39825950086006257	2848849009.5821815	56487.994131707346	2848905497.576314	0.00045924991375480203	-2809753.053205143	9.281595211717209e-06	0.9585382770849161
5602.500000041118	29031180029.13431	5995948.301718951	29037175977.436028	0.00044821851550702006	956.0967552397846	4.796970649025089e-06	-13.808206869009584	2.084655473677167	84185.20302884323	2071692130.6062965	93727.66548541421	2071785858.271782	0.00020937023273789122	2056250.2559851569	1.436369290969424e-05	0.43295249454920504	2848825705.834929	66441.73426103499	2848892147.56919	0.0011510467204468742	-2785083.440104685	8.35796025291646e-06	2.4410050899791145
5643.00000004323	29032065417.799496	5144800.471598029	29037210218.2711	0.0007485999890406753	168.37544933280896	4.731594376418559e-06	-13.728734025559106	3.446881102976497	83552.39069500515	2071710678.3112779	102553.62822682712	2071813231.9395049	0.0005838162273771128	2584486.037345333	1.3787180336826283e-05	1.2026605468183025	2848812203.3815794	77339.35027159099	2848889542.731851	0.003575951594209501	-3031139.2639788482	8.535900075148428e-06	7.327895660894727
5683.500000045342	29032383957.44803	4892533.732244492	29037276491.180275	0.0009610392071538517	832.4691551416302	4.977714480479487e-06	-13.618909744408946	4.475580571321149	87076.75942923667	2071724433.4565206	107814.58851486025	2071832248.045035	0.0015776802124246975	2568480.2735221544	1.4997384477662668e-05	3.207771527732255	2848811501.144102	78045.75870478642	2848889546.902806	0.0033553871139703944	-2856789.1836591978	8.731537586027868e-06	7.229168871523826
5724.000000047454	29031794970.142975	5507225.430482984	29037302195.57346	0.0008075841574000217	1057.051357422	5.0073828505419604e-06	-13.585063897763579	3.7198841119600616	87830.69798296054	2071725522.0120885	106623.3328833708	2071832145.344972	0.0007854500785192411	2703849.349794662	1.581201426911271e-05	1.6076184035998984	2848794834.5151653	89960.35154117504	2848884794.8667064	0.02294667406141403	-2778510.8381355014	8.355702330625973e-06	47.61698578787914
5764.500000049566	29032161503.863327	5110659.199612498	29037272163.062935	0.0014578209720094897	691.3265231590033	4.714941042158964e-06	-13.686900958466454	6.651100326650379	84317.48169493482	2071719914.8177395	101296.28531235292	2071821211.103052	0.0008028269097377138	2982170.3849598025	1.4666163872726127e-05	1.656685063385397	2848776339.194756	108469.05300364806	2848884808.24776	0.006762957478721199	-3132452.957320235	7.677469781420422e-06	13.641508943337719
5805.0000000516775	29032342343.100533	4867764.009817839	29037210107.110348	0.002284445911089254	670.7914522004871	4.752616608665397e-06	-13.801417731629392	10.391598565990337	83941.01521971344	2071668377.5282204	119028.41817581397	2071787405.9463968	0.001945890134086329	2713676.6455190345	1.39128706625359e-05	3.9654450121347486	2848819999.4338164	88428.50070146749	2848908427.9345183	0.005820309433754946	-3357777.717417915	8.39406795968351e-06	11.73146653506202
5845.500000053789	29031850985.876236	5302919.288311362	29037153905.164547	0.0013631566023874176	911.2334642307763	4.743851384199525e-06	-13.928115015974441	6.153971474664599	84054.13606512595	2071662284.6446567	140940.38629491953	2071803225.0309517	0.003400523487988805	2295749.1171443295	1.4153724894843946e-05	6.824215036249087	2848854292.298554	74480.18984821274	2848928772.488403	0.004519733254272934	-3129631.6849473016	8.175286486225814e-06	9.218883331760408
5886.000000055901	29031216642.000027	6045867.373836994	29037262509.373863	0.0013570965650873488	388.1239928624951	4.669365763557474e-06	-13.991713258785943	6.021685657968759	83656.35553064357	2071663964.901274	156022.56675365195	2071819987.4680274	0.002428865083249493	2656625.073750351	1.3953405879175213e-05	4.764522597655328	2848872513.40341	75894.26261821599	2848948407.666028	0.039210503762760786	-3037114.310034274	8.011355183435137e-06	78.42471762018022
5926.500000058013	29030943188.266907	6355484.677904368	29037298672.944813	0.0007431728380753626	376.3079880986418	4.891930172999593e-06	-14.051517571884984	3.2145929755495217	87181.18877676004	2071667374.3796566	138347.61464635283	2071805721.9943035	0.0010833800837463134	2782080.8721670057	1.4654231138937968e-05	2.027601687746405	2848876478.5949125	65733.5532032894	2848942212.148116	0.00851959829837304	-2951357.8930058936	8.544562792070515e-06	16.7641944279268
5967.000000060125	29029404841.47201	7924853.1433336735	29037329694.615345	0.0009756880585786343	1406.7679900213627	5.204939980494699e-06	-14.035443290734824	4.24556482870231	92196.80223517555	2071682965.9406626	137540.1574517833	2071820506.098115	0.0012366146644269794	2692428.8118011914	1.601879400810428e-05	2.3164575734023076	2848869253.4746466	64763.958463937975	2848934017.4331107	0.013724308537149765	-2797943.531790075	8.979673717549237e-06	27.749862113246692
6007.500000062237	29027987402.47561	9323982.542721331	29037311385.01833	0.002183576683863258	1502.6141306440056	4.994532034679401e-06	-14.102735623003195	9.617853667883189	89135.92000457345	2071660823.2545023	142920.82242072094	2071803744.076923	0.0007702125896246622	2618749.443681622	1.6319663513498672e-05	1.4824273833739794	2848852132.9895115	75828.26042762073	2848927961.2499394	0.003368696210433008	-2842338.9642813094	7.803418893685596e-06	7.214493217718825
6048.000000064349	29027407635.92722	9782320.728891611	29037189956.65611	0.0014075592376275878	502.4910651632891	4.833791520864957e-06	-14.282947284345047	6.077634842839584	86664.34921456719	2071661334.6712253	139970.5688120115	2071801305.240037	0.0006812589674514197	2659743.900626393	1.5114526311126542e-05	1.3433935659960117	2848850095.841936	81040.48184135463	2848931136.323777	0.0007825301417986593	-3263810.0332929236	7.769479787542659e-06	1.505460153711405
