2.6826541931384202
Time 	 Eb 	 Ea 	 Ep 	 phi_d 	 phi_z 	 KED 	 MLD 	 K 	 E_k 	 Eb_D 	 Ea_D 	 Ep_D 	 phi_d_D 	 phi_z_D 	 KED_D 	 K_D 	 Eb_U 	 Ea_U 	 Ep_U 	 phi_d_U 	 phi_z_U 	 KED_U 	 K_U 
931.4999999968353	0.0	29889223842.960278	29889223842.960278	7.058826162511375e-05	-2495.3955086264887	5.409822369058388e-06	-8.490814696485623	0.3585004438260029	102499.61598972071	0.0	575305675.0933422	575305675.0933422	0.0010958881345259682	750995.8889624593	2.9228004178806693e-05	1.3246382091046895	0.0	790949741.7388154	790949741.7388154	0.000515092116828399	-712017.1258972922	1.7974684902733304e-05	0.6204882716030448
971.999999996645	0.0	29889152567.457638	29889152567.457638	9.677136747968757e-05	-951.5527910744122	5.432301200951159e-06	-8.555111821086262	0.4914816028088358	102852.44074636087	0.0	575301269.4578753	575301269.4578753	0.0012493470035595305	759422.7661407967	2.9815930188769836e-05	1.5103330589454766	0.0	790945041.527499	790945041.527499	0.0006561711826153964	-718133.7046809489	1.7691160804016665e-05	0.7902505870506443
1012.4999999964547	0.0	29889074842.502098	29889074842.502098	0.00010534804842618805	-749.4780372737522	5.410154490286055e-06	-8.630990415335463	0.5349401243564647	102477.81983333701	0.0	575297382.7223902	575297382.7223902	0.0014545705327881353	762430.6504868008	2.9866024194578725e-05	1.7585169701931331	0.0	790940375.3389941	790940375.3389941	0.0007939721717589167	-721279.4888111772	1.7405411702892576e-05	0.955973241388933
1052.9999999968138	0.0	29888999449.838253	29888999449.838253	0.00012582700846168512	-1559.1375955500803	5.3632425827210625e-06	-8.708166932907348	0.6387238271367208	101420.55802487035	0.0	575293557.7867937	575293557.7867937	0.0014656818072556663	756129.9768988502	2.9665269721615317e-05	1.771254353415475	0.0	790935712.5416818	790935712.5416818	0.0007339771542356812	-721744.1199802078	1.712398852973295e-05	0.8835060842555413
1093.499999997391	0.0	29888921292.200165	29888921292.200165	0.00013096125885150953	-2577.7838450764666	5.359786447041792e-06	-8.79163338658147	0.6645009058139976	100906.25519360024	0.0	575288361.3864704	575288361.3864704	0.00126695218910219	748628.9984994354	3.0005163406732584e-05	1.530174223723052	0.0	790931114.2026336	790931114.2026336	0.0008729048906623988	-718698.1087148425	1.6862194942593615e-05	1.050453134968859
1133.999999997968	0.0	29888842689.65484	29888842689.65484	9.893130961588273e-05	-1207.2474452440356	5.273444658427192e-06	-8.871805111821086	0.5018317484371156	99777.28276190443	0.0	575286838.137111	575286838.137111	0.0013461688417895964	769230.3368862898	2.923640305412169e-05	1.6256189317888368	0.0	790926700.0031523	790926700.0031523	0.0009600410113852587	-711422.7308068842	1.6624581012615148e-05	1.1549657307916448
1174.499999998545	0.0	29888794829.78226	29888794829.78226	0.00011131479757558664	-749.8059783375975	5.201729410714491e-06	-8.922124600638977	0.5606387546176586	98405.53365400343	0.0	575287414.1631894	575287414.1631894	0.001321601218811465	733392.3406059544	2.8683239439537824e-05	1.5645753099782669	0.0	790922520.3360045	790922520.3360045	0.0007406561193009669	-706373.3095736388	1.6384355732491442e-05	0.8907588578327915
1214.999999999122	0.0	29888724821.132263	29888724821.132263	0.0002782036287973693	-1960.277758656231	5.1670558775275905e-06	-9.021365814696486	1.3935093835129102	97830.15229055201	0.0	575284289.549735	575284289.549735	0.0002631744512357749	730503.227172802	2.853270357059011e-05	0.30795069372915657	0.0	790918482.2620755	790918482.2620755	5.3835945729416236e-05	-704819.9081003094	1.6143111039371255e-05	0.06473029988357253
1255.4999999996992	0.0	29888651638.288345	29888651638.288345	0.0003466513479452249	-3019.647854891544	5.145725949787999e-06	-9.117012779552716	1.7416646999441767	97651.50385785381	0.0	575277715.1509185	575277715.1509185	0.00018404668811173336	761592.4239844448	2.8517688787292862e-05	0.2168028733421724	0.0	790914464.7418138	790914464.7418138	9.475982568399312e-05	-709863.988640366	1.5889978565768825e-05	0.11390980352896352
1296.0000000002763	0.0	29888566353.715706	29888566353.715706	0.00011097540146914623	-8.28459019358295	5.049746509928801e-06	-9.22074680511182	0.5523102394624799	95788.28831950415	0.0	575265321.036621	575265321.036621	0.0002732121365795368	751515.2564936518	2.763845473113747e-05	0.3155185010756745	0.0	790910486.6171234	790910486.6171234	0.00017039390813869211	-715417.141100649	1.564872660042858e-05	0.2047840468588705
1336.5000000008533	0.0	29888478119.478893	29888478119.478893	0.00014495728235913494	-1586.694986014637	4.927404172001563e-06	-9.332567891373802	0.729616686627355	93115.48619459027	0.0	575266095.0250642	575266095.0250642	0.0003153468356739806	749173.2817306528	2.6598855448013087e-05	0.3743846877810201	0.0	790906702.229702	790906702.229702	0.00010875385832437004	-714296.3574226815	1.5438852079405647e-05	0.1306630251645268
1377.0000000014304	0.0	29888399123.867893	29888399123.867893	0.00010100662314772908	-2347.5981661347278	4.863996715117092e-06	-9.410543130990416	0.5098021817745809	92109.83444289603	0.0	575259448.3708231	575259448.3708231	0.0004115443284894287	715758.9541158265	2.6041867952237206e-05	0.4921442618185087	0.0	790903236.4024065	790903236.4024065	0.00025296772355282377	-705138.4848765573	1.526399477645036e-05	0.3038591678231501
1417.5000000020075	0.0	29888340927.80024	29888340927.80024	0.0004512456299677958	-3763.8216233859275	4.7758890999863045e-06	-9.51427715654952	2.25778718336126	90709.94640755576	0.0	575261593.8036541	575261593.8036541	5.7878350232484186e-05	713517.4209214111	2.514458446379366e-05	0.06820329848870947	0.0	790899947.9622803	790899947.9622803	2.540235605596297e-05	-704488.4469502814	1.5086016861033783e-05	0.03046018625929618
1458.0000000025846	0.0	29888277191.074314	29888277191.074314	0.00014621224101056123	2407.742107321723	4.807024137502833e-06	-9.64866214057508	0.7237394741167202	91193.77858213273	0.0	575256244.2724838	575256244.2724838	0.00010702031327922641	724129.669267362	2.5766690909492345e-05	0.12334836998066963	0.0	790896674.654269	790896674.654269	1.9337621874382316e-05	-708767.536369976	1.4902188497020864e-05	0.0231329306483806
1498.5000000031616	0.0	29888220960.84771	29888220960.84771	0.00013618700172932454	-2998.6963447055787	4.747335680887464e-06	-9.683306709265176	0.6668749234188699	90193.15153739607	0.0	575240882.2820352	575240882.2820352	0.00010948111647417932	780293.9009367244	2.541862073870784e-05	0.12150887670612477	0.0	790893493.0039029	790893493.0039029	4.6491772122367913e-05	-713577.11280712	1.4726413145263165e-05	0.05575120697199425
1539.0000000037387	0.0	29888153489.050972	29888153489.050972	0.00012122932796040754	5600.748555065557	4.620575914768087e-06	-9.75658945686901	0.5950893516158314	87626.82978141324	0.0	575236982.3711109	575236982.3711109	0.00013733002892000996	742491.2349689624	2.3902726490703854e-05	0.15383464781595482	0.0	790890421.002475	790890421.002475	4.629692984496537e-05	-717259.9693234917	1.4563264591425109e-05	0.05552051540583009
1579.5000000043158	0.0	29888044301.28059	29888044301.28059	0.00039835028358733233	5180.838586986987	4.578274028675623e-06	-9.833865814696486	1.9723305539177323	86780.40065552488	0.0	575226443.3205731	575226443.3205731	7.34159801949124e-05	710019.1567574526	2.3393072145891645e-05	0.0844724533178465	0.0	790887504.034792	790887504.034792	5.1601348232978894e-05	-719669.6912861178	1.4411233054014514e-05	0.06187100159641007
1620.0000000048929	0.0	29887956398.50214	29887956398.50214	0.0007943626645243428	-249.82926283733192	4.598547235430477e-06	-9.944588658146964	3.9571449533147756	86967.51463945545	0.0	575219185.042646	575219185.042646	3.494674882601352e-05	693640.725798885	2.418848629816739e-05	0.041024927971353244	0.0	790884737.5274652	790884737.5274652	3.2824510581956336e-05	-720472.9774539531	1.4271035566645389e-05	0.03931838016429009
1660.50000000547	0.0	29887875752.929497	29887875752.929497	7.901545200169644e-05	-2581.4081017473072	4.505934121714464e-06	-9.942991214057509	0.39648861327067364	85326.40809308263	0.0	575210109.7853248	575210109.7853248	3.3944549726068044e-05	709434.1324652614	2.3364890251009808e-05	0.04034704333793556	0.0	790882193.074802	790882193.074802	4.6584845307413096e-05	-719352.3163262669	1.4143889338479883e-05	0.055796829103309076
1701.000000006047	0.0	29887776600.24568	29887776600.24568	0.0001005787637645911	598.2740006598704	4.46491397568183e-06	-10.04173322683706	0.49823737013365543	84607.99722537052	0.0	575201521.056128	575201521.056128	4.6794052399458205e-05	790558.421271661	2.3019539177523705e-05	0.05381579322836984	0.0	790879770.0485022	790879770.0485022	6.537587647803726e-05	-722693.0150811757	1.4015838922759261e-05	0.07826462772414457
1741.500000006624	0.0	29887731022.23118	29887731022.23118	7.073530100143178e-05	6379.707029700796	4.446770050679256e-06	-10.06819089456869	0.35256944861882256	84140.73239081458	0.0	575199998.9626541	575199998.9626541	4.22210094708158e-05	640593.082046736	2.2465566809965997e-05	0.04917208020609301	0.0	790877500.1361072	790877500.1361072	7.360622278573864e-05	-725523.2962152162	1.3897787060157575e-05	0.08812734914417193
1782.0000000072012	0.0	29887699459.650196	29887699459.650196	6.4169220944528e-05	-4316.860439505307	4.347747715505105e-06	-10.114716453674122	0.3218161368488307	82419.68491275147	0.0	575194003.1616316	575194003.1616316	4.9573485765944574e-05	639366.4784474485	2.1945254455316092e-05	0.05889007691638987	0.0	790875374.5843542	790875374.5843542	8.078742663641901e-05	-727783.6899601585	1.3790425169970023e-05	0.09670352276078803
1822.5000000077782	0.0	29887657591.720615	29887657591.720615	8.839780573105348e-05	86.78302020240713	4.2841039637351215e-06	-10.143670127795527	0.4424299181720913	81350.00426231606	0.0	575190882.9384505	575190882.9384505	5.964345932630469e-05	801538.4614449525	2.1675447985438898e-05	0.07008884548174144	0.0	790873342.3831863	790873342.3831863	0.00022075338777762101	-731848.3180294392	1.3713010930105058e-05	0.2642077847708718
1863.0000000083553	0.0	29887577565.45752	29887577565.45752	9.164440142009824e-05	196.2199939940385	4.2530801199532996e-06	-10.204273162939296	0.46072801226539195	80861.47152204663	0.0	575176118.3945247	575176118.3945247	7.846323065553498e-05	749002.4261457422	2.0873516311734765e-05	0.09329796568238673	0.0	790871365.1362041	790871365.1362041	0.0003667941403396356	-735710.3761338198	1.3629632073920006e-05	0.43894770859914556
1903.5000000089324	0.0	29887480727.493027	29887480727.493027	6.594200769024983e-05	77.17859696204562	4.155012903677916e-06	-10.329872204472844	0.3318231528870887	78971.50445974582	0.0	575175465.6709495	575175465.6709495	7.749768070409676e-05	554116.3280471077	2.025373822806646e-05	0.09247077456538257	0.0	790869422.3317878	790869422.3317878	0.0005387741849154867	-739775.5287797484	1.3545693218718863e-05	0.6445871905255182
1944.0000000095094	0.0	29887443133.064255	29887443133.064255	7.598831443295597e-05	-127.530903638103	4.135256090410669e-06	-10.35123801916933	0.382420435484197	78396.8404739195	0.0	575175775.2858276	575175775.2858276	3.9164984829704135e-05	646991.9628131618	2.0339113929212743e-05	0.04688215248605287	0.0	790867419.179255	790867419.179255	8.964524302744002e-05	-745806.2496736742	1.346873629773342e-05	0.10721915999642803
1984.5000000100865	0.0	29887483071.846474	29887483071.846474	5.281586108769872e-05	59.6826051691934	4.097322754044194e-06	-10.296525559105431	0.2661137324398446	77855.66751117338	0.0	575178313.1380618	575178313.1380618	4.3482760763706434e-05	671536.6936900232	1.959266535241202e-05	0.0522147388517102	0.0	790865220.8554536	790865220.8554536	8.357919620736442e-05	-748197.7378883488	1.340514115193883e-05	0.09994606518092736
2025.0000000106636	0.0	29887487225.628353	29887487225.628353	7.400224519831818e-05	164.07028185191604	4.05380280419415e-06	-10.27545926517572	0.37342828360329383	77037.41870025742	0.0	575175659.093758	575175659.093758	8.240438350616726e-05	675533.3586537536	1.90833635840583e-05	0.09939549005455799	0.0	790863222.0101885	790863222.0101885	0.00016066464317847633	-750793.4050361493	1.334952772922843e-05	0.19211219220049136
2065.5000000105774	0.0	29887439245.903835	29887439245.903835	6.56228008491013e-05	49.068439106995775	4.066899133702147e-06	-10.289037539936102	0.33113151901272697	77209.71157778373	0.0	575170605.9171536	575170605.9171536	8.578110848728317e-05	785030.9308558503	1.9304152658796815e-05	0.10340117811897921	0.0	790861306.9315991	790861306.9315991	0.00037234900804128135	-754524.4569085224	1.3298231927575691e-05	0.44520095504404217
2106.0000000096197	0.0	29887367779.83792	29887367779.83792	5.4280800103716356e-05	82.24313611501431	4.015016537952543e-06	-10.340555111821086	0.27390279580673865	76309.6602378203	0.0	575169952.9041874	575169952.9041874	8.814771835228736e-05	451459.4375166946	1.885909545885195e-05	0.10636519889597217	0.0	790859550.5319443	790859550.5319443	0.0003234692695960978	-759224.5791041219	1.3253875646222566e-05	0.3867016840777471
2146.500000008662	0.0	29887365247.05231	29887365247.05231	6.663931349226382e-05	-3.214351637230268	3.968135251419951e-06	-10.335563099041533	0.33632958150794734	75511.97454920696	0.0	575173672.0151896	575173672.0151896	0.00010464419636721143	689049.4716795848	1.8473963402535734e-05	0.12642845107679643	0.0	790857853.4978536	790857853.4978536	0.0003167713075428546	-761258.9962343968	1.3219385148830407e-05	0.37863512659798315
2187.0000000077043	0.0	29887391835.642708	29887391835.642708	7.416210204197829e-05	122.88551618716495	4.030093780658454e-06	-10.303913738019169	0.37404470814629326	76621.39414710563	0.0	575170841.2962368	575170841.2962368	0.00013185878624884578	805860.9209327872	1.8754210177912028e-05	0.15906356804279723	0.0	790856136.3817089	790856136.3817089	0.00029987615067481776	-756132.0216645675	1.318088209016299e-05	0.35840645177062086
2227.5000000067466	0.0	29887339830.10794	29887339830.10794	7.424051289609336e-05	133.64183424685672	4.016136961780694e-06	-10.341952875399361	0.3746368720618371	76159.07028151835	0.0	575167960.2522815	575167960.2522815	0.00011683818385530431	543724.7223917721	1.8806383792994543e-05	0.14116318960209898	0.0	790854539.9157629	790854539.9157629	0.0002994152238329653	-762218.1447348412	1.3120293587618255e-05	0.3577964171300521
2268.000000005789	0.0	29887324740.548027	29887324740.548027	7.132955244817475e-05	143.50513914851388	4.010307765377542e-06	-10.348941693290735	0.35984679986440216	76105.8377595218	0.0	575173784.5444463	575173784.5444463	0.00013741892079873714	723153.3260473158	1.908606795479588e-05	0.16609825461232972	0.0	790853141.3098438	790853141.3098438	0.00032188772539429723	-759002.4528608988	1.3093333006733803e-05	0.38460229380904426
2308.5000000048312	0.0	29887346309.166252	29887346309.166252	0.00016046815807802884	228.45440104699546	4.014302221405324e-06	-10.34085463258786	0.8003605524340276	76404.38780005329	0.0	575179515.3663828	575179515.3663828	3.1077601942427354e-05	707447.5260983107	1.8695588318128107e-05	0.0367937981709096	0.0	790851878.5574003	790851878.5574003	3.614651538676172e-05	-758758.6426744726	1.3053905429288079e-05	0.04309893616732368
2349.0000000038735	0.0	29887314029.323544	29887314029.323544	0.0001937651661550096	-71.06694552766655	4.0136222551118125e-06	-10.409644568690096	0.9659604353401994	76374.8826721813	0.0	575177987.9484774	575177987.9484774	7.844320448121921e-05	613561.6752677786	1.9087901257307735e-05	0.09199958041285743	0.0	790850737.4987344	790850737.4987344	5.372945696484853e-05	-760245.2902993143	1.3014524332222776e-05	0.06412731183970968
2389.500000002916	0.0	29887336836.33481	29887336836.33481	0.00011713994103417587	211.12784622891016	4.036254440756818e-06	-10.381789137380192	0.585053733315947	76832.96477195114	0.0	575176268.113195	575176268.113195	0.00010264970944415251	801727.9144716152	1.9387813806780376e-05	0.12037942419223996	0.0	790849737.6236385	790849737.6236385	0.0001695921017172434	-760923.864634702	1.2979465794086786e-05	0.20252174432749886
2430.000000001958	0.0	29887304985.104935	29887304985.104935	0.00012007923894362263	248.17978667105464	4.028102117166022e-06	-10.423422523961662	0.5937904479888454	76606.34167208547	0.0	575176849.5642302	575176849.5642302	0.00010309023161031565	654942.1372868617	1.8904045231902778e-05	0.11892989434109535	0.0	790848851.609365	790848851.609365	0.00011881161509025694	-761729.0006617847	1.2946391822815839e-05	0.14180460390844168
2470.5000000010004	0.0	29887271465.37304	29887271465.37304	0.00012349036180852468	-22.42359252520172	3.971973625500836e-06	-10.517372204472844	0.616944281759232	75488.9069629928	0.0	575182189.1775625	575182189.1775625	6.455613706917864e-05	545630.683195875	1.8844745240870484e-05	0.07686375559724012	0.0	790847928.2729459	790847928.2729459	8.015257494076477e-05	-763907.0874125953	1.2915396672257223e-05	0.09565987977452027
2511.0000000000427	0.0	29887303158.281857	29887303158.281857	0.00011903292388214468	93.93506841978548	3.957819705661537e-06	-10.420327476038338	0.5901501773384663	75313.02310535868	0.0	575178670.1885955	575178670.1885955	9.285521025765351e-05	764226.0230459716	1.87239154702613e-05	0.10811400835847555	0.0	790847050.9117151	790847050.9117151	0.00021475630385732992	-764354.0374688975	1.288938237077099e-05	0.2563430921959277
2551.499999999085	0.0	29887267719.882412	29887267719.882412	0.00010652425664440272	76.982047499284	3.929255458419762e-06	-10.48392571884984	0.5326547308293047	74736.6171309992	0.0	575172633.7604606	575172633.7604606	8.945142039675549e-05	791735.3977580391	1.8011291470443414e-05	0.10591409227870169	0.0	790846196.3377959	790846196.3377959	0.0003478402469319261	-765197.7408427903	1.2864967241108804e-05	0.4151860809868149
2591.9999999981274	0.0	29887252029.28301	29887252029.28301	9.343831642099169e-05	71.74619874589195	3.823453876928357e-06	-10.514776357827476	0.4680557288276495	72953.16661732545	0.0	575176993.7447914	575176993.7447914	8.90734127393966e-05	594850.370887321	1.6960042722947616e-05	0.1061330908457259	0.0	790845360.2645999	790845360.2645999	0.00040251102420890835	-767477.5112583479	1.2840810719718779e-05	0.4803732308565104
2632.4999999971697	0.0	29887227834.42114	29887227834.42114	8.000042523112708e-05	141.99809969577433	3.7057672722331437e-06	-10.515874600638977	0.40162886593140806	70746.7802795788	0.0	575174944.7851799	575174944.7851799	0.00013309049341097878	757402.4614016365	1.571913172856473e-05	0.1596375609281921	0.0	790844542.4498254	790844542.4498254	0.00039437822743342807	-769504.867764196	1.2818923648175535e-05	0.4706053586574111
2672.999999996212	0.0	29887234917.907524	29887234917.907524	7.490291771764117e-05	60.76133315367735	3.6818570511321715e-06	-10.49151357827476	0.37643622338070787	70174.23570047585	0.0	575165082.7480958	575165082.7480958	0.00011278030606934526	847902.373015233	1.5224008765797357e-05	0.13621806092548502	0.0	790843742.4171916	790843742.4171916	0.00043189401061369536	-771319.8249792588	1.2798545281777007e-05	0.5153642377655253
2713.4999999952543	0.0	29887154574.47643	29887154574.47643	7.026033326354573e-05	160.39825353217418	3.660872348860054e-06	-10.550718849840255	0.3535875429919375	69811.77358126926	0.0	575153522.3728142	575153522.3728142	6.67868136044834e-05	778640.3386098853	1.486995905272502e-05	0.0807245460005226	0.0	790842962.7360051	790842962.7360051	0.00035716046365858877	-772504.9097384823	1.2781709544898107e-05	0.4261666642964625
2753.9999999942966	0.0	29887071242.997208	29887071242.997208	6.408800945371704e-05	48.32763213363667	3.5976691677232848e-06	-10.621805111821086	0.32242815814325326	68679.4214911696	0.0	575150275.8485997	575150275.8485997	4.062337378857887e-05	716511.1258504002	1.4380480292152173e-05	0.04902910420689166	0.0	790842196.8308213	790842196.8308213	0.00022548345824823714	-773992.3329418523	1.2766020031169236e-05	0.2690232400692176
2794.499999993339	0.0	29887084974.30517	29887084974.30517	7.07458486281546e-05	51.59259400354409	3.5819631029387848e-06	-10.58526357827476	0.3559052197335963	68361.60961502188	0.0	575152563.7765195	575152563.7765195	6.550450764499688e-05	700201.1731366636	1.427356044987004e-05	0.0791619844234862	0.0	790841445.3630357	790841445.3630357	0.00029520244644742476	-775501.423841263	1.2752669185542624e-05	0.35221685408577047
2834.999999992381	0.0	29887088977.418514	29887088977.418514	6.37085357432797e-05	88.01922331968122	3.5763754009420115e-06	-10.571285942492013	0.3203734486513055	68291.00297646283	0.0	575152300.3874257	575152300.3874257	7.685048807090944e-05	739057.1259792929	1.3948764600798044e-05	0.0927906823515563	0.0	790840703.7438121	790840703.7438121	0.0004962394640403958	-776709.7282609375	1.2741241251179822e-05	0.5920837626888932
2875.4999999914235	0.0	29887080764.812016	29887080764.812016	6.942476951576933e-05	114.16168212318375	3.5633842097223893e-06	-10.568590255591054	0.34922830396082033	68003.6828258012	0.0	575146091.9434336	575146091.9434336	8.093761718999501e-05	706604.2261559386	1.3630275104038125e-05	0.09782771936334718	0.0	790839975.1834605	790839975.1834605	0.0004636470212910102	-777973.9629380187	1.2730072100720226e-05	0.5531566990727537
2915.9999999904658	0.0	29887019298.73445	29887019298.73445	6.674528260083278e-05	36.96550134298563	3.523504278441807e-06	-10.624001597444089	0.3356859093822441	67242.5178201338	0.0	575148498.8216178	575148498.8216178	7.468683274333887e-05	659084.3171077934	1.3728516371302703e-05	0.0902516296817722	0.0	790839252.3157914	790839252.3157914	0.0005002325593396048	-778972.339951834	1.2726201500256662e-05	0.5967963431367287
2956.499999989508	0.0	29887042267.925182	29887042267.925182	6.993887584961058e-05	59.88813864652801	3.534628658348017e-06	-10.596046325878595	0.351669396596843	67498.20900633678	0.0	575149417.1794162	575149417.1794162	8.225204501939495e-05	773059.9256252918	1.3748176237474817e-05	0.09942902645249548	0.0	790838530.9298892	790838530.9298892	0.0005227920909457514	-780250.7688803704	1.2721331989793782e-05	0.6237324285686107
2996.9999999885504	0.0	29887041597.21523	29887041597.21523	6.986212543498315e-05	67.73545247626735	3.523148253369121e-06	-10.59375	0.3512095462458895	67316.97377936199	0.0	575149307.0899272	575149307.0899272	9.887980442427882e-05	741024.0146431843	1.3288490773120508e-05	0.11949044936203278	0.0	790837808.9731778	790837808.9731778	0.0005264495660587691	-781575.1087864903	1.272359004554573e-05	0.6280649728078729
3037.4999999875927	0.0	29887038805.39194	29887038805.39194	7.365679766125401e-05	52.44846452380436	3.49907280438207e-06	-10.589656549520766	0.37020392978691896	66849.6977497669	0.0	575152177.5989952	575152177.5989952	0.0001232459745218997	722204.0469292311	1.3185562479140754e-05	0.14898740379354042	0.0	790837067.8854718	790837067.8854718	0.0005318652866857429	-782205.1575701741	1.2744920052642952e-05	0.6345014262414935
3077.999999986635	0.0	29887051100.728855	29887051100.728855	7.47442246643174e-05	60.28469031255753	3.4962288069533226e-06	-10.578474440894569	0.3755928791909762	66788.69946657412	0.0	575151990.5088859	575151990.5088859	0.00013543769548303756	787001.2356377395	1.3072219237279884e-05	0.1637908320681065	0.0	790836304.1788055	790836304.1788055	0.0005570619970813716	-783164.0202245652	1.2788268952451403e-05	0.6646337632568116
3118.4999999856773	0.0	29887039075.28271	29887039075.28271	7.568573005576162e-05	66.52677180969637	3.518283802400883e-06	-10.58795926517572	0.38023281494723093	67118.08034543769	0.0	575151610.6643158	575151610.6643158	0.00014908017535386603	719818.9117790014	1.315304683650785e-05	0.18024692914338003	0.0	790835524.6889143	790835524.6889143	0.000555586010585196	-784615.9019322222	1.2876407445768773e-05	0.662779126030446
3158.9999999847196	0.0	29887027190.01091	29887027190.01091	7.82943634593057e-05	38.693527231310036	3.531005907840197e-06	-10.599740415335463	0.39325424589415287	67253.10817239957	0.0	575153743.8805028	575153743.8805028	0.00016631628869214426	682074.5598270805	1.3276391292642325e-05	0.20109865773139796	0.0	790834753.009768	790834753.009768	0.0005361037647487557	-785259.0046428551	1.3070368683558994e-05	0.63963113447095
3199.499999983762	0.0	29887037548.862816	29887037548.862816	7.102134665570473e-05	17.106746731418497	3.5789229900433803e-06	-10.587859424920127	0.3569035144010372	68100.78707865138	0.0	575155852.4090376	575155852.4090376	0.00016952607621736627	728009.4538167942	1.3574290760094218e-05	0.20500159229048448	0.0	790833923.5114951	790833923.5114951	0.0005720571664956974	-784890.0469698766	1.3309745818444601e-05	0.682250066797984
3239.999999982804	0.0	29887046237.762505	29887046237.762505	7.073487726027807e-05	108.69916831469972	3.593189461929436e-06	-10.578973642172524	0.3557446539534172	68295.97789358333	0.0	575156798.2652221	575156798.2652221	0.00015467097740505737	743732.7661264582	1.3570218867368907e-05	0.1866895569943662	0.0	790833409.324814	790833409.324814	0.0006690649329753378	-790844.1231657966	1.3368637107494033e-05	0.7983488758692815
3280.4999999818465	0.0	29887043535.72092	29887043535.72092	6.774582763622669e-05	148.06461949212476	3.592181778466953e-06	-10.582268370607029	0.3416985983834592	68367.7487679979	0.0	575157809.0571902	575157809.0571902	0.0001407454904966619	807457.7506717514	1.3678486562155556e-05	0.16976622551054632	0.0	790833229.5101019	790833229.5101019	0.001135611718314585	-823693.7360762684	1.3286791934612685e-05	1.3592088248119412
3320.999999980889	0.0	29887041336.630688	29887041336.630688	9.208287269298515e-05	246.9933752745161	3.6745742846964058e-06	-10.588757987220447	0.46423773184638295	69778.85290998899	0.0	575157222.9347106	575157222.9347106	0.00020096695564909668	796352.1996889351	1.3661135147198503e-05	0.2423537847703065	0.0	790834798.7545813	790834798.7545813	0.0017763014065173873	-808780.3790992011	1.3887326251080785e-05	2.119722550431695
3361.499999979931	0.0	29887028664.104538	29887028664.104538	0.00023591199671118163	162.9810629660205	3.7679378776606883e-06	-10.60503194888179	1.190165533589491	71383.71645156681	0.0	575159696.4523494	575159696.4523494	0.00018496943853478108	689882.7589381589	1.4386945097758755e-05	0.2233249593727584	0.0	790835877.4114239	790835877.4114239	0.0008775274285901132	-759873.7530451643	1.4214827990134065e-05	1.0490121602688967
3401.9999999789734	0.0	29887025790.695953	29887025790.695953	0.0006189748343632774	509.41228306090574	3.732145820790503e-06	-10.61361821086262	3.12865031433083	70716.57106909638	0.0	575162007.0409689	575162007.0409689	0.0001859458570724281	947192.09557452	1.462319951169791e-05	0.22355726370379667	0.0	790837933.0995064	790837933.0995064	0.0004768154051815021	-959009.3168100141	1.3719969980096332e-05	0.5740964077393439
3442.4999999780157	0.0	29887032671.089104	29887032671.089104	0.0009789627010472282	272.272656883046	3.873270701865957e-06	-10.6183107028754	4.9385685254404255	73160.61970033825	0.0	575163917.5272131	575163917.5272131	0.0002017191716933323	815964.048195505	1.603090193931926e-05	0.24233801960797322	0.0	790840274.4425317	790840274.4425317	0.0005587392240436117	-812835.9532789855	1.3601816950826467e-05	0.6750072645043538
3482.999999977058	0.0	29887017572.145596	29887017572.145596	0.0004937442052750619	254.86372326876904	3.983100931112853e-06	-10.654952076677317	2.489573226470422	75282.32750016388	0.0	575167961.2923094	575167961.2923094	0.00021061711534875563	740973.1469216293	1.7647290208136533e-05	0.2509243071357123	0.0	790840537.8450891	790840537.8450891	0.00026624820489810463	-755810.6122425089	1.3517752044294788e-05	0.32227586056998614
3523.4999999761003	0.0	29887004349.796173	29887004349.796173	0.0004979712922175642	268.19468949209966	3.9480751981556435e-06	-10.681509584664537	2.490365498638247	74711.23437391761	0.0	575167202.2430311	575167202.2430311	0.0001477978698766803	846527.1861010126	1.8201376092135954e-05	0.17272811754032721	0.0	790841755.2584543	790841755.2584543	0.00011372201368912112	-866080.0378968416	1.28950426303671e-05	0.13761137665217194
3563.9999999751426	0.0	29886992537.67477	29886992537.67477	0.000565894904472986	72.77560349218977	3.937765814995331e-06	-10.710463258785943	2.8503025549498675	74473.79138543259	0.0	575165717.0912547	575165717.0912547	0.00014763214034892982	773259.671701215	1.7725495025814936e-05	0.17546400866936757	0.0	790843583.3476684	790843583.3476684	0.00014895852714898503	-798793.1265584343	1.316501077964023e-05	0.18011330944070086
3604.499999974185	0.0	29886973644.596844	29886973644.596844	0.0005124200790802288	299.23834726668935	3.906179006307347e-06	-10.733426517571885	2.583909377720046	74157.14222331942	0.0	575159030.2512252	575159030.2512252	0.00012589966997864023	791916.31780296	1.769183956094142e-05	0.14932369208172722	0.0	790844191.3300251	790844191.3300251	0.0004122089466070099	-793786.7762736124	1.292258672367811e-05	0.4976669020693578
3644.999999973227	0.0	29886939311.25597	29886939311.25597	0.00027616124957853804	169.19908599042432	3.8970507738956945e-06	-10.757288338658148	1.4012738523428059	73898.71795866961	0.0	575152456.6300858	575152456.6300858	0.00016917171524360008	775156.4284047849	1.6838904686055904e-05	0.20372968917449122	0.0	790844566.5406518	790844566.5406518	0.00024532262992636245	-765480.3561116218	1.3486105993252972e-05	0.296072932123811
3685.4999999722695	0.0	29886893962.667603	29886893962.667603	0.0002095337136997495	192.77661390771488	3.959118831852639e-06	-10.8303714057508	1.0649585077456623	75048.66678525682	0.0	575146812.141452	575146812.141452	9.017877124027534e-05	715638.8102212424	1.7673213855799248e-05	0.10870385851473781	0.0	790843872.1024408	790843872.1024408	0.00032215410248174066	-738988.7784285635	1.3399020925401897e-05	0.38994673872021596
3725.999999971312	0.0	29886864952.783073	29886864952.783073	0.00025056063504045174	236.51394238872257	3.907600266302647e-06	-10.869708466453675	1.2727701466418138	74226.66102666192	0.0	575145019.0771769	575145019.0771769	0.0001603871207910863	812946.3403899707	1.7800637628086062e-05	0.1937418534031443	0.0	790844629.6101981	790844629.6101981	0.00045767309855052404	-874506.2854910226	1.2966969039955483e-05	0.5535124026811683
3766.499999970354	0.0	29886842521.20161	29886842521.20161	0.0003234948801178233	151.5297431989227	3.915619776187439e-06	-10.864816293929712	1.643585826104888	74269.0601751878	0.0	575138517.1947882	575138517.1947882	0.00012988934551784996	767726.2049612909	1.784517782200684e-05	0.15679610378002157	0.0	790845588.9829454	790845588.9829454	0.00023496590613342633	-774412.8184992134	1.2923917241391696e-05	0.2840442627326913
3806.9999999693964	0.0	29886817819.053505	29886817819.053505	0.00029901399961966807	150.38267153359374	3.977287260889381e-06	-10.88927715654952	1.517811687712642	75249.25645103466	0.0	575141567.6801708	575141567.6801708	0.00011668636217699896	797307.7030995879	1.8643837907536284e-05	0.14050703343340235	0.0	790845249.9775293	790845249.9775293	0.00018088684560436114	-760228.4535771642	1.2833894127733676e-05	0.2184395348162851
3847.4999999684387	0.0	29886807431.72318	29886807431.72318	0.00013918781949242193	89.32944047690307	4.036371251520592e-06	-10.882687699680512	0.7070902850866849	76408.07677469868	0.0	575131279.4715701	575131279.4715701	8.836553826353949e-05	741175.7576556501	1.9197333173077858e-05	0.10672151879677626	0.0	790844638.0621104	790844638.0621104	0.00015043661075801957	-751803.9419080091	1.3060739338118876e-05	0.18180893997783662
3887.999999967481	0.0	29886742919.110603	29886742919.110603	0.0002244996324050025	412.02547003616786	4.0553608166878775e-06	-10.960363418530351	1.1411641301427855	76888.31038425307	0.0	575131281.6980165	575131281.6980165	9.120956879302658e-05	759362.4584731739	1.9034248545737886e-05	0.11033129915968193	0.0	790843602.4644822	790843602.4644822	0.0001195352609208812	-734924.3230440675	1.3204833928890368e-05	0.14437697007398453
3928.4999999665233	0.0	29886725748.00673	29886725748.00673	0.0017181675734922193	299.5873757428876	4.037813015120303e-06	-10.9866214057508	8.645528871909455	76585.79476110457	0.0	575134226.0039408	575134226.0039408	4.109696713608893e-05	677524.8023448227	1.8613611659950573e-05	0.04882710121349032	0.0	790842355.421485	790842355.421485	5.6125536682056586e-05	-732406.8451129135	1.3082380370003118e-05	0.06776958558084438
3968.9999999655656	0.0	29886678353.124004	29886678353.124004	0.002472294987144156	-207.12719650146954	4.14896625599353e-06	-11.081469648562301	12.266956356730802	78724.158168289	0.0	575127500.7013416	575127500.7013416	2.5915703123444117e-05	805749.0535410777	2.001774080243978e-05	0.030717118724752458	0.0	790841239.0741719	790841239.0741719	5.455802827395559e-05	-742820.0979381035	1.290701882541123e-05	0.06567906120453613
4009.499999964608	0.0	29886614375.57084	29886614375.57084	0.0003434869806275989	-71.34364110972726	4.221646506591334e-06	-11.142671725239616	1.6815499835489003	80052.93135086204	0.0	575113436.1477984	575113436.1477984	7.809489322955384e-05	629441.4620862744	2.1296103060940093e-05	0.08760166540589197	0.0	790840328.3353153	790840328.3353153	7.807212697690674e-05	-752678.0513580621	1.2778437945792382e-05	0.09402039604552617
4049.99999996365	0.0	29886566656.184746	29886566656.184746	0.00011658626177673363	209.26726633013976	4.116469073520281e-06	-11.241813099041533	0.5680812549707811	77898.39936095726	0.0	575120482.1028894	575120482.1028894	4.85681689770736e-05	692569.8166633797	2.070248617635717e-05	0.053670447207233296	0.0	790839562.2377653	790839562.2377653	9.330130349869069e-05	-758129.6757588165	1.2724434060724459e-05	0.1124174684926054
4090.4999999626925	0.0	29886623043.881474	29886623043.881474	0.00042144017988850294	170.92237684212103	4.0841100079101725e-06	-11.19209265175719	2.1149221369676057	77275.13840802992	0.0	575123231.1698618	575123231.1698618	3.405185827366629e-05	807211.2417124909	1.9805624219565663e-05	0.04034352561997874	0.0	790838887.0141733	790838887.0141733	0.00010118111670771574	-758820.9722488001	1.2669879312599928e-05	0.12188587221848471
4130.999999964388	0.0	29886577783.612083	29886577783.612083	0.00012834645896007447	16.292479980329986	4.016171479867927e-06	-11.204872204472844	0.6418715890780203	75989.93073440282	0.0	575117668.4034111	575117668.4034111	2.6864660582268237e-05	645978.8545799472	1.9012510073949563e-05	0.03182582106559744	0.0	790838346.5952178	790838346.5952178	5.8911482421171674e-05	-757889.531376666	1.2633737485067883e-05	0.07085163340771122
4171.4999999665	0.0	29886541569.907997	29886541569.907997	0.0001724855448249515	238.30102101039043	3.9744293539192794e-06	-11.253394568690096	0.8645176294614155	75273.30811704397	0.0	575119094.4742244	575119094.4742244	2.1940247648623298e-05	651320.111625824	1.898336591140306e-05	0.025870507028545854	0.0	790837818.3341166	790837818.3341166	5.2777261623040865e-05	-753231.6153665779	1.265439986047639e-05	0.06347148147776606
4211.9999999686115	0.0	29886536225.413284	29886536225.413284	0.0001336118627298877	-17.426639521639636	3.971592021348406e-06	-11.295027955271566	0.6713788328581813	75452.49956514007	0.0	575118798.7981443	575118798.7981443	3.423904369116216e-05	810121.6913130002	1.8905841442750593e-05	0.04055798109622036	0.0	790837266.5676417	790837266.5676417	7.075824471753243e-05	-757188.6672531437	1.2608471674613806e-05	0.08510592680711886
4252.499999970723	0.0	29886536674.31659	29886536674.31659	0.00011593664031990983	147.3029873143003	3.918656174392351e-06	-11.282547923322683	0.5831922732754943	74482.25592698145	0.0	575116071.5805213	575116071.5805213	3.6843744745076426e-05	634114.4417654598	1.789955540192417e-05	0.043729552191154264	0.0	790836750.3030957	790836750.3030957	0.00011097371572469828	-762968.045672004	1.2581251689902906e-05	0.13338796317677928
4292.999999972835	0.0	29886507224.08462	29886507224.08462	0.00017207131527365293	111.96100307505155	3.847557709905446e-06	-11.323282747603834	0.8681044478030062	73196.89346274675	0.0	575116149.1994452	575116149.1994452	2.1178470915458483e-05	551157.9528535339	1.723275340344705e-05	0.02535927832189643	0.0	790836159.0916308	790836159.0916308	0.00010212434340450801	-763000.0355866777	1.261620202625211e-05	0.12274736933389169
4333.499999974947	0.0	29886477989.30201	29886477989.30201	0.0002791340543592042	-143.24115370040852	3.832841214739146e-06	-11.321785143769969	1.4024757308453286	72890.61741318238	0.0	575114023.4646747	575114023.4646747	1.6717713477747704e-05	610535.6449971271	1.7186521329230807e-05	0.0200684419393741	0.0	790835525.396495	790835525.396495	5.448394691956087e-05	-768048.5786313857	1.2575858709339474e-05	0.06543643268848492
4373.999999977059	0.0	29886502356.406193	29886502356.406193	9.155002238469401e-05	139.64554458962158	3.88842970468555e-06	-11.279053514376997	0.4604310142831797	73860.2643172744	0.0	575113163.4505651	575113163.4505651	2.095117704820302e-05	781618.3652345712	1.7643176726074655e-05	0.02517977008556789	0.0	790834973.2866482	790834973.2866482	8.226396133266119e-05	-771176.1808501467	1.2558098291771326e-05	0.09875195610423683
4414.499999979171	0.0	29886482838.814907	29886482838.814907	9.657818396108226e-05	70.98749241869851	3.847870423851745e-06	-11.295726837060704	0.48830349652852467	72920.87695352735	0.0	575109990.1401111	575109990.1401111	1.9773263742443197e-05	602989.1392272295	1.7055992291485137e-05	0.023866496901713313	0.0	790834408.3097564	790834408.3097564	0.0001254907704582436	-765561.5894292572	1.2595722319433647e-05	0.15069596587056436
4454.999999981283	0.0	29886446802.985706	29886446802.985706	8.998588235130202e-05	79.12890970518106	3.7736347279066353e-06	-11.359624600638977	0.45481025602769554	71653.25497427814	0.0	575116625.4563065	575116625.4563065	1.976102320742784e-05	362471.83778018627	1.6645984452752357e-05	0.02384871088577394	0.0	790833851.5956342	790833851.5956342	0.00023581884540131368	-765496.9349740455	1.25678020522458e-05	0.28326288126177457
4495.499999983394	0.0	29886489866.396988	29886489866.396988	0.0001851765737247656	-168.7012975498787	3.76333003787955e-06	-11.311301916932907	0.9330101497598344	71582.51646225582	0.0	575119349.5393767	575119349.5393767	4.9700000676027256e-05	647251.7115318824	1.639869749234825e-05	0.059362012411796714	0.0	790833341.2261347	790833341.2261347	0.00023187065270595584	-768739.6991587534	1.2547501418515341e-05	0.27836485218530965
4535.999999985506	0.0	29886555377.0335	29886555377.0335	8.282140959750286e-05	2.8971743220351485	3.8039506186512478e-06	-11.219548722044728	0.417396292985376	72398.28726036481	0.0	575115006.1082529	575115006.1082529	3.131969462356163e-05	718999.8823992086	1.6803354998780916e-05	0.03756098641172659	0.0	790832812.9631686	790832812.9631686	0.00022026083898975715	-770303.3801404389	1.253948139788357e-05	0.26435270469490313
4576.499999987618	0.0	29886526663.557175	29886526663.557175	5.850071026302603e-05	106.30470390648867	3.7973702063923245e-06	-11.233126996805112	0.29484461465548606	72095.10453811316	0.0	575112105.1601782	575112105.1601782	2.4617318659147505e-05	403834.99283800484	1.6575631189660044e-05	0.029544090619118564	0.0	790832268.5133985	790832268.5133985	0.00017448878798842276	-770073.9635334044	1.2548411726306285e-05	0.20934675453607554
4616.99999998973	0.0	29886521869.226154	29886521869.226154	5.686552225966638e-05	21.94205766864558	3.799540583837187e-06	-11.22723642172524	0.2867881549400342	72158.76932726531	0.0	575119125.4202578	575119125.4202578	3.0207829302477178e-05	436191.2708267772	1.7082193240421054e-05	0.03633056506356862	0.0	790831716.8840297	790831716.8840297	0.00023403576261953854	-768792.7546243096	1.2550232292895565e-05	0.28086601064674377
4657.499999991842	0.0	29886629434.02497	29886629434.02497	5.7734830469792415e-05	-42.912589784422856	3.8080632776123698e-06	-11.108726038338657	0.290214340015534	72387.85256491424	0.0	575127246.0487231	575127246.0487231	1.8804235764480033e-05	696230.5846502315	1.7187503168977793e-05	0.022401491808900303	0.0	790831236.5438944	790831236.5438944	0.0001427610438444204	-774011.0955982968	1.2492728693388533e-05	0.17120217917022126
4697.999999993954	0.0	29886673598.108963	29886673598.108963	9.22816843482492e-05	76.67536979112762	3.8576115893277905e-06	-11.070187699680512	0.46424535078832274	73207.39479792149	0.0	575119902.045385	575119902.045385	1.9103180812126563e-05	732825.057554808	1.7392692551878474e-05	0.02302850536634448	0.0	790830779.3203754	790830779.3203754	0.0001634197776682756	-769613.2746257191	1.254811547797383e-05	0.19577367554200586
4738.4999999960655	0.0	29886624745.03542	29886624745.03542	4.872729575669753e-05	84.2415414514528	3.839470709795684e-06	-11.114716453674122	0.2449931856907586	73035.46955025868	0.0	575121728.1547102	575121728.1547102	1.7933906826580992e-05	437712.2826573432	1.7182692510616586e-05	0.021670329797825218	0.0	790830214.7315342	790830214.7315342	0.00010617106964040741	-767316.9725739373	1.2565234542440027e-05	0.1272631046664536
4778.999999998177	0.0	29886657625.80208	29886657625.80208	4.7547361032222914e-05	-116.84727853104924	3.802817514778952e-06	-11.048821884984026	0.2393618852512866	72428.80019583256	0.0	575128977.7172695	575128977.7172695	2.171357607949269e-05	664742.5544123745	1.7221711227662038e-05	0.02614677617594462	0.0	790829731.1449323	790829731.1449323	0.0001268087661417675	-777598.5844156909	1.247690585877805e-05	0.1520752948028385
4819.500000000289	0.0	29886739619.065247	29886739619.065247	4.762922826706204e-05	179.59598489551627	3.824912853837489e-06	-10.961361821086262	0.2399969573139041	72874.89952144322	0.0	575129373.6851147	575129373.6851147	2.2336151642333145e-05	678215.5075212414	1.697657893833266e-05	0.026959471872149067	0.0	790829283.1572455	790829283.1572455	0.00023000699958377138	-774893.5622068124	1.2525489461277921e-05	0.2755848942796762
4860.000000002401	0.0	29886732526.643887	29886732526.643887	7.148137144751099e-05	-30.18463400290283	3.7326973156624983e-06	-10.951178115015974	0.360460652237049	71149.1261123752	0.0	575124887.2674125	575124887.2674125	3.350188416124907e-05	650707.0374769415	1.5701345897417267e-05	0.04037903682319668	0.0	790828688.3799442	790828688.3799442	0.0002583427226783793	-771572.2198452536	1.2565404730962799e-05	0.30951099601135534
4900.500000004513	0.0	29886655948.79225	29886655948.79225	4.30584237470063e-05	36.54885489787873	3.656198437159078e-06	-11.029552715654953	0.21709754051114433	69706.85361401456	0.0	575127782.6798407	575127782.6798407	2.352740421736618e-05	361661.44509236014	1.5435784831941627e-05	0.028472689673091793	0.0	790828178.0383424	790828178.0383424	0.0002986145967354055	-780259.3569540808	1.2471355019768537e-05	0.3579520267798641
4941.000000006625	0.0	29886751170.401924	29886751170.401924	6.267907465262185e-05	34.63949767653109	3.633558214901716e-06	-10.94119408945687	0.3158645738808449	69290.1793886454	0.0	575136512.4865385	575136512.4865385	3.615699051028244e-05	696402.7072510048	1.5207760511187307e-05	0.043680535387850855	0.0	790827755.5526464	790827755.5526464	0.000326366186174381	-775838.9168625651	1.2515772430539247e-05	0.3908770256156156
4981.500000008737	0.0	29886801855.29148	29886801855.29148	4.648028797950129e-05	44.401596727392885	3.7379227398244547e-06	-10.895367412140574	0.23429149058464865	70994.54437601528	0.0	575135388.6167428	575135388.6167428	2.265553451493682e-05	679000.498845047	1.582362630303731e-05	0.027345146741829612	0.0	790827185.8205943	790827185.8205943	0.00026386629063155146	-770692.4916912181	1.2561085590449921e-05	0.31591737097418265
5022.000000010848	0.0	29886771392.133465	29886771392.133465	4.4440588082215474e-05	200.56709519651946	3.6899775707653726e-06	-10.914137380191693	0.22394062432857229	70075.21628781335	0.0	575140488.9661553	575140488.9661553	2.648277632694072e-05	734441.4234421853	1.569825309390112e-05	0.032044665678049734	0.0	790826728.2048352	790826728.2048352	0.0003214544279881923	-779847.0990896032	1.2453014173444676e-05	0.38506601814188773
5062.50000001296	0.0	29886820085.11501	29886820085.11501	4.7349178241465075e-05	-26.35733124071035	3.7157812579971523e-06	-10.846046325878595	0.2385869387882922	70610.24284596779	0.0	575138233.5446068	575138233.5446068	2.1307635773670822e-05	605915.1288312066	1.5812720613387108e-05	0.0256966345210092	0.0	790826342.0898547	790826342.0898547	0.0002907933825296466	-771251.2590645705	1.2530922714480965e-05	0.3481002245107764
5103.000000015072	0.0	29886782925.955894	29886782925.955894	3.720591049374685e-05	33.89600895085839	3.7524689055157256e-06	-10.882987220447284	0.18755335239270607	71219.47387586496	0.0	575140390.2454095	575140390.2454095	2.2491536207600293e-05	535676.5005910646	1.667096527835401e-05	0.027204363983865422	0.0	790825789.0975461	790825789.0975461	0.0003750628917154769	-770332.5804095977	1.2526052863856635e-05	0.44884598527032776
5143.500000017184	0.0	29886845269.561176	29886845269.561176	6.027319566307249e-05	107.40344366560723	3.769499300366061e-06	-10.813698083067093	0.3035079070280443	71586.27700712241	0.0	575143259.7977664	575143259.7977664	3.790337503665518e-05	721770.4460547213	1.6865543714404685e-05	0.0458994816733102	0.0	790825421.3604767	790825421.3604767	0.00035145801892813306	-777979.3043814716	1.2438444591024313e-05	0.42074783603550814
5184.000000019296	0.0	29886838149.95846	29886838149.95846	3.827089916810971e-05	1.6947769880718866	3.7810568575050745e-06	-10.82488019169329	0.1927236240580195	71869.41372815656	0.0	575145098.3019586	575145098.3019586	2.8139703922802104e-05	705161.7746720854	1.704516523441137e-05	0.03389816161770723	0.0	790825016.3074219	790825016.3074219	0.000378473756601662	-766477.1949440417	1.2545465940921367e-05	0.45279374660542354
5224.500000021408	0.0	29886848469.42608	29886848469.42608	4.949612947261778e-05	74.86062858693259	3.814793645811025e-06	-10.813298722044728	0.2491054568185788	72466.25444555402	0.0	575142204.2683909	575142204.2683909	3.237295426383415e-05	749638.6734448508	1.727885815666266e-05	0.03896635830891917	0.0	790824477.2675298	790824477.2675298	0.0003997181662567605	-772024.5362025049	1.248300765919919e-05	0.47814994190610677
5265.0000000235195	0.0	29886827807.00443	29886827807.00443	6.224570597714191e-05	145.37029520467019	3.7966072354607617e-06	-10.850638977635782	0.31327603662372444	72083.61199053106	0.0	575144590.6136174	575144590.6136174	3.824166008497325e-05	589390.1946619418	1.7048162464965062e-05	0.046261871195679705	0.0	790824150.4459003	790824150.4459003	0.00041262829789365577	-776199.923762001	1.2427842583220993e-05	0.49367198879541985
5305.500000025631	0.0	29886826234.08924	29886826234.08924	5.828093058215934e-05	-145.07929161022216	3.77200730995476e-06	-10.842651757188499	0.2931133453101384	71641.3491716515	0.0	575149515.6021144	575149515.6021144	3.654784585949227e-05	753978.6538589029	1.6864468247705427e-05	0.04389539334553851	0.0	790823727.1583153	790823727.1583153	0.0003655207778761187	-766523.3562443934	1.2529596969537737e-05	0.43701085421829006
5346.000000027743	0.0	29886886706.473335	29886886706.473335	3.6893613773793936e-05	93.87640285718179	3.823248124174076e-06	-10.77665734824281	0.18572189854037638	72561.65404675191	0.0	575143061.5042088	575143061.5042088	2.2900770634209157e-05	730127.9486487416	1.7380562791780328e-05	0.02765337037130409	0.0	790823207.0911312	790823207.0911312	0.0004601016343245614	-773484.9030215716	1.2454465759819445e-05	0.5500954468787086
5386.500000029855	0.0	29886860189.17036	29886860189.17036	7.755589689757727e-05	221.4587756806196	3.7885115129555185e-06	-10.813298722044728	0.39018614094512083	71916.9666855507	0.0	575146663.0170233	575146663.0170233	3.768077958507673e-05	718671.5530322171	1.7044389053518647e-05	0.04555564222783513	0.0	790822926.0155059	790822926.0155059	0.0004233183116125433	-776938.3866024422	1.2417397731703864e-05	0.5060706491210522
5427.000000031967	0.0	29886835180.821426	29886835180.821426	4.615055783302924e-05	0.43062789537793833	3.843333478010232e-06	-10.846146166134185	0.23230781750088264	72877.1004446519	0.0	575137114.3585098	575137114.3585098	2.1036807091257203e-05	710251.8505674868	1.718977504844779e-05	0.025424693844788706	0.0	790822487.2081656	790822487.2081656	0.0005031834994354104	-763675.3247589411	1.256293691787995e-05	0.6014174600303278
5467.500000034079	0.0	29886770836.898872	29886770836.898872	3.353464211817985e-05	195.86017664052906	3.785676502915903e-06	-10.891473642172524	0.16862213313580818	71807.51699620117	0.0	575144307.7158332	575144307.7158332	2.097294649970747e-05	542356.3331925222	1.722590416633383e-05	0.02537119763412511	0.0	790822036.6980904	790822036.6980904	0.00048370031124557705	-777931.7804706534	1.2422185170267161e-05	0.5780897407937019
5508.000000036191	0.0	29886809985.284595	29886809985.284595	5.7834852205780826e-05	-58.34755108915343	3.795483249287157e-06	-10.877196485623003	0.2909549371706324	71948.38293063865	0.0	575145847.7678821	575145847.7678821	2.3461418608178626e-05	783020.0657433672	1.715903257103524e-05	0.028335992548937594	0.0	790821854.3009672	790821854.3009672	0.0005419127581878461	-768419.3725848484	1.2500397558991311e-05	0.6472383595176578
5548.5000000383025	0.0	29886801531.88007	29886801531.88007	3.9542773960135274e-05	178.35621523005472	3.842949790117071e-06	-10.875099840255592	0.19883938757062905	72851.85988159088	0.0	575140264.779903	575140264.779903	1.8233645575432088e-05	665608.2168760832	1.715867413083728e-05	0.02201481650614601	0.0	790821342.9798366	790821342.9798366	0.0006454864256232522	-761201.6343558603	1.258462469041874e-05	0.7713925213131452
5589.000000040414	0.0	29886816286.963043	29886816286.963043	6.889300784311376e-05	138.2757237920936	3.7461474715456116e-06	-10.866114217252397	0.34627355673380955	71074.40412870489	0.0	575147930.7807517	575147930.7807517	2.7714772963128128e-05	737271.491021492	1.6550501197879317e-05	0.03347630392497159	0.0	790821178.3152325	790821178.3152325	0.0006120870810933509	-779967.0343620616	1.247349159857582e-05	0.7305889288641589
5629.500000042526	0.0	29886789999.1892	29886789999.1892	4.4751668672524387e-05	20.095806569361297	3.852727934162618e-06	-10.897663738019169	0.22505317666303215	72933.58268420916	0.0	575136917.454226	575136917.454226	1.7583877595381356e-05	769379.761459748	1.728483644446296e-05	0.021234623208665728	0.0	790820889.2743047	790820889.2743047	0.0007080575556627501	-756498.5940840805	1.2727165150911322e-05	0.845452465487646
5670.000000044638	0.0	29886752799.279213	29886752799.279213	5.609255272267764e-05	319.7038342534178	3.817339051992446e-06	-10.960363418530351	0.28211997865580113	72310.33421673573	0.0	575140360.1541188	575140360.1541188	2.185789548647605e-05	628407.2910932606	1.6915695564732686e-05	0.026443226656827808	0.0	790820459.7820544	790820459.7820544	0.0007495355052050878	-775546.993053983	1.2595105435183446e-05	0.895088773771201
5710.50000004675	0.0	29886767553.103104	29886767553.103104	7.42664452763127e-05	-11.502256372231507	3.7659216575797868e-06	-10.92132587859425	0.3733910190442992	71290.79741377119	0.0	575142542.7848718	575142542.7848718	2.8331531407545247e-05	684389.8639265277	1.6599684763461156e-05	0.034250352767347454	0.0	790820397.041234	790820397.041234	0.0006658807816235177	-771649.7015669524	1.2711947857093733e-05	0.7945333026924623
5751.000000048862	0.0	29886769666.47766	29886769666.47766	3.561900431493267e-05	146.99400767255835	3.842134488484441e-06	-10.932607827476039	0.1793423108296358	72738.91132057554	0.0	575137348.3984083	575137348.3984083	1.5668255535635146e-05	763696.3773016152	1.7240723621624963e-05	0.01892719013183489	0.0	790819872.4946274	790819872.4946274	0.0007311772631676973	-756862.1778314953	1.2771010686874171e-05	0.8733704070751833
5791.5000000509735	0.0	29886731942.914753	29886731942.914753	6.161277750330369e-05	137.07585141584087	3.7687753310727464e-06	-10.976737220447284	0.3098334767234167	71386.71095764331	0.0	575140188.5532076	575140188.5532076	2.355416317109339e-05	651747.2113542396	1.6240748376120027e-05	0.028465845427297052	0.0	790819713.3101965	790819713.3101965	0.0006767857293452624	-778920.6216241143	1.2661090625809879e-05	0.8076388076292997
5832.000000053085	0.0	29886729050.727383	29886729050.727383	4.0607324142244715e-05	6.084721275799816	3.7948214721314528e-06	-10.969149361022364	0.20442780682387596	71746.92073291553	0.0	575137450.5662632	575137450.5662632	1.8582249727601045e-05	639028.4331647927	1.659776109725695e-05	0.022455394745594978	0.0	790819468.7326971	790819468.7326971	0.0006129070879679975	-759867.6655233754	1.3002924562558495e-05	0.7321742345918537
5872.500000055197	0.0	29886726866.70075	29886726866.70075	3.6134129772726504e-05	246.80212196026716	3.833361796917548e-06	-10.977535942492013	0.18207589983682732	72588.8438883232	0.0	575135540.5972981	575135540.5972981	1.530986078874688e-05	792388.1904532457	1.7264691368643514e-05	0.01852051177474102	0.0	790818924.6064348	790818924.6064348	0.0006635828660385716	-759543.728791201	1.2751570259145415e-05	0.7928158274239455
5913.000000057309	0.0	29886730492.592907	29886730492.592907	7.198166376032729e-05	47.710557970953815	3.761931811555312e-06	-10.970846645367413	0.3625466879116965	71227.13961433274	0.0	575136910.8049357	575136910.8049357	2.287765458457514e-05	583902.2733745953	1.6567881987928783e-05	0.027682850956578787	0.0	790818725.1480736	790818725.1480736	0.000611615977221845	-767639.5275417932	1.2609594134043964e-05	0.7311880109795593
5953.500000059421	0.0	29886700117.071335	29886700117.071335	3.8330261959291485e-05	207.5653396042482	3.83639077678308e-06	-11.006389776357828	0.19329606289839998	72630.82779959329	0.0	575132793.0293888	575132793.0293888	1.5923051604245664e-05	712452.8488209512	1.730022810199093e-05	0.019249958467653507	0.0	790818285.4576428	790818285.4576428	0.0006089855644612796	-745411.7820067855	1.2839430285390089e-05	0.7287994597960644
5994.000000061533	0.0	29886696262.46838	29886696262.46838	8.874891099889886e-05	116.76068633278192	3.806555741705965e-06	-11.003194888178914	0.44789947755485426	72187.74061027443	0.0	575136264.8484888	575136264.8484888	2.5355907707319306e-05	766626.5619281532	1.6786495124898354e-05	0.03069374529938671	0.0	790817683.0625162	790817683.0625162	0.0006604072686449283	-752964.9194652204	1.2706947003960222e-05	0.7909611398947987
6034.500000063645	0.0	29886669802.181965	29886669802.181965	6.326585359381362e-05	93.19704815833191	3.805327368312318e-06	-11.032947284345047	0.31872857823166506	72095.52209956535	0.0	575128885.4126992	575128885.4126992	2.3177511802717494e-05	696406.4529933591	1.7191531331464403e-05	0.027797213386041412	0.0	790817327.1587087	790817327.1587087	0.0005899640170337042	-758098.1216012832	1.2582101283017872e-05	0.7072711240830623
