3.1591920034934406
Time 	 Eb 	 Ea 	 Ep 	 phi_d 	 phi_z 	 KED 	 MLD 	 K 	 E_k 	 Eb_D 	 Ea_D 	 Ep_D 	 phi_d_D 	 phi_z_D 	 KED_D 	 K_D 	 Eb_U 	 Ea_U 	 Ep_U 	 phi_d_U 	 phi_z_U 	 KED_U 	 K_U 
944.9999999967719	29888207489.21257	1142800.6014882028	29889350289.814064	2.762711905174493e-05	-2401.9594548886193	2.8053172868141904e-06	-8.37410143769968	0.14019791309654	53333.98822695606	2072671777.6350722	15675.602345344143	2072687453.2374175	0.0003108503779201099	1056997.9853390718	7.665874209302784e-06	0.7117035029233392	2849669098.267594	6985.197158049792	2849676083.4647517	0.00012452620391533258	-1041654.0982762714	5.096028462367556e-06	0.28378809559633955
985.4999999965816	29888175108.68513	1133236.7259486616	29889308345.41108	2.5713093404839784e-05	-2229.2030390247583	2.7819071386535963e-06	-8.405151757188499	0.13044108851774644	52902.52105281168	2072667282.0376387	16007.058643499387	2072683289.0962822	0.0002610756849743085	1067336.464927863	7.616257467515855e-06	0.5977002152551013	2849659358.8820143	6961.798366169445	2849666320.6803803	0.00012779582742862008	-1044283.8962181328	5.0272724008886375e-06	0.2911272720348607
1025.999999996429	29888138081.604805	1128522.9298552275	29889266604.53466	2.5467713965019184e-05	-2111.431575259071	2.763265033186139e-06	-8.446385782747603	0.1291230040594083	52482.22939875235	2072662948.710073	16318.6521447096	2072679267.3622177	0.0003037566813607768	1067629.7479022304	7.602524306383308e-06	0.6954424498563848	2849648843.415763	7002.4375853426745	2849655845.8533483	0.00012331353752546956	-1044133.717114578	4.9566244457288496e-06	0.28080203923009944
1066.4999999970062	29888067455.696835	1156136.724170655	29889223592.421	2.4380889813756742e-05	-2337.564591528917	2.7261464353313843e-06	-8.475239616613418	0.12356574851897192	51855.36834452425	2072656746.5450478	16700.893559547607	2072673447.438607	0.00028087540570967303	1061808.563055953	7.461084861561838e-06	0.6428111667014669	2849637824.303184	7099.915612997486	2849644924.2187967	0.0001317884108436501	-1041821.8590528384	4.887110807586481e-06	0.29997291658362224
1106.9999999975832	29887979230.691315	1196912.374597013	29889176143.06591	2.502833207034142e-05	-2102.136220795641	2.7111388035152984e-06	-8.51707268370607	0.12682654653126432	51530.041694514235	2072653312.8252342	16733.013750245795	2072670045.838985	0.00020845914181832033	1095052.638199984	7.461438049348452e-06	0.4774829852704268	2849626556.2712255	7223.372290248982	2849633779.643516	0.00014414813673257654	-1040750.258403218	4.8181572954713184e-06	0.3279638037734516
1147.4999999981603	29887892572.083317	1242802.1885641813	29889135374.271873	2.492690471268995e-05	-552.0635009491606	2.6833491607463815e-06	-8.560403354632587	0.12624042028355492	50960.39692748198	2072645369.09205	16979.055158284493	2072662348.147208	0.0001970881936422144	1118834.8634535377	7.392638792858989e-06	0.45132598916941385	2849615211.998389	7326.885013209656	2849622538.883402	0.00015500667310583725	-1037352.6915116619	4.751945789314355e-06	0.35252626415575866
1187.9999999987374	29887848496.780495	1235470.513547033	29889083967.294044	2.461047898198348e-05	-180.5331932448052	2.650585443531113e-06	-8.615015974440894	0.12460560277017124	50382.12498988604	2072636158.2891443	17229.60111398576	2072653387.8902583	0.00014995243850168195	1122159.27879099	7.2687426761173875e-06	0.34333655012669817	2849603713.919761	7418.298833133187	2849611132.2185946	0.00016968110945468252	-1033408.9371032434	4.688636546002637e-06	0.3857505146420405
1228.4999999993145	29887799208.615147	1227470.102077961	29889026678.717216	2.1913135493826897e-05	-53.679683813247166	2.6339644988930504e-06	-8.664936102236421	0.1109021266699022	50033.62596542535	2072627311.4668384	16811.44202053547	2072644122.9088585	0.00010880339602925046	1124108.0071233963	7.248845789080915e-06	0.24931206344323367	2849591955.1719856	7517.262383587658	2849599472.434369	0.00018687606290304385	-1031885.1386218276	4.626605011329429e-06	0.4247083702808866
1268.9999999998915	29887781895.671127	1188021.1685492396	29888969916.839684	1.9557746802449263e-05	-105.5993912171494	2.608385518814789e-06	-8.723542332268371	0.0989324429875758	49522.9370669654	2072619176.671	16827.060859504156	2072636003.7318594	8.932651635862835e-05	1118464.7727349647	7.17294126956584e-06	0.20467458171130332	2849579952.303919	7629.763669731561	2849587582.067588	0.00020213135305897182	-1029240.1744898797	4.567520833701163e-06	0.45926576082086423
1309.5000000004686	29887821163.3799	1091999.135876745	29888913162.515778	1.807258068483128e-05	-357.1997636408474	2.5758766964056605e-06	-8.77376198083067	0.09141413739499947	48948.68994090991	2072611447.1580691	16827.770128198434	2072628274.9281971	6.426122389137723e-05	1116970.9664620198	7.054118342799948e-06	0.14721803858049293	2849567693.348161	7776.224035563412	2849575469.5721965	0.00019099718438352889	-1026453.2264071867	4.511212119095378e-06	0.4338924861943704
1350.0000000010457	29887792462.334854	1064175.925611496	29888856638.26046	1.7893422054123563e-05	-397.6821230804432	2.5542938979275032e-06	-8.828374600638977	0.09046019958820502	48540.53163926152	2072604512.4573946	16063.214047091082	2072620575.6714416	4.0275801669013226e-05	1123871.1171981327	6.9970973938968695e-06	0.09234072631762373	2849555190.641456	7978.086047535296	2849563168.727504	0.00016443376313638388	-1026333.0190389339	4.456710824763783e-06	0.37351073838917004
1390.5000000016228	29887811119.910934	992774.7919459344	29888803894.702877	1.4540920044037963e-05	-406.1439945028185	2.533328485442169e-06	-8.886581469648561	0.07348214368048199	48109.85623242715	2072597468.5715399	15897.314733096862	2072613365.8862727	3.038927152213741e-05	1118699.6929478338	6.938508085830103e-06	0.06967885584024447	2849542751.794889	8182.008447361644	2849550933.803337	0.0001729472110905261	-1024906.9763426369	4.404169455912589e-06	0.3928237823600937
1431.0000000021998	29887876631.723152	873081.7876122595	29888749713.51076	1.4270398926650198e-05	-325.65191252287127	2.5052090704650484e-06	-8.93560303514377	0.07212264354499277	47606.713873980545	2072591003.6529617	15932.255823062265	2072606935.9087849	2.289960996148778e-05	1128038.5883945157	6.827268041448072e-06	0.05249610804477882	2849530349.285537	8387.075245401822	2849538736.3607817	0.00018415094790849782	-1022247.4407749947	4.3534620924115784e-06	0.4182466765666534
1471.500000002777	29887888797.91749	810494.3301724793	29888699292.247658	1.6012220173105417e-05	180.13931260422697	2.4746364918740168e-06	-8.980730830670927	0.08089038225883383	47053.13457253323	2072587640.476103	15462.811021959875	2072603103.287125	1.8311111311048853e-05	1120368.9054101002	6.700257384492125e-06	0.04200693025080262	2849517921.894556	8607.819569658954	2849526529.714126	0.00018516631721104517	-1020144.5850423011	4.303359517912347e-06	0.42054255266992596
1512.000000003354	29887948325.24557	704385.2146634758	29888652710.460236	1.2785061565455064e-05	-1006.9707331599147	2.4483324048251233e-06	-9.028055111821086	0.06458239627473294	46561.28927344681	2072580446.5238628	15050.082741862629	2072595496.606605	1.4903365065091392e-05	1118892.8210005644	6.606474221419033e-06	0.03419380048538978	2849505470.5388923	8846.674463953357	2849514317.213356	0.00019778285941913804	-1018107.1398170439	4.255431688868055e-06	0.4492082618252959
1552.500000003931	29888022426.773155	577755.5340343118	29888600182.30719	1.282490998218346e-05	-236.0660936537262	2.4296310047361976e-06	-9.081269968051119	0.06478807727385003	46187.5240219129	2072575274.0284586	14962.503632217178	2072590236.5320907	1.1435222215322665e-05	1127385.403986986	6.543496845761841e-06	0.02622493007563915	2849493038.85057	9094.94097857643	2849502133.7915487	0.00020262700046527982	-1015862.6129406741	4.2088542500616135e-06	0.4602470979297887
1593.0000000045081	29888065605.4269	487943.4731780589	29888553548.900078	1.290911800821271e-05	245.4039925560844	2.39408827026652e-06	-9.122404153354633	0.06520293232027073	45559.792360772364	2072573399.240218	14824.240016354714	2072588223.4802346	9.905556019712003e-06	1113580.8192557064	6.3854808622980086e-06	0.02273065754685723	2849480658.329339	9341.850777467247	2849490000.180116	0.00019944113702188385	-1013987.281112752	4.164422387093558e-06	0.4530739368906904
1633.5000000050852	29888142238.68672	367766.64832273126	29888510005.33505	1.1944100549176518e-05	-806.5143216860474	2.3502120632284924e-06	-9.163039137380192	0.06033428215329979	44793.429888591556	2072566669.4268646	14110.232058960944	2072580779.6589234	9.229337978642758e-06	1109683.2107477607	6.151644458901753e-06	0.021173615364833122	2849468299.958321	9586.83974441979	2849477886.7980657	0.00017686681042928067	-1012759.5038296517	4.122146690331969e-06	0.40186552261546254
1674.0000000056623	29888195800.698402	262895.8155166209	29888458696.513924	1.1874318802741306e-05	-23.927550751719057	2.321146705641177e-06	-9.209964057507987	0.059984855355145285	44236.658685738796	2072560571.5434513	13895.785842251964	2072574467.3292935	8.006584351736225e-06	1155928.4065113924	6.028023303014539e-06	0.018361144294491854	2849455927.371253	9839.97371019004	2849465767.344964	0.0001435839055386276	-1010327.9072470592	4.081271373158015e-06	0.3263026451877099
1714.5000000062394	29888265875.955894	149812.1718110144	29888415688.12771	1.1748062972963966e-05	1065.8622478059772	2.3050636800496964e-06	-9.256789137380192	0.05934901467557043	43901.31879620377	2072555840.4187407	13652.453501346985	2072569492.872242	7.129361472242091e-06	1117855.0516915824	5.940523115750469e-06	0.016342889232179705	2849443548.878244	10107.957661117893	2849453656.8359046	0.00012435111931127698	-1006856.0541130892	4.043759654445769e-06	0.2826467389086856
1755.0000000068164	29888307202.57677	52694.56267353893	29888359897.139442	1.103825928950272e-05	-472.2609655738108	2.2928654857754046e-06	-9.30591054313099	0.05577038148729154	43639.49606143382	2072549003.2186577	13116.449256172404	2072562119.667914	6.3442881440714495e-06	1105966.3561579904	5.942702839011473e-06	0.014529418951846791	2849431218.2467365	10376.119919203222	2849441594.366655	0.00011330261923182259	-1003203.9748076317	4.007590824778052e-06	0.25759003837872974
1795.5000000073935	29888339601.16117	-29085.911686927084	29888310515.249485	1.0870601997437874e-05	-420.19533261059314	2.2763441885353616e-06	-9.358326677316294	0.05492041830699392	43330.6080656315	2072545403.0997896	12619.60019639926	2072558022.6999865	5.863221648606031e-06	1121332.4487053105	5.899447594600087e-06	0.013440170936171867	2849418916.333206	10650.537908237426	2849429566.8711143	0.0001016796795620442	-1000067.8901940737	3.973108277547134e-06	0.2312165210799467
1836.0000000079706	29888468860.605526	-207239.56274345517	29888261621.042786	1.1264529947439575e-05	101.52788474601184	2.2218972665364826e-06	-9.399161341853036	0.056894592000172	42329.141240511395	2072541141.2876847	12089.908449474722	2072553231.1961339	5.471772569013557e-06	1136356.6252542972	5.749152017675643e-06	0.012548791109944899	2849406632.300128	10936.980884329416	2849417569.2810125	7.634316915325494e-05	-998818.5498076209	3.943271506120572e-06	0.17363353337292667
1876.5000000085477	29888462718.27959	-245659.1317936182	29888217059.147793	1.0984236858383237e-05	103.48382602250176	2.1962546013087173e-06	-9.435902555910543	0.05548400188407462	41844.910373102546	2072537809.815657	11809.610721332952	2072549619.4263785	5.4835585372371025e-06	1088130.393625289	5.5961284229210955e-06	0.012576339895455502	2849394342.4152036	11232.836428318638	2849405575.251632	5.9934137083631365e-05	-997186.0136628452	3.909848334451421e-06	0.13633917757055822
1917.0000000091247	29888451259.452835	-280120.36892309785	29888171139.083904	1.0462845948875915e-05	87.27880284115807	2.1740108373077043e-06	-9.490015974440894	0.05285938252333346	41438.72285624296	2072535722.5091214	11464.52740049269	2072547187.036522	5.255959726377833e-06	1146559.4530570204	5.521409973484648e-06	0.012052927986485728	2849382051.423869	11536.84217015188	2849393588.266039	5.254628995885281e-05	-996019.9524308392	3.874779426403612e-06	0.11955680127458845
1957.5000000097018	29888471755.453995	-336171.23280805355	29888135584.22119	1.0577757197135251e-05	112.10999574982664	2.1681463968424088e-06	-9.518969648562301	0.05344457791157007	41327.74888143946	2072531325.3654165	10981.33855573181	2072542306.703972	4.979391340875876e-06	1121777.5217835316	5.460485546369379e-06	0.011413534694094014	2849369679.998264	11843.938912916461	2849381523.937177	4.580326479000818e-05	-996183.1827179983	3.840100341312035e-06	0.10422619238291304
1998.0000000102789	29888450449.65177	-363164.22366186976	29888087285.42811	1.0240292140855198e-05	114.11430128592357	2.148315309674805e-06	-9.559404952076678	0.05174892480042145	40957.766056080385	2072528714.165718	10636.769664469173	2072539350.9353824	4.938199087920972e-06	1093749.3276976577	5.392579461489512e-06	0.011310845252217448	2849356717.294107	12139.62127797911	2849368856.9153843	4.006838407566976e-05	-996072.4228724092	3.809120442614336e-06	0.0911804749246294
2038.500000010856	29888437676.80572	-391428.9899868071	29888046247.815735	1.0372103239475157e-05	110.3730322041271	2.1365451764134768e-06	-9.60802715654952	0.05242075462506378	40735.474578434696	2072528069.6624136	10423.770394267514	2072538493.4328074	4.918463338429052e-06	1135762.875389322	5.35027576242799e-06	0.011270193671686322	2849343925.285311	12467.958099822514	2849356393.243411	3.404848739460865e-05	-993120.0011649786	3.7830941498315747e-06	0.07748318384091593
2079.000000010258	29888462484.254616	-449581.4782175124	29888012902.776398	1.0743106367337242e-05	120.37433367750228	2.1266150800709875e-06	-9.63458466453674	0.054304523800731294	40558.01348346535	2072524797.3791707	10056.682366837747	2072534854.0615377	4.70358356414641e-06	1105285.7545760958	5.292214478377117e-06	0.01077539403819247	2849331134.109332	12836.765366419217	2849343970.8746986	2.9353248957700292e-05	-989894.8594110818	3.7613932857286357e-06	0.06679839521763484
2119.5000000093005	29888451307.168358	-486430.37260729074	29887964876.795753	1.0784468306647444e-05	120.23591128505049	2.1178960727282694e-06	-9.68180910543131	0.05452309024962907	40387.02455934242	2072523204.8967483	9821.156145684421	2072533026.0528939	4.6722771731183375e-06	1101593.042194407	5.293043591116938e-06	0.010699004321486277	2849318354.488254	13242.68816484604	2849331597.1764197	2.659173429101047e-05	-985918.6503130152	3.741077354115933e-06	0.060511816100666055
2160.000000008343	29888470471.39091	-542662.8435477614	29887927808.547363	1.1245561683970219e-05	120.49409851929731	2.1127054698330518e-06	-9.719748402555911	0.05686477553431832	40299.759047801854	2072525205.3336632	9653.152103856206	2072534858.4857671	4.75128313767578e-06	1114856.07372277	5.265210623885844e-06	0.010874588269379749	2849305393.936388	13665.028968675062	2849319058.965357	2.5496161808609044e-05	-983112.284428211	3.7179715925134914e-06	0.05801331365161723
2200.500000007385	29888496817.324978	-594783.2526353747	29887902034.072342	1.163888582936325e-05	126.91725953647162	2.106860778020575e-06	-9.743710063897764	0.05885934562106939	40187.84898471046	2072525557.820062	9489.656795979477	2072535047.4768577	4.755788155956881e-06	1110941.452579604	5.268462375241427e-06	0.01088017813955613	2849292588.007693	14101.77618850628	2849306689.783881	2.4821119080586288e-05	-982453.2733708983	3.691805889284102e-06	0.056466303433983074
2241.0000000064274	29888518559.930016	-653377.4891125262	29887865182.440903	1.2178944510852447e-05	134.1835282791261	2.10123659730755e-06	-9.779053514376997	0.061591591551234226	40082.02331306198	2072524441.8761873	9283.97134317644	2072533725.8475308	4.746028510154131e-06	1105824.7084653452	5.2597459336799975e-06	0.01085327050940367	2849279988.619454	14543.281771139706	2849294531.901224	2.467378780221949e-05	-980195.9026981241	3.6671842673198316e-06	0.05611188765578038
2281.5000000054697	29888549038.93532	-719959.7330425085	29887829079.202286	1.2710296347365416e-05	137.79808963851343	2.095959639982786e-06	-9.810003993610223	0.06427540629316786	39981.20595704677	2072525362.3946807	9241.612415360287	2072534604.007096	4.781757294497062e-06	1090155.597235134	5.26814157125738e-06	0.010931052665914558	2849267521.72434	14995.083838349206	2849282516.808179	2.479465512507896e-05	-978780.8117745017	3.6423863795477274e-06	0.05636350714197846
2322.000000004512	29888570469.53782	-775054.9572557658	29887795414.58057	1.3200470441869033e-05	136.56554451840492	2.0939547234932514e-06	-9.844349041533546	0.06674722166020493	39940.227144065066	2072525943.227579	9130.771686512046	2072535073.9992657	4.8917566963811385e-06	1089052.0083814114	5.284242919733994e-06	0.011178944108169584	2849254894.858831	15464.322327162137	2849270359.181157	2.4988003041777488e-05	-974500.1424100006	3.626556942328072e-06	0.056778696519275924
2362.5000000035543	29888604087.76794	-839094.1811488719	29887764993.586792	1.3798044478914603e-05	140.2116238159206	2.093233818484548e-06	-9.878095047923322	0.06975773462088876	39925.098029700595	2072529167.7376056	9071.583048014902	2072538239.3206534	4.994208195747673e-06	1100190.4212866207	5.2914049735761925e-06	0.011410256789131176	2849242349.8569727	15988.136597097386	2849258337.99357	2.5454985313193344e-05	-976993.8714433659	3.600869539090212e-06	0.05781443165668021
2403.0000000025966	29888632670.776707	-893997.8635657132	29887738672.91314	1.4491323025879136e-05	148.17652978651768	2.086409416423832e-06	-9.904652555910543	0.0732469338296506	39794.767704794576	2072526787.6856165	8836.41076121293	2072535624.0963776	4.855839673074261e-06	1131550.455355922	5.292704373495245e-06	0.011093252665903011	2849229971.2322283	16561.102048490662	2849246532.334277	2.6082731455693105e-05	-976184.4114306191	3.5747854012036012e-06	0.05921308271140256
2443.500000001639	29888662022.9118	-959840.6423942596	29887702182.26941	1.5380452858432427e-05	154.83785610486265	2.0825384019357874e-06	-9.936301916932907	0.07772597294428539	39721.6687301508	2072526129.5806696	8703.134131132625	2072534832.7148004	4.9197463971570214e-06	1070952.3847439298	5.2876521063699585e-06	0.011240440719429394	2849217831.117054	17130.913112079725	2849234962.0301666	2.6982098742788282e-05	-976713.1816855167	3.544657029418434e-06	0.06122195522294994
2484.000000000681	29888657825.72727	-996964.3568022549	29887660861.37047	1.5849040392938062e-05	149.66447652309887	2.0724024117114223e-06	-9.976437699680512	0.08007888649783544	39529.40067763663	2072530171.3401423	8808.471271676011	2072538979.811414	5.177305487251743e-06	1079911.4522464315	5.333607159796486e-06	0.01183031985820679	2849206052.1359696	17638.102999666706	2849223690.238969	2.79978382966007e-05	-976522.891732536	3.5151866287363452e-06	0.06349509783828235
2524.4999999997235	29888719066.358227	-1078386.6423694342	29887640679.715862	1.6608600026039974e-05	154.14585960076823	2.074737722578672e-06	-9.994508785942491	0.083904963987786	39577.16926620348	2072530537.9501407	8882.398571667261	2072539420.348713	5.471830641187062e-06	1104751.9416438139	5.352207332820512e-06	0.012504481063318747	2849194742.5054564	18049.337655800395	2849212791.843113	2.796404376408925e-05	-975186.4989528295	3.4877898842668065e-06	0.06339476060257292
2564.999999998766	29888760835.53471	-1146953.3184960783	29887613882.21621	1.7266436956363298e-05	160.36569695052972	2.0750204137291428e-06	-10.028154952076678	0.08722331126574702	39584.293403046046	2072531523.4111109	9016.624376242049	2072540540.0354872	5.766983666271229e-06	1068983.8590947753	5.369628353699227e-06	0.013179506646864174	2849183988.8351097	18384.8822327815	2849202373.717342	2.7479338980459437e-05	-973143.3152456529	3.4650714118207303e-06	0.062289041985607856
2605.499999997808	29888787850.506218	-1205641.5070005357	29887582208.99922	1.7661536236395442e-05	154.44601765332993	2.0720069485838022e-06	-10.057108626198083	0.08922116166966795	39525.18948902546	2072533482.6482558	9108.253431970254	2072542590.9016876	5.8265977557811285e-06	1088421.7154725264	5.41793792328953e-06	0.01331549214049172	2849173413.903868	18722.364596970143	2849192136.2684655	2.7657655315586202e-05	-972336.036424605	3.4470736989036525e-06	0.06269623977071026
2645.9999999968504	29888841965.031433	-1281211.0986647606	29887560753.93277	1.8356787760382206e-05	158.5400504859431	2.080079129812708e-06	-10.075279552715655	0.09273602436745461	39674.547808359115	2072534332.6246867	9034.220849129371	2072543366.845536	5.729977149196473e-06	1103849.8976361048	5.458439063254632e-06	0.013093978992509143	2849162508.60795	19107.74343153555	2849181616.351382	2.775503078093257e-05	-970568.08873617	3.434491818893768e-06	0.06292848876636348
2686.4999999958927	29888882392.405094	-1347800.1355717927	29887534592.269524	1.907930346318673e-05	163.37304597975813	2.0870902486030816e-06	-10.10133785942492	0.09639431885823287	39802.44149836197	2072534443.2432318	9068.646188282408	2072543511.8894198	5.893530734174181e-06	1090307.8091803433	5.5040957513243415e-06	0.013467569376197934	2849151829.231929	19471.70764385257	2849171300.9395723	2.8320421317551525e-05	-967934.0541628087	3.4263273179707997e-06	0.0642153359292013
2726.999999994935	29888900456.521233	-1396935.1824037433	29887503521.33883	1.962503424708517e-05	164.24697947810571	2.091981371289329e-06	-10.132987220447284	0.09914583133352743	39886.44578091748	2072535481.1497984	9098.306816259399	2072544579.456615	5.81644295123126e-06	1082101.5948849672	5.56749716545758e-06	0.013291334805920362	2849141007.6447954	19856.261544045527	2849160863.9063396	2.947069150808222e-05	-965326.4223623603	3.418857764103436e-06	0.0668122826628071
2767.4999999939773	29888926241.59054	-1451163.9848364145	29887475077.605705	2.023036142265879e-05	165.94085326447646	2.099385417856595e-06	-10.161341853035143	0.10219152998826067	40020.85100460588	2072536418.3139274	9145.171617880464	2072545563.4855454	5.8030761497289694e-06	1093402.7403593818	5.639089331195279e-06	0.013259196501627131	2849130205.442153	20238.221935688984	2849150443.664089	3.060871583417192e-05	-963592.0274995894	3.4055469593189613e-06	0.06936777757182351
2807.9999999930196	29888946446.558548	-1497425.182914883	29887449021.375637	2.1001248596303385e-05	169.9159397575669	2.105625395946237e-06	-10.184804313099042	0.10607993468789893	40142.73517903252	2072536753.1016014	9193.94860381633	2072545947.050205	5.81374213001345e-06	1097988.2492077304	5.687863942144966e-06	0.01328234303325913	2849119450.1210666	20612.626426231116	2849140062.7474923	2.9751274305648305e-05	-962351.6382672227	3.387231229916637e-06	0.06742348323169732
2848.499999992062	29888958802.61053	-1538225.261419028	29887420577.34911	2.172845845742242e-05	173.1315358148583	2.1096920250153356e-06	-10.214357028753994	0.10976237571719466	40214.92207827094	2072537073.6408746	9289.33284953702	2072546362.9737244	5.915736300805034e-06	1093375.334374315	5.73058026012263e-06	0.013515633716727557	2849108842.572231	20967.357650218066	2849129809.9298816	2.8938989881512476e-05	-961467.2031616921	3.371821018832965e-06	0.06560337493486311
2888.9999999911042	29888984488.014812	-1593226.319297135	29887391261.695515	2.2407483333617616e-05	175.3043597539674	2.1119659654581156e-06	-10.243510383386582	0.11320955041882923	40259.54234131815	2072537601.931155	9427.33581924997	2072547029.2669744	6.092788073011104e-06	1093026.8284101011	5.765365049030782e-06	0.013920059257043229	2849098392.4002504	21301.60497044213	2849119694.0052214	2.7858794411388936e-05	-961283.7210994805	3.362078052068097e-06	0.06318206071097847
2929.4999999901465	29889023300.18155	-1660019.4510879815	29887363280.73046	2.3170527798518646e-05	176.94655130410698	2.1141161481058e-06	-10.27276357827476	0.11707448707057068	40301.60216204816	2072538272.6635928	9572.414269868284	2072547845.0778627	6.238415855284669e-06	1096069.5505656996	5.794145943014515e-06	0.014252753157210118	2849088031.322727	21625.332855037876	2849109656.655582	2.6757153812475636e-05	-960383.3300742703	3.352649814562664e-06	0.060691802837274
2969.999999989189	29889058564.592407	-1722190.294441402	29887336374.297966	2.3970743092981783e-05	178.67498873472226	2.1154717639583755e-06	-10.29922124600639	0.12112274900473385	40328.656676837265	2072538936.5653472	9707.987063799053	2072548644.552411	6.379851315969762e-06	1101141.0277713498	5.817675741303086e-06	0.014575782368152568	2849077726.9860997	21940.911392837294	2849099667.8974924	2.6327430212278657e-05	-959736.6666196231	3.339758704364076e-06	0.059716255336813705
3010.499999988231	29889096149.93719	-1786382.7696474493	29887309767.167545	2.4758645117370432e-05	179.73582767837723	2.1168508373186587e-06	-10.323382587859426	0.12511178652150257	40353.48660338583	2072539340.8294196	9841.091002082452	2072549181.9204218	6.50830033633181e-06	1100282.8081409314	5.839931474827729e-06	0.014868125935510517	2849067500.556904	22240.60778802354	2849089741.164692	2.65088215199721e-05	-959744.6760239335	3.3264171084354294e-06	0.06012887378157965
3050.9999999872734	29889123085.18473	-1841348.6174166503	29887281736.567314	2.5521288972589376e-05	179.95333253473999	2.118269792687534e-06	-10.352036741214057	0.12897206647219192	40376.4791554063	2072539394.7257674	9984.934432150796	2072549379.6601999	6.6784507063886215e-06	1096431.150441906	5.868118646662208e-06	0.015256045862061364	2849057381.697547	22517.881933402736	2849079899.5794797	2.6669917097921667e-05	-960026.5160903061	3.3139394314435786e-06	0.06048727508381269
3091.4999999863157	29889148632.889854	-1896031.1498375537	29887252601.740017	2.6328833378595695e-05	179.06862805377781	2.1185030607099654e-06	-10.37789536741214	0.13306251881142567	40380.89039634892	2072539421.9735913	10136.83226645831	2072549558.8058574	6.864208325178201e-06	1098117.456266234	5.897226253512275e-06	0.01567962342642101	2849047359.9628744	22774.705349782947	2849070134.6682243	2.562965396997451e-05	-960524.173341062	3.2962495225321884e-06	0.058123434666150366
3131.999999985358	29889177341.266827	-1952773.1293945315	29887224568.137436	2.7262437529095454e-05	177.95945792758727	2.116100254548093e-06	-10.409444888178914	0.13781691531448068	40340.33994730277	2072539529.882999	10304.356304373592	2072549834.239303	7.0675784542854305e-06	1100305.0597485413	5.91687648713297e-06	0.01614375973695267	2849037465.871152	23010.824553297833	2849060476.6957054	2.440317819472398e-05	-962022.6384253013	3.270113499754492e-06	0.05536266581670371
3172.4999999844003	29889210543.394676	-2013829.275571227	29887196714.119102	2.8206040365824707e-05	178.649020991613	2.1121921398475592e-06	-10.4375	0.14266329023711394	40270.98914919021	2072539181.2817981	10510.495982386172	2072549691.7777808	7.399243468023626e-06	1105748.8027546895	5.92563195744129e-06	0.016902289083267498	2849027845.182998	23213.144525988493	2849051058.3275247	2.389545029777986e-05	-965005.8030592179	3.243975032344557e-06	0.05426345726689699
3212.9999999834426	29889259131.088593	-2090418.832582742	29887168712.256012	2.8964343046695497e-05	181.21658530662856	2.1095858391178503e-06	-10.466553514376997	0.14660550090501853	40221.791385538905	2072538350.5673969	10785.627957537768	2072549136.1953545	7.89767178922868e-06	1108602.7437563022	5.92787532014189e-06	0.018043205071704753	2849018610.473288	23370.296123651322	2849041980.769412	2.384649675333003e-05	-967838.1604443707	3.2296675861802305e-06	0.05422305088231785
3253.499999982485	29889298447.904987	-2158355.1901982725	29887140092.714787	2.954067746870666e-05	182.09103479994002	2.1091283357330933e-06	-10.494608626198083	0.14964120687567825	40212.58256234873	2072537121.3742433	11097.834620509297	2072548219.208864	8.396348433571155e-06	1110082.5834682987	5.924430970979325e-06	0.01918494565178543	2849009700.9846053	23488.268384888303	2849033189.2529902	2.3743087741701318e-05	-968770.3716374438	3.2304253459999854e-06	0.05407169983152981
3293.9999999815273	29889317030.345055	-2205708.561227143	29887111321.78383	2.997101597110194e-05	180.68920058028593	2.10952822277721e-06	-10.525758785942491	0.1519497585946957	40221.24796325134	2072535737.5475962	11371.153313504532	2072547108.7009099	8.729447599151786e-06	1109796.3250828485	5.917176846985065e-06	0.019948379299236933	2849000891.158252	23579.480706105005	2849024470.638958	2.3666904024523897e-05	-967615.3338614072	3.2376757112422476e-06	0.05398574191023078
3334.4999999805696	29889344424.2405	-2261909.8564785123	29887082514.384026	3.054347660873987e-05	176.53947898800436	2.1101783918168326e-06	-10.554512779552716	0.15493294633761526	40233.05991865092	2072534583.5077367	11541.555504056623	2072546125.0632412	8.801143511090018e-06	1108478.2830261793	5.923612923092991e-06	0.020114969052343425	2848991932.222902	23669.51979225967	2849015601.742694	2.3282835068982047e-05	-966173.4032851756	3.2356811041974483e-06	0.05315092572351103
3374.999999979612	29889370592.914547	-2316887.595777482	29887053705.318764	3.11672551839304e-05	172.3991583550578	2.1112435642768674e-06	-10.582767571884984	0.15810530893952063	40251.20572540117	2072533708.2645564	11628.606693987735	2072545336.8712502	8.806957510569985e-06	1109752.3621995365	5.949589702648781e-06	0.020129220718736414	2848982804.341293	23783.231391261328	2849006587.5726833	2.2298765738416904e-05	-967292.7433249744	3.22147232257754e-06	0.05089271086725079
3415.499999978654	29889412967.732754	-2387875.8018884957	29887025091.93087	3.2150110570576006e-05	172.47700446052096	2.114860129936254e-06	-10.611521565495208	0.1631073861083004	40311.2245724791	2072532814.4556787	11742.886640505865	2072544557.3423193	9.029569698354678e-06	1115484.3385469122	5.986935726573815e-06	0.020637955415143794	2848973770.4146175	23946.552394320723	2848997716.967011	2.198278847234356e-05	-971668.7835410545	3.2111732837883844e-06	0.050176110130714345
3455.9999999776965	29889465760.879784	-2468877.088187307	29886996883.7916	3.386173084907781e-05	175.41147668906657	2.1225211677244125e-06	-10.639576677316294	0.17183102942927944	40445.94314830215	2072531533.2585058	11966.640249647198	2072543499.8987553	9.50937739302134e-06	1119931.6825514107	6.02367955214034e-06	0.021735004232905964	2848965092.575143	24219.56794702634	2848989312.1430893	2.3205201520835005e-05	-977280.6178669493	3.2205079264022048e-06	0.052988987329188594
3496.4999999767388	29889534143.934704	-2565203.297769189	29886968940.636936	3.6807226583872096e-05	177.6855884611153	2.130876660738844e-06	-10.669728434504792	0.18678459226449767	40607.90686988103	2072529848.9490948	12282.91929897014	2072542131.8683934	1.0194305561863712e-05	1125602.6609265562	6.0235522830483216e-06	0.02330248227984601	2848956818.117415	24673.697094681207	2848981491.8145094	2.706355567084589e-05	-982756.477963819	3.260367216071136e-06	0.0617970189796436
3536.999999975781	29889590362.187325	-2649087.90424031	29886941274.283073	4.1436535126787e-05	178.84199965526702	2.1391604121150704e-06	-10.698282747603834	0.21028200200530175	40766.58588219231	2072527947.1274042	12611.577786023729	2072540558.7051902	1.0696833643027799e-05	1132073.9510423825	5.980196163143629e-06	0.02445736242988667	2848948784.140722	25321.5063737093	2848974105.6470957	3.448862370613969e-05	-988032.7610282286	3.3316574166508e-06	0.07873193002806243
3577.4999999748234	29889591530.94391	-2677665.262938738	29886913865.68097	4.830783932942499e-05	189.59880084585177	2.1475182406655674e-06	-10.727635782747603	0.24511735158247652	40915.11829588369	2072526127.81612	12850.085853504948	2072538977.9019732	1.0987689794096605e-05	1139465.1401999965	5.911982206769961e-06	0.025119943478155642	2848940664.9910645	26117.234831095673	2848966782.2258954	4.775574789249795e-05	-993408.3245510738	3.420626903346409e-06	0.10898109138914387
3617.9999999738657	29889518523.115387	-2631964.13808921	29886886558.9773	5.645437550367884e-05	200.31846306485136	2.156925824195895e-06	-10.755191693290735	0.2862425421073157	41091.30818809604	2072524891.278246	12927.854167639278	2072537819.1324139	1.0884560251167366e-05	1144681.2684828744	5.8513604827203905e-06	0.024881722752186426	2848931986.629668	27137.488968246613	2848959124.1186357	7.498596083858016e-05	-997324.8437406518	3.5082611314435895e-06	0.17095819575579332
3658.499999972908	29889435704.445248	-2576155.674086094	29886859548.771168	7.620179978168409e-05	214.7644757041439	2.1717198787760687e-06	-10.78594249201278	0.38639898016045576	41346.660876036316	2072524577.7858896	12896.842823286539	2072537474.6287131	1.0733666126831924e-05	1143465.9407804068	5.8256333026503515e-06	0.024537376683630745	2848922530.213785	28727.645556589123	2848951257.8593416	0.00014294816470484552	-995822.9753941337	3.596330021329927e-06	0.3257420284723764
3698.9999999719503	29889316554.23468	-2482567.5042536557	29886833986.73043	0.00013241687293026085	268.60177326724016	2.198250295961482e-06	-10.81629392971246	0.6718326744369636	41813.77806597192	2072525982.2989724	12642.727223967202	2072538625.0261958	1.00047561729428e-05	1135460.2792685893	5.844131746805235e-06	0.022866809943450077	2848911737.5802803	31781.121519986304	2848943518.7018003	0.00029582603472323303	-987194.0195591451	3.708305686983113e-06	0.6746835515845385
3739.4999999709926	29889101611.620754	-2291139.926241994	29886810471.69451	0.00018371388270716066	244.15919667047714	2.2124256186713094e-06	-10.847743610223642	0.9321842173418606	42096.21191743422	2072533432.107564	11200.722841681913	2072544632.8304055	6.32933592102445e-06	1165927.834128935	5.9307403834785485e-06	0.01446197812455281	2848895997.657224	36885.50816230266	2848932883.1653867	0.00040956705827840695	-1017070.5398357507	3.7117565452649417e-06	0.9343201002530278
3779.999999970035	29888927101.649265	-2140810.956816703	29886786290.692444	0.00017120721799592978	329.9102217727469	2.2078520426166997e-06	-10.876797124600639	0.8686339192063923	41994.91912603816	2072524079.98874	14531.248360195197	2072538611.2371	5.778960255925865e-05	1318127.0191125176	5.815053652690841e-06	0.13203449311837184	2848894189.7429476	39518.7750668556	2848933708.5180144	0.0003686882657262023	-1169219.5388367565	3.7740299804203605e-06	0.8424344400923962
3820.499999969077	29888740881.6061	-1981347.1563180536	29886759534.449776	0.00021689756734733214	143.14981499065942	2.283748386953377e-06	-10.907647763578275	1.1012421230726215	43289.148292789134	2072511043.7992673	18679.43549485784	2072529723.234762	0.00011777019256412249	1243281.9916687072	6.0355900649844046e-06	0.2690623181301149	2848895472.829152	39430.795681573916	2848934903.6248336	0.000465958590638085	-1092932.5994397236	3.972674880859968e-06	1.0645925412222577
3860.9999999681195	29888526599.361073	-1795735.5773469657	29886730863.783722	0.00022933101850889463	233.723126176458	2.3438567695567674e-06	-10.941693290734824	1.1642102307628708	44348.85730046859	2072516453.0419905	17306.398519660346	2072533759.44051	4.536356576511915e-05	1151483.6138540744	6.305605527027049e-06	0.10367126665210306	2848881489.158823	39685.914290610934	2848921175.073113	0.0005113888458768247	-1000115.8968151436	4.060215881076224e-06	1.1695851987274528
3901.499999967162	29888280771.072617	-1579178.7360514256	29886701592.336575	0.00019577349260089836	32.925454118177086	2.3293058257962657e-06	-10.974241214057509	0.9940808486267928	44117.87621710211	2072524786.8755882	15422.84596306691	2072540209.721551	1.8329609037402962e-05	1306122.599913383	6.6603717144622635e-06	0.04184491541683676	2848865272.5791154	39153.36485776771	2848904425.9439735	0.00041060924031736197	-1154387.8300993803	3.7331841741293687e-06	0.9394792123345362
3941.999999966204	29888035140.522102	-1361993.5436802804	29886673146.978424	0.0001796332684486751	262.29775298784824	2.303285249991206e-06	-11.008686102236421	0.9116814405645951	43659.74860684331	2072508618.4089868	19413.466953678057	2072528031.8759406	0.0002688491028679025	1383418.535369723	6.498400629570288e-06	0.6130837669512778	2848869227.430912	37645.6219389704	2848906873.052851	0.0003081572957462889	-1231470.572563767	3.728757184680759e-06	0.7055030044920496
3982.4999999652464	29887753886.95336	-1108504.4256931692	29886645382.527664	0.00015991756079277762	99.1450421368789	2.2845490846742023e-06	-11.050718849840255	0.8128623204177355	43254.50946554993	2072489110.711842	24645.743659906322	2072513756.455502	0.0005977374276543002	1347989.635151422	6.5180489026197425e-06	1.3679264426590754	2848875616.3586006	36588.573676234344	2848912204.9322767	0.0002832382742723066	-1197248.7632756557	3.6270968974444247e-06	0.6482487579615182
4022.9999999642887	29887649008.304943	-1037853.1269305648	29886611155.178017	0.00015301781175426624	68.46419143903054	2.31106703606678e-06	-11.08616214057508	0.7772110470810412	43721.205004297895	2072470702.901046	27146.603132444434	2072497849.504179	0.0007026168331129955	1281814.4597245653	6.607722979566175e-06	1.6064751580663033	2848880563.170193	33063.32555433619	2848913626.4957476	0.00030601059710852984	-1133532.5436679316	3.6860682553272396e-06	0.6993106640456541
4063.499999963331	29887416136.20109	-839813.8505033702	29886576322.350586	0.00015778593275084124	207.35047444900306	2.3143512540216593e-06	-11.120507188498403	0.8020333294380018	43841.67788871957	2072473055.5733738	23630.959551530425	2072496686.5329251	0.00026116296937789876	1130607.3406358114	6.816834021859564e-06	0.5979866880495478	2848867770.0936184	33199.107588514686	2848900969.2012076	0.0003575204386028025	-984230.0972315908	3.551229810743181e-06	0.8181217058891721
4103.99999996298	29887180835.242355	-639851.4993367493	29886540983.74302	0.00015848173341699787	87.15291578247188	2.2940664816506404e-06	-11.15714856230032	0.8049068018141744	43476.11475650002	2072484228.963819	18080.7674644175	2072502309.7312834	2.0934935608079143e-05	1180159.8591115768	7.107117349097461e-06	0.047932102943632454	2848847739.301199	34551.24170350097	2848882290.5429025	0.0003897979907139718	-1033982.4915129642	3.2430849178571446e-06	0.8905738506692351
4144.499999965092	29887030619.895844	-522099.1912787259	29886508520.70456	0.00016303338226001987	179.67348046918528	2.238732462596748e-06	-11.196485623003195	0.827670149093782	42470.5709038407	2072482100.1890996	17765.11837774515	2072499865.3074772	1.9284049786890028e-05	1327303.987030818	6.973530521509238e-06	0.04411803887916544	2848838919.36835	35416.188350357814	2848874335.5566998	0.00037902829430954365	-1179309.3819947313	3.079507677217292e-06	0.8660974995821743
4184.999999967204	29886930978.661465	-455024.371994868	29886475954.28947	0.00015395865302079238	161.80140007288298	2.2315629500296737e-06	-11.234524760383387	0.7826496724182189	42334.51075219651	2072469899.7911575	20279.329750126693	2072490179.1209078	6.367555359596653e-05	1332390.2935379888	6.842210377477741e-06	0.14592025150962487	2848838150.4674473	34746.333013754804	2848872896.800461	0.0003760208766294959	-1180301.1889104065	3.142812903465585e-06	0.8594890324771534
4225.4999999693155	29886811100.9292	-369245.40191935	29886441855.527275	0.00014243064801994012	137.96660090300676	2.1896783163272373e-06	-11.269668530351439	0.7247369516535581	41608.940098425795	2072464344.3235948	20430.716685671356	2072484775.0402808	5.2925665455560785e-05	1295450.429654012	6.517847036893914e-06	0.12107417004758596	2848831737.015552	34810.689230279066	2848866547.7047825	0.0004088308012466216	-1133178.8469632776	3.1789399110183465e-06	0.9373777257906137
4265.999999971427	29886725710.512543	-314983.3771055341	29886410727.13543	0.00015231210419492465	188.61284246521802	2.1614936447614977e-06	-11.303314696485623	0.7760086975390049	41059.190782287114	2072467136.4300034	19255.006173047703	2072486391.4361765	2.4491034062073e-05	1275065.0727313429	6.321353347110353e-06	0.056086177275133986	2848820871.7545853	35549.93529549404	2848856421.6898813	0.0004614215792795467	-1127315.4924482505	3.1852173939796735e-06	1.0602682563058212
4306.499999973539	29886749512.103943	-370747.3404109776	29886378764.76353	0.00015910888446516076	88.6048750414811	2.1619499711892065e-06	-11.337559904153355	0.8111899995372636	41009.45683654019	2072467490.8731086	16681.99817585945	2072484172.8712842	1.1289038182685253e-05	1324058.387622357	6.3742583802202365e-06	0.025855251830092768	2848807626.073679	36075.79703999427	2848843701.8707185	0.00047680157773526035	-1172765.8521993933	3.1522351107026263e-06	1.096337091416681
4346.999999975651	29886691500.777367	-350196.6926834136	29886341304.084686	0.00017601813543301691	163.1905259170927	2.1181802678927803e-06	-11.375798722044728	0.8973619305356939	40190.899221603984	2072466700.5437858	15395.103693940211	2072482095.6474795	1.5400164580570867e-05	1433958.8570289253	6.2223895089124895e-06	0.03526493681529528	2848796085.344023	36506.03824110702	2848832591.382264	0.000465064812129672	-1257274.7742567083	3.053762720486713e-06	1.0690757186212079
4387.499999977763	29886672510.45862	-365238.93917924166	29886307271.51944	0.00020788440263965066	58.90623253697115	2.070796558649172e-06	-11.405051916932907	1.0597723287864387	39310.64054147291	2072470453.0741413	16737.192566260695	2072487190.2667074	5.333607879522768e-05	1573097.1007838824	6.038790010326802e-06	0.12209336454112096	2848789713.4857054	36683.550990168704	2848826397.0366955	0.0004463796488749494	-1358387.2439846066	2.9464832556325308e-06	1.0255895530955899
4427.999999979875	29886717063.680794	-407770.14020994306	29886309293.540577	0.00021909911335009943	112.46852451345904	2.0186298681236456e-06	-11.39197284345048	1.1170855489258742	38351.17084511126	2072466709.9665608	18689.123168940656	2072485399.0897298	0.00018537243626023014	1583911.9081394363	5.756459367168768e-06	0.42467291112785	2848787585.3064246	36001.77384297107	2848823587.080268	0.00042348857213707445	-1450869.1127408142	2.901368449271997e-06	0.9729366866819118
4468.499999981987	29886794476.835175	-522528.3954654932	29886271948.439713	0.00017925625399362911	146.5217706561766	1.9682733476101994e-06	-11.437000798722044	0.9121020712819419	37450.67401182359	2072444105.4622893	22870.172986391466	2072466975.6352754	0.0004113175364867467	1689275.668648669	5.431971724920005e-06	0.9425994424096154	2848791114.167057	33813.105997004546	2848824927.2730536	0.0002827821835439052	-1533273.7778314434	2.8766091114318973e-06	0.6480618647726557
4508.999999984098	29886825333.03811	-601401.9877259433	29886223931.050385	0.00012793706445672745	96.71841154004989	1.947938695109096e-06	-11.471944888178914	0.6507852705919679	37080.78140576927	2072427342.3531823	26469.919527659426	2072453812.2727096	0.000609530059502712	1584885.2597264803	5.441701361299823e-06	1.397760780033233	2848796313.1334333	31448.032817224972	2848827761.1662507	0.00013638859929042228	-1426889.2706364016	2.830026126813218e-06	0.31196987526162556
4549.49999998621	29886965704.30049	-766087.2268695682	29886199617.073624	9.491034541111239e-05	63.86244518097338	1.9139662454772197e-06	-11.495207667731629	0.4837371644865344	36445.54475251162	2072407783.4016345	26636.082387699746	2072434419.4840226	0.00025411662805882097	1588157.698757505	5.321004712599141e-06	0.582785808891067	2848794624.588971	31201.778495901028	2848825826.3674674	0.0001527999743089126	-1385783.0998574903	2.730604056298075e-06	0.350731140820639
4589.999999988322	29887026462.385246	-874461.7911608517	29886152000.594086	0.0001155759865296407	40.07244723843459	1.8755721548087654e-06	-11.543530351437699	0.5885459985963328	35752.17586272319	2072408880.1790364	24136.501138304826	2072433016.6801746	9.079599979674217e-05	1439036.0835812574	5.167705126108822e-06	0.20833818944127774	2848788523.686842	32302.462038800586	2848820826.1488795	0.0002714832914771074	-1330699.4064232265	2.6613375835185094e-06	0.6222721822337767
4630.499999990434	29887021053.10038	-904068.0338997842	29886116985.066475	0.00015741386941001427	84.11080641262038	1.8429784224918808e-06	-11.582068690095847	0.8011894738841796	35144.99721069688	2072404830.6238763	21095.19243413862	2072425925.8163104	2.823882610001717e-05	1545527.8197452126	5.097952957665753e-06	0.06476350704180812	2848779974.9827523	33855.35412451462	2848813830.336877	0.0003863140400725629	-1339969.851610005	2.6016059857919582e-06	0.8846308846775248
4670.999999992546	29887070466.842957	-971825.8937332929	29886098640.949226	0.00015912099693968972	123.51257384085905	1.8164463723132753e-06	-11.591553514376997	0.808706630349941	34655.820904872126	2072402922.2286198	20097.260705029126	2072423019.4893243	3.3416917468045485e-05	1572227.8200091596	4.893232517455877e-06	0.07665334726255317	2848773788.8154373	34670.15301233833	2848808458.968449	0.0004703908533527696	-1389304.9932185006	2.579057723287999e-06	1.0767570269668651
4711.499999994658	29887111382.62507	-1049364.815297693	29886062017.809772	0.00020615533448563648	108.57541013599139	1.8083078856650878e-06	-11.622903354632587	1.048115992522548	34497.575039194744	2072385260.686587	19765.535575440153	2072405026.2221625	7.466196636859445e-05	1575484.0743256272	4.765663048189794e-06	0.17109311416285541	2848772086.4009295	34388.94414982712	2848806475.3450785	0.0005990256950852177	-1408337.0261380975	2.630582742630203e-06	1.3702513073247158
4751.9999999967695	29887182225.02215	-1167211.1049209759	29886015013.917233	0.00025201629926823127	46.6045865720161	1.8052523780685338e-06	-11.666234025559106	1.2811627413785498	34434.2418522064	2072377667.443819	19255.624159225725	2072396923.0679786	6.18776222618662e-05	1526220.567372812	4.73833716320854e-06	0.14196580135618578	2848768054.3854036	34572.57111583976	2848802626.956519	0.0007527287464762799	-1403306.676247846	2.668186393294754e-06	1.7199149373921574
4792.499999998881	29887222384.15551	-1248816.0995888263	29885973568.05592	0.00028419327895156884	66.39488417964637	1.79109327209595e-06	-11.703374600638977	1.4447656050976814	34177.77907653068	2072370936.5984023	18227.218080309685	2072389163.816482	6.192312201561882e-05	1564565.2858398464	4.673882465718317e-06	0.14210172624955417	2848762304.904104	34783.795063489815	2848797088.6991677	0.0008239433106870004	-1453415.8772024496	2.6397555532617537e-06	1.8818344626311505
4833.000000000993	29887264391.11751	-1325196.1767118499	29885939194.940796	0.00026761342570017106	-8.857715719245455	1.765475959521063e-06	-11.744009584664537	1.3607616883134706	33702.66991754255	2072358475.6594377	20092.395110676993	2072378568.0545483	0.00026210077489658735	1766757.1478891184	4.541462303342962e-06	0.6015395967513558	2848763272.7714067	32760.61569093796	2848796033.3870983	0.0007380499846350599	-1584865.9595382498	2.5797064501265776e-06	1.6883245104315436
4873.500000003105	29887341414.529728	-1429813.095897235	29885911601.43383	0.0002383338042367561	151.2430540998795	1.74372491328697e-06	-11.77555910543131	1.2121111554521395	33278.454022670056	2072340432.0286543	24577.826960429084	2072365009.8556147	0.0013126083544990638	1851782.74585625	4.416070103474607e-06	3.011241152278792	2848770626.903577	28692.693985235877	2848799319.597562	0.0005407668163836174	-1681000.3768102939	2.6016092176706172e-06	1.2373680671553058
4914.000000005217	29887457553.14651	-1576979.452259399	29885880573.69425	0.00021459528764778652	3.361312186516968	1.7641168430628668e-06	-11.80201677316294	1.0919401135207583	33634.65187389095	2072315711.14672	28852.737936259244	2072344563.884656	0.002127026328135835	1798380.5854885422	4.514748548279049e-06	4.880589660562454	2848779473.959446	24001.547565494664	2848803475.5070114	0.00030722799413384613	-1587483.9866824022	2.635487853748212e-06	0.7028901739106556
4954.500000007329	29887552969.783817	-1703285.7123290899	29885849684.071487	0.0001363571441463222	-31.79488237706633	1.7709373008131991e-06	-11.830571086261982	0.6942954476658739	33745.83756403182	2072301150.7372549	31457.31520994706	2072332608.0524647	0.0017461121843234976	1674502.106129915	4.506691991907456e-06	4.004938817421575	2848785070.595297	20508.27848225413	2848805578.873779	0.00017144117113526708	-1540334.5682011172	2.6329469423936027e-06	0.39267594865140176
4995.000000009441	29887585870.225494	-1770100.7258518713	29885815769.499645	0.00010085112728886432	4.053616942203076	1.7652379824073913e-06	-11.861421725239616	0.514024424609131	33647.763312158684	2072293228.6964116	32500.319058018737	2072325729.0154696	0.001313298952701936	1615951.0405547838	4.5638811222475805e-06	3.009192997726023	2848787793.065652	17975.778702618787	2848805768.8443537	8.983863100078594e-05	-1484300.3179984617	2.6349423213881423e-06	0.2063614835341148
5035.500000011552	29887618351.513786	-1820836.4776012301	29885797515.036186	7.054941710997531e-05	-13.755186438240244	1.7761798788197317e-06	-11.873302715654953	0.3597294254300264	33843.93591568802	2072285746.1480553	32312.232526172418	2072318058.3805819	0.0007321799537531656	1583714.2036373666	4.596190681033476e-06	1.6805453829719519	2848788419.9350023	16142.98637015326	2848804562.9213724	4.1508685181689973e-05	-1425356.9276189362	2.651315627353885e-06	0.0953462790624192
5076.000000013664	29887657243.855804	-1874556.2835763097	29885782687.572227	4.801894247979472e-05	-6.290300223257041	1.7939021683479865e-06	-11.878494408945686	0.24465336261441714	34154.16703842129	2072281468.6317177	31623.18792722234	2072313091.819645	0.00033016482491422615	1531523.7758102266	4.606045542850504e-06	0.7582621703187368	2848787342.235987	14866.95157091622	2848802209.187559	1.7977898454563322e-05	-1361713.6628404239	2.687142885214104e-06	0.041234702431286664
5116.500000015776	29887711953.157307	-1946377.2957484648	29885765575.861557	3.615166488390732e-05	9.692746460954591	1.8015537124794275e-06	-11.896265974440894	0.18415557545822103	34289.38948523524	2072279625.3944497	30047.05187429301	2072309672.446324	0.00011267645875865573	1471598.4729052198	4.6217069582391676e-06	0.25866157080194874	2848784061.430448	14130.839144032216	2848798192.2695923	1.1270697185225152e-05	-1289110.369609057	2.73800583538984e-06	0.025840171740248854
5157.000000017888	29887728454.90318	-1982253.6465127917	29885746201.25666	2.9268718023644053e-05	28.53754531729688	1.8145689592543842e-06	-11.911441693290735	0.14900283908979003	34540.198483903245	2072278597.7555299	27268.769240473397	2072305866.5247703	4.326785616376094e-05	1408250.961719259	4.638928639119565e-06	0.09920350417972332	2848777883.793496	13992.941272634082	2848791876.734769	1.0482832170714837e-05	-1219019.9555355888	2.805579348131921e-06	0.024021716724682136
5197.50000002	29887779562.76569	-2058651.0554023683	29885720911.71028	2.53424380863006e-05	24.61440908416588	1.8230634688199321e-06	-11.931908945686901	0.1288277958007054	34687.564083078134	2072280378.556122	23721.861086966466	2072304100.417209	2.03988891547416e-05	1373752.8065745821	4.606328379694872e-06	0.04677038489956268	2848768780.151742	14401.881604966706	2848783182.0333467	1.2131298771055157e-05	-1173285.2602679774	2.8662771861582885e-06	0.027726914135305914
5238.000000022112	29887841630.044933	-2143457.426186919	29885698172.618748	2.585134932054039e-05	5.40905933211718	1.8264474066347066e-06	-11.950179712460065	0.13132738601188274	34754.78386471303	2072285547.800331	20333.092421626206	2072305880.892753	1.0558012150637314e-05	1352855.7013019852	4.550628722684019e-06	0.024218998463840295	2848758723.885875	15188.483773748158	2848773912.369649	1.695212203175252e-05	-1172270.9535903572	2.900045788794402e-06	0.03869799901903915
5278.5000000242235	29887797018.622818	-2118237.746009648	29885678780.876812	3.2187715809308076e-05	53.06261309535458	1.8126818727876067e-06	-11.969049520766774	0.1634895938598548	34520.966761635864	2072293603.7692995	18035.95853371313	2072311639.727833	7.793068704349625e-06	1383651.6670451944	4.4417358345784375e-06	0.017875544402302525	2848750145.455427	16260.477952384623	2848766405.93338	2.6571888818890104e-05	-1218586.8759687934	2.9347440806323273e-06	0.060603228609171826
5319.000000026335	29887762765.45744	-2091348.493233472	29885671416.964203	4.753443142389178e-05	181.17619849809276	1.7778198979689864e-06	-11.975239616613418	0.24145599549254027	33849.23904414408	2072295011.793975	17645.375012211967	2072312657.1689873	2.1112932545725537e-05	1542357.389120574	4.300535654168926e-06	0.04843059745616492	2848745999.8405104	17275.444985590642	2848763275.285496	4.762949145092519e-05	-1331586.2863021789	2.8826122478733805e-06	0.10875070322362031
5359.500000028447	29887833262.212643	-2167197.3707266077	29885666064.84192	7.684535573242057e-05	134.09050633757883	1.786522249299205e-06	-11.981429712460065	0.3907014423371539	33991.35406409685	2072275920.1587777	23128.75430714525	2072299048.9130847	0.0004281981646644923	1481514.4651318127	4.279598631063874e-06	0.9824487639035097	2848755198.3499613	15307.810483964859	2848770506.1604447	3.075132051974449e-05	-1275550.6507909596	2.9273340749546587e-06	0.07032780318829626
5400.000000030559	29887735646.99083	-2094806.9012902828	29885640840.08954	6.628137243635233e-05	72.22530945728926	1.7893470073170655e-06	-12.007987220447284	0.33722306717898176	34023.04646173559	2072271412.3583229	23526.323930486335	2072294938.6822534	0.00010945811779243995	1406690.993502259	4.449997412583194e-06	0.250713865449034	2848754107.2690625	15902.792252607876	2848770010.061314	8.076814533223298e-05	-1186150.1295427945	2.84516367089273e-06	0.18493767867154035
5440.500000032671	29887650518.533913	-2024237.0011060163	29885626281.532803	0.00012554564935585592	152.1979396640703	1.7940131353365217e-06	-12.024760383386582	0.6383949169592145	34158.79994618295	2072272855.540721	20753.118552850323	2072293608.659274	3.354784204607242e-05	1306791.3267451783	4.364118807338715e-06	0.07695090893004582	2848745601.84473	17732.534945635358	2848763334.379676	0.0003720057527105461	-1095835.4143894464	2.900276862805351e-06	0.8502171107328452
5481.000000034783	29887559458.01049	-1959213.7335157841	29885600244.276978	8.33013507528429e-05	77.69341533134784	1.816146491631328e-06	-12.056409744408946	0.42381216881780454	34498.15800059948	2072287991.6854196	17567.526641215198	2072305559.2120607	1.293306656525732e-05	1246709.6544742885	4.50841263800123e-06	0.02967192773373133	2848729060.0320973	18109.084292442538	2848747169.11639	0.00019376804997422556	-1056948.2234632997	2.9190523194638565e-06	0.4434049788439029
5521.500000036895	29887465077.28365	-1881882.1080837513	29885583195.17557	8.255889053009321e-05	-2.4526326440030815	1.76937181707423e-06	-12.073682108626198	0.4201773574557274	33695.93741791179	2072292260.7479618	17381.47150506219	2072309642.219467	2.2799416882842096e-05	1535800.4111596989	4.666720675428839e-06	0.05221151368197426	2848722194.9981127	17670.656026931945	2848739865.654139	0.00018070945680593553	-1323917.077809631	2.604939668194174e-06	0.41415096652015215
5562.000000039006	29887545625.6711	-1972118.2268352006	29885573507.444267	9.325466856122377e-05	176.42716934911675	1.7468381282574988e-06	-12.085363418530351	0.47452885477058787	33260.44414007431	2072276430.8138251	22545.493009562135	2072298976.3068347	0.000181213152272237	1658343.0450261342	4.476099143702195e-06	0.41480339343763883	2848731268.332053	14790.302520969417	2848746058.634574	0.00014153956085128882	-1433458.4643924767	2.610472729637263e-06	0.32473584656560456
5602.500000041118	29887572234.25993	-2014560.191931438	29885557674.068	8.589008926698658e-05	-5.298138702151025	1.7745789275015488e-06	-12.1004392971246	0.4374587624376414	33740.67690940307	2072259632.237597	27004.29404753796	2072286636.5316446	0.0003319143695820321	1528402.115451856	4.69386524257645e-06	0.7603945138430429	2848741880.215368	11191.638403084593	2848753071.853771	4.662759063623622e-05	-1305495.8842008514	2.5880505879423405e-06	0.10702902568277943
5643.00000004323	29887712579.80297	-2170474.634077754	29885542105.168896	5.990503817202712e-05	52.92698446701554	1.7707181489651015e-06	-12.115814696485623	0.30511431341379547	33675.654080142645	2072250593.9121072	28218.295388614988	2072278812.2074955	0.0002232844395577915	1479368.1477972267	4.729788122596639e-06	0.5116339881043026	2848745165.4911594	9402.574007754214	2848754568.065167	1.833782530243079e-05	-1250187.2202796577	2.5569671940839863e-06	0.042065739381440516
5683.500000045342	29887775646.92521	-2250623.280671783	29885525023.644543	4.593784579927049e-05	41.825226658057716	1.7721473860006947e-06	-12.13458466453674	0.23407504727068032	33716.489318424545	2072245153.1917222	28888.593050049385	2072274041.7847724	0.00016451969614614072	1418600.2587250099	4.748418083695005e-06	0.3776184181713697	2848746350.2176003	8255.58689606376	2848754605.8044963	7.893630135927787e-06	-1181340.4925557238	2.555433103522029e-06	0.018099314420802454
5724.000000047454	29887847761.112247	-2337547.530749522	29885510213.5815	3.3029743888032965e-05	55.92072199803176	1.7717192646177684e-06	-12.147064696485623	0.16834593967780367	33695.15310316511	2072243145.9837515	28147.999438221334	2072271293.9831896	8.647366072959113e-05	1395738.6434283801	4.7446777009533784e-06	0.19853443367604984	2848745273.0928254	7599.939300313359	2848752873.032126	4.682358571561783e-06	-1120503.9326792264	2.5605539509548985e-06	0.010738503086332745
5764.500000049566	29887890555.33982	-2390349.8671609536	29885500205.472664	2.6541388810208617e-05	59.56876413462524	1.7707422836253348e-06	-12.155251597444089	0.1352724280002174	33680.10447129002	2072238275.502177	27304.67503868276	2072265580.1772158	4.62041374330446e-05	1397226.4048052165	4.714317740453715e-06	0.106017294863894	2848742712.6689305	7233.136082954705	2848749945.8050137	3.6617523445532173e-06	-1071296.6530742957	2.571616486514802e-06	0.008401541445371502
5805.0000000516775	29887914914.89079	-2436815.4184046537	29885478099.47239	2.2263905525956136e-05	57.87253308824347	1.7717553803827029e-06	-12.176916932907348	0.11343933736803463	33690.87379735027	2072236211.9229903	25742.603063988496	2072261954.5260544	2.7869023110136536e-05	1334515.603525161	4.686798950500679e-06	0.0639251422450422	2848739339.1106696	7021.819846512517	2848746360.9305162	3.244651253107822e-06	-1031138.3136344003	2.591473033843914e-06	0.007446423719718579
5845.500000053789	29887927185.794315	-2474304.918051645	29885452880.87626	1.8441944163e-05	20.680135365996613	1.7541169321812677e-06	-12.202875399361023	0.09389886020795532	33378.5065375859	2072235184.14583	23351.35362655297	2072258535.4994566	1.9173305960728366e-05	1310463.6263299638	4.574381974749758e-06	0.04396864301849117	2848735627.7216716	6903.482646849238	2848742531.2043185	3.0321088272478445e-06	-995687.7669815633	2.624438724690973e-06	0.006954999149638732
5886.000000055901	29887919604.664364	-2487070.687389642	29885432533.97697	1.7409761183632586e-05	72.88397398529206	1.7611756709763236e-06	-12.221246006389777	0.08858385974568254	33543.48175341716	2072231475.3747005	21210.385662752204	2072252685.7603629	1.4212600764060707e-05	1270089.6688601885	4.500213310927535e-06	0.03257543186180788	2848731745.561905	6870.341218066169	2848738615.903123	3.035554899453454e-06	-960910.9770052271	2.6790187121868493e-06	0.006956693014035296
5926.500000058013	29887815993.928547	-2408887.5717530698	29885407106.356796	1.7018718405661157e-05	33.01606568727514	1.7651979470075207e-06	-12.245806709265176	0.08658498668920483	33618.76502711254	2072237641.9509394	19793.305237689983	2072257435.256177	1.1307501321470912e-05	1263540.244732382	4.483278587724392e-06	0.02591855165892668	2848727460.7327685	6968.057072175899	2848734428.7898407	3.1482593230512446e-06	-924926.4634232136	2.758955610502998e-06	0.0072094465780799775
5967.000000060125	29887745303.255577	-2339720.572687775	29885405582.682884	1.5975830212570297e-05	84.78304867097043	1.7848077424676803e-06	-12.247404153354633	0.08131694609208207	33945.80836013136	2072240048.2407703	17807.53134097345	2072257855.7721112	9.135188627443073e-06	1254442.3816402678	4.47756970467143e-06	0.020951403129342766	2848722424.6725297	7261.782488707918	2848729686.4550176	3.2579854060714436e-06	-890568.5394225186	2.8457897466377987e-06	0.0074609937845426695
6007.500000062237	29887614083.86837	-2222395.1470634863	29885391688.721313	1.5946071887448427e-05	103.9752788516613	1.7989826762224536e-06	-12.266373801916933	0.0811578674471927	34187.6365622107	2072241006.0242171	16286.025635174476	2072257292.0498521	7.330489420957258e-06	1230259.1985325073	4.446087964455624e-06	0.016802049125287807	2848716716.3894377	7743.787854171124	2848724460.177292	3.5368385304310876e-06	-859323.1330674833	2.9180637608150523e-06	0.008104331541519792
6048.000000064349	29887440622.166233	-2064098.800556265	29885376523.365673	1.687138619580058e-05	126.69109123643318	1.7987359457266154e-06	-12.273961661341852	0.08580316367200623	34175.904180065634	2072249796.9224622	15992.3227439709	2072265789.2452059	6.366643219376587e-06	1173297.0888730686	4.4216500953572195e-06	0.014597200604004672	2848710341.69865	8520.782274821308	2848718862.4809246	4.290126656408573e-06	-824684.9047547141	2.9743022839318163e-06	0.00981793827504879
