3.254121900741331
Time 	 Eb 	 Ea 	 Ep 	 phi_d 	 phi_z 	 KED 	 MLD 	 K 	 E_k 	 Eb_D 	 Ea_D 	 Ep_D 	 phi_d_D 	 phi_z_D 	 KED_D 	 K_D 	 Eb_U 	 Ea_U 	 Ep_U 	 phi_d_U 	 phi_z_U 	 KED_U 	 K_U 
931.4999999968353	0.0	29741345827.473064	29741345827.473064	0.0004313697171177772	-1991.1719037504354	5.63733011636623e-06	-8.686002396166135	2.182733256151806	105995.84303432252	0.0	844113758.1327009	844113758.1327009	0.0015309434742140308	1113983.7528907694	2.59237169677229e-05	2.224206510507393	0.0	1160518718.707271	1160518718.707271	0.0033717374977083065	-1069786.3071223893	1.5041872152326369e-05	4.9126613716289205
971.999999996645	0.0	29741262026.3823	29741262026.3823	0.00035602911232080224	-1149.4908726544636	5.648677521792868e-06	-8.770267571884984	1.8034629024583284	105973.75435554294	0.0	844104352.2141936	844104352.2141936	0.0015002883192624375	1118813.718239134	2.623075887598757e-05	2.1910234693628707	0.0	1160512527.4724827	1160512527.4724827	0.0029472548978540904	-1067190.7692704946	1.4844860583379605e-05	4.293525287361917
1012.4999999964547	0.0	29741179196.530476	29741179196.530476	0.00024272824149524277	-235.74522185330792	5.599235318547839e-06	-8.854832268370608	1.228532958460617	105118.40174048374	0.0	844098085.9964592	844098085.9964592	0.0013541145145199629	1118113.654397165	2.5954150189277433e-05	1.9730430613527308	0.0	1160506376.5861318	1160506376.5861318	0.0027396071719667237	-1064148.1619365201	1.4631565373230331e-05	3.990472154300133
1052.9999999968138	0.0	29741097999.21417	29741097999.21417	0.00022753910821868864	-1455.453640705312	5.529721323071859e-06	-8.972743610223642	1.1523857880470758	104016.60223963465	0.0	844091095.7787713	844091095.7787713	0.0011697886610838278	1121207.7879800978	2.5534443293771763e-05	1.708572686451322	0.0	1160500161.1250527	1160500161.1250527	0.00350088466386412	-1067850.6136758332	1.4400332899047981e-05	5.098454223371597
1093.499999997391	0.0	29741016221.61342	29741016221.61342	0.0004362751677689538	-1989.5254580820956	5.5801456844222615e-06	-9.063598242811501	2.2116393423698053	104902.13120719456	0.0	844082461.9068196	844082461.9068196	0.001107530980142019	1123061.3389509981	2.640612315278241e-05	1.6207633125001966	0.0	1160493716.9603806	1160493716.9603806	0.00427362305043809	-1082695.373590189	1.413210714802747e-05	6.222784199453093
1133.999999997968	0.0	29740933232.794518	29740933232.794518	0.0004935820135965414	-3228.5351669376864	5.4755362906356885e-06	-9.16383785942492	2.499548199459308	102691.26878201177	0.0	844075632.3150868	844075632.3150868	0.001352448374533092	1126807.682331983	2.57023680114838e-05	1.9769296814814534	0.0	1160487285.2131274	1160487285.2131274	0.004848341244427753	-1085360.4684194664	1.3891838057241445e-05	7.058390651590898
1174.499999998545	0.0	29740851054.144707	29740851054.144707	0.000396546906824704	-1482.6476899441336	5.424721998697994e-06	-9.276457667731629	2.001008942108743	101647.59629192384	0.0	844067070.4764454	844067070.4764454	0.0013973353382602622	1146394.848939267	2.5407330121690854e-05	2.017766080431701	0.0	1160481295.3554316	1160481295.3554316	0.004819674498843763	-1076427.244974492	1.3703785981089606e-05	7.015851917444191
1214.999999999122	0.0	29740779844.760685	29740779844.760685	0.00016795162873362512	1745.2097702754213	5.30952793132934e-06	-9.367312300319488	0.8496228720214757	100010.65379121358	0.0	844065010.0955042	844065010.0955042	0.0017032922005100737	1114802.9444237798	2.4478438197611255e-05	2.4863928143779566	0.0	1160475533.010045	1160475533.010045	0.0010869156499005877	-1068455.5413833805	1.3524874560729284e-05	1.5814832922111786
1255.4999999996992	0.0	29740705488.44872	29740705488.44872	0.0002982252082430223	-5575.573223013943	5.324779479348183e-06	-9.450279552715655	1.4981386448482532	99913.9830394001	0.0	844050842.5079446	844050842.5079446	0.0016200613941088579	1111248.8484293385	2.4989756703593795e-05	2.315114813975206	0.0	1160469826.887154	1160469826.887154	0.0018342957868857993	-1068432.7285335488	1.3331043491152636e-05	2.668596426611402
1296.0000000002763	0.0	29740606239.95466	29740606239.95466	0.00033627799625602896	174.3811963008196	5.334302246673199e-06	-9.604732428115016	1.6620192252959753	100426.20640474098	0.0	844047804.2221577	844047804.2221577	0.0003787561935752417	1140999.5043274397	2.5196383553990578e-05	0.531965095524007	0.0	1160464250.1782053	1160464250.1782053	0.0001560922654023885	-1066487.947407527	1.3152487743668854e-05	0.22665937470552672
1336.5000000008533	0.0	29740550229.295555	29740550229.295555	0.00023237306177799268	-1877.5607350592727	5.1439249885168845e-06	-9.707867412140574	1.1607916937601612	96980.8261097864	0.0	844035664.2763847	844035664.2763847	0.0004144490316392634	1124012.6427569068	2.3663390249636263e-05	0.5905126694323529	0.0	1160458758.6672406	1160458758.6672406	0.00013347223745183932	-1070907.2033674382	1.2969067226017292e-05	0.19390070277580448
1377.0000000014304	0.0	29740421127.954235	29740421127.954235	0.00017033351527202524	4664.262950682394	5.191195423321954e-06	-9.799420926517572	0.8343157501551716	97684.63206916975	0.0	844022869.0178063	844022869.0178063	0.00026863433059297765	1154342.1479775666	2.3996309937927315e-05	0.36829879721516134	0.0	1160453387.5880055	1160453387.5880055	0.00017441994719214602	-1078517.0621232775	1.278471893757244e-05	0.25336890472413665
1417.5000000020075	0.0	29740362905.27849	29740362905.27849	0.0002524202632001359	-5189.905064721025	5.1526024904508265e-06	-9.888877795527156	1.2459049620549085	96651.67608783973	0.0	844013154.5574397	844013154.5574397	0.00033888508626014945	1118516.6166987347	2.436697188280389e-05	0.4732551178271509	0.0	1160448156.8968449	1160448156.8968449	0.00023473213769162235	-1085175.8500323002	1.2611632489166637e-05	0.34099701817794353
1458.0000000025846	0.0	29740262506.757664	29740262506.757664	0.0002625975946649497	-484.78070343817257	5.087533510681378e-06	-10.062799520766774	1.3022641098892158	95572.76198489968	0.0	844000975.0517229	844000975.0517229	0.00012948136334055909	1095940.81911666	2.370528129392334e-05	0.1825763779807508	0.0	1160443038.0004973	1160443038.0004973	9.186114604547627e-05	-1090067.0445769564	1.2454082848980494e-05	0.13325283693544754
1498.5000000031616	0.0	29740139263.295746	29740139263.295746	0.00013830806900971525	-2224.5719568017603	5.113470276854485e-06	-10.145367412140574	0.6873458555557633	96146.327261075	0.0	843987208.5409408	843987208.5409408	0.00017577578592268143	1130246.4577702684	2.4319312518568724e-05	0.24786618549519457	0.0	1160438112.1039171	1160438112.1039171	8.882994111741718e-05	-1092616.3713724893	1.2311853940886276e-05	0.1288622855408312
1539.0000000037387	0.0	29740064981.55424	29740064981.55424	0.00021127878912333148	4163.611179744417	5.071301634160135e-06	-10.21875	1.0548448418039904	94909.2151436828	0.0	843981538.2788684	843981538.2788684	0.00020134103760505217	1134548.6354747466	2.3888384535462482e-05	0.2877308463515702	0.0	1160433359.6433125	1160433359.6433125	0.00016637807041283725	-1090386.4924805062	1.2188195833101597e-05	0.24135331225499304
1579.5000000043158	0.0	29740023141.93954	29740023141.93954	0.00016546925599520435	3647.413243971778	4.940001092796528e-06	-10.274960063897764	0.8279475955573727	92884.53138280328	0.0	843972693.9505007	843972693.9505007	0.00020928148995697247	1003188.0550110355	2.2786701616855802e-05	0.2996694421773261	0.0	1160428951.1630812	1160428951.1630812	0.0005500903656991109	-1086679.0840373435	1.2074872989598904e-05	0.7974396022686229
1620.0000000048929	0.0	29739905343.69791	29739905343.69791	0.00016532383509779082	-1331.4947891445768	4.92407719573234e-06	-10.339357028753994	0.8207437351477699	92356.12459306254	0.0	843961785.3773758	843961785.3773758	0.00017217166960373822	1020002.6956334722	2.2537725643978236e-05	0.24170633812667225	0.0	1160424762.5310636	1160424762.5310636	0.00013872785828786163	-1084256.4103871612	1.1964316075786911e-05	0.20095327117404568
1660.50000000547	0.0	29739867155.013054	29739867155.013054	0.0001261507659968842	-4289.095885557084	4.771084924461529e-06	-10.400958466453675	0.6293034281752524	89930.18823232203	0.0	843968982.025141	843968982.025141	0.0001124347452076211	1033079.9267270158	2.1698066331692168e-05	0.16069884533982895	0.0	1160420745.9713497	1160420745.9713497	0.00020352636786697849	-1091681.6353067472	1.1842586807369871e-05	0.29475828163540646
1701.000000006047	0.0	29739856262.914257	29739856262.914257	0.00016613157230095638	-4768.864515805415	4.852302751067931e-06	-10.386481629392971	0.829767287019274	91215.17833864433	0.0	843949902.4265076	843949902.4265076	0.00018028660536198373	1072529.9398736272	2.235668422995674e-05	0.256306955022809	0.0	1160416740.0389357	1160416740.0389357	0.0007056881283816462	-1103584.0298851095	1.1714447504495618e-05	1.021970807241449
1741.500000006624	0.0	29739736661.27964	29739736661.27964	0.00016159377842460605	-3837.4193226513216	4.894798021551717e-06	-10.493809904153355	0.8119352309914812	91791.38159387105	0.0	843944665.9522752	843944665.9522752	0.00027356048173949536	878534.1567530726	2.2760100833571082e-05	0.39472018908181145	0.0	1160412937.156364	1160412937.156364	0.0009724514717016368	-1109428.669161406	1.160484523899269e-05	1.4077314176826405
1782.0000000072012	0.0	29739716579.958633	29739716579.958633	0.00014809509703418133	-7081.800558209645	4.845769543819936e-06	-10.48392571884984	0.7420455264922957	91222.39122583093	0.0	843953940.640402	843953940.640402	0.0003631459428642952	1059075.6532632688	2.2843442940830273e-05	0.5228239749714455	0.0	1160409508.37478	1160409508.37478	0.0011342826674873234	-1102668.212548265	1.1524208915871695e-05	1.6413113810374296
1822.5000000077782	0.0	29739699069.39773	29739699069.39773	0.0002464478794900975	505.91499181699993	4.746105290037636e-06	-10.518769968051119	1.2362694607778526	89515.06714594108	0.0	843943378.8428363	843943378.8428363	0.001054817510147542	1057351.4039931237	2.202126604651785e-05	1.5278641434114375	0.0	1160406412.4174142	1160406412.4174142	0.0007400193839997859	-1098005.7321428964	1.1472973078693108e-05	1.070429364060163
1863.0000000083553	0.0	29739612358.34509	29739612358.34509	0.000190606116461761	24.985736135935475	4.6588467787877655e-06	-10.651158146964857	0.9432980545909615	87976.78295343625	0.0	843946832.4514047	843946832.4514047	0.0002950543993031296	818892.6276290672	2.1178578804931904e-05	0.415532485834733	0.0	1160403468.0460253	1160403468.0460253	0.0006627945395113871	-1098845.3783819724	1.1402841149398839e-05	0.957947166067998
1903.5000000089324	0.0	29739617387.997684	29739617387.997684	0.0006263897505811115	215.97712590926932	4.843682229039453e-06	-10.631789137380192	3.0437253454633093	91080.59018935308	0.0	843941290.055622	843941290.055622	0.0001173353513645096	1137094.574315361	2.3427378563351972e-05	0.15882914472659365	0.0	1160400517.802321	1160400517.802321	6.158459529574251e-05	-1105065.3193242429	1.1325271460879177e-05	0.0887911146741915
1944.0000000095094	0.0	29739551195.009544	29739551195.009544	0.0001600811126525429	-34.477495784797085	4.767997870899518e-06	-10.740115814696486	0.7833641342668456	89574.0934539314	0.0	843921995.3503551	843921995.3503551	7.490645211922664e-05	1060314.1118861402	2.2239473406731525e-05	0.10409568345516701	0.0	1160397381.216785	1160397381.216785	8.446533697674622e-05	-1111649.934407313	1.1259724129881893e-05	0.12153296762986263
1984.5000000100865	0.0	29739490676.806877	29739490676.806877	0.00017681714099546306	274.09612923274415	4.605057606069125e-06	-10.782647763578275	0.8766623526701022	86639.20257339712	0.0	843936174.1955426	843936174.1955426	0.000153591285234193	972406.7289717038	2.075056029300786e-05	0.21724636881787734	0.0	1160393920.0996785	1160393920.0996785	0.0002390127851030734	-1116476.9121300778	1.1201388515295891e-05	0.34499063479926256
2025.0000000106636	0.0	29739516120.469303	29739516120.469303	0.00030527376707910233	41.372725798476814	4.567209105420925e-06	-10.806110223642172	1.5060224436674743	85987.05242745468	0.0	843928430.9611428	843928430.9611428	0.00029642912076332536	982510.5443264702	2.050253460749032e-05	0.41479065971667156	0.0	1160390706.051127	1160390706.051127	0.00021809491156897195	-1118927.0461876001	1.1150751614840953e-05	0.31490946215037346
2065.5000000105774	0.0	29739436441.43534	29739436441.43534	0.00016475995587464324	-90.36635312028343	4.566912710619925e-06	-10.863518370607029	0.8185013594910293	85811.4853776915	0.0	843920081.9449426	843920081.9449426	0.00014310926958459932	979822.0706578774	2.0805987403150943e-05	0.20386857176464798	0.0	1160387628.0072374	1160387628.0072374	0.00014146520912322467	-1122850.5568281896	1.1107288749023658e-05	0.20418870066794864
2106.0000000096197	0.0	29739401914.01443	29739401914.01443	0.00012011349012891425	309.06427480202717	4.553833106319859e-06	-10.84285143769968	0.5984894248111174	85521.42934364105	0.0	843915737.7377813	843915737.7377813	9.57722159834922e-05	1011090.1735285871	2.0534065799391174e-05	0.13750530891198806	0.0	1160384821.6187954	1160384821.6187954	0.00030571773597360406	-1126814.2509963918	1.1070504003151982e-05	0.44110159365990537
2146.500000008662	0.0	29739351399.735584	29739351399.735584	0.00017557725032400827	9.523223520278883	4.499678934194207e-06	-10.90055910543131	0.8760470866428927	84486.3236592228	0.0	843918632.2390505	843918632.2390505	0.00016696654854961277	1115347.5807421738	1.9925394352740387e-05	0.23937067852631963	0.0	1160382110.0160165	1160382110.0160165	0.0005660160691726362	-1128313.5844924324	1.1041505266962777e-05	0.8166688265024676
2187.0000000077043	0.0	29739358005.154945	29739358005.154945	0.00014351450254768258	313.7528738941255	4.503020518269584e-06	-10.836661341853036	0.7179390060480215	84681.49091748752	0.0	843911072.2404255	843911072.2404255	0.00042141539267102153	796449.2469907538	2.0082309200456212e-05	0.6099338414155514	0.0	1160379301.1269073	1160379301.1269073	0.0006333712509920646	-1124548.6569037898	1.1006823819259144e-05	0.9136613796110369
2227.5000000067466	0.0	29739286725.649307	29739286725.649307	0.00014797735651833052	-48.94328352420473	4.485281256141855e-06	-10.907747603833865	0.740286576204041	84583.63295057439	0.0	843915934.4672478	843915934.4672478	0.00024387443990207613	1022381.1599736771	1.9935703926984924e-05	0.35239401676378107	0.0	1160376556.952265	1160376556.952265	0.0004590133692194951	-1139158.0947481808	1.094757238270765e-05	0.6620612119392527
2268.000000005789	0.0	29739293594.395416	29739293594.395416	0.00011961743889943922	-3.4268907431123563	4.4984517959117555e-06	-10.878494408945686	0.5990769501582809	84816.52932713239	0.0	843901239.3301407	843901239.3301407	0.000166278327188442	1259714.5766797964	1.9814425735058586e-05	0.2398119465616032	0.0	1160373965.184898	1160373965.184898	0.0004873726624796354	-1146612.4016005045	1.0921748355895252e-05	0.7027939607476733
2308.5000000048312	0.0	29739229563.197346	29739229563.197346	0.0001462806772264713	-168.03693375615975	4.452828444814305e-06	-10.96026357827476	0.7320821947385101	84037.49517633695	0.0	843893574.8980305	843893574.8980305	0.00026190523451381396	919135.6678723379	1.9409295949133862e-05	0.37909202923588026	0.0	1160371426.0653207	1160371426.0653207	0.0006854062524050892	-1155013.0731342998	1.089293481784541e-05	0.9882481563725367
2349.0000000038735	0.0	29739176255.091362	29739176255.091362	0.00012168318687145979	101.55494305583483	4.390939572541742e-06	-10.977835463258787	0.6102201205380434	82745.39200905949	0.0	843893838.7180579	843893838.7180579	0.00039505898346730043	950227.8481169129	1.9140636503476102e-05	0.5758969681537914	0.0	1160369104.1949658	1160369104.1949658	0.000804107861789713	-1155877.5148781263	1.0873122131437114e-05	1.1592426174221093
2389.500000002916	0.0	29739182898.468952	29739182898.468952	0.0001613164789047091	214.1777623864918	4.3579593190689205e-06	-10.958566293929712	0.8096454150095319	82001.2157963138	0.0	843894524.4972864	843894524.4972864	0.0005401943007284113	1029116.1588462625	1.853894414413169e-05	0.7903006463476335	0.0	1160367087.4989014	1160367087.4989014	0.0007768112282066945	-1151564.9469707683	1.085888314220701e-05	1.1197437300708546
2430.000000001958	0.0	29739145060.984207	29739145060.984207	0.00012333378979375497	45.48281871818936	4.307885806619629e-06	-10.975039936102236	0.6181752211224916	81246.96307318952	0.0	843898682.3418221	843898682.3418221	0.0004979214412325267	754817.015359488	1.821114748958788e-05	0.7256985735343676	0.0	1160365286.9432764	1160365286.9432764	0.0008912635852444413	-1152028.9993336182	1.0836092143796288e-05	1.2845097857163572
2470.5000000010004	0.0	29739156247.69822	29739156247.69822	0.0001232568668946367	-33.396166371574935	4.276965825143429e-06	-10.920227635782748	0.6183801367700619	80867.27642418933	0.0	843903328.1673319	843903328.1673319	0.00040193512732390556	1075228.8008126314	1.8161197568784965e-05	0.5874432900901305	0.0	1160363369.675675	1160363369.675675	0.0007589766099524943	-1158331.7962004072	1.0807678654570954e-05	1.0938232585447034
2511.0000000000427	0.0	29739189441.715942	29739189441.715942	0.00012886597020399134	148.46220548981665	4.236066333866114e-06	-10.866313897763579	0.6465671620834252	80132.72914436877	0.0	843903014.4622433	843903014.4622433	0.00043627251469645676	1232670.3330367384	1.737122992999548e-05	0.637763203218896	0.0	1160361466.5368986	1160361466.5368986	0.0007699099674018837	-1162533.5197363829	1.0787436813772636e-05	1.1094913653358967
2551.499999999085	0.0	29739172175.05195	29739172175.05195	0.0001511521632458924	131.8112159879788	4.228991938717715e-06	-10.851737220447284	0.7584204449947912	79816.15355811981	0.0	843888684.4351568	843888684.4351568	0.00044944015160390283	1052558.2447060081	1.7108786233400575e-05	0.6572241522112539	0.0	1160359603.5746582	1160359603.5746582	0.0007941999627087238	-1163142.3661614	1.077450770411325e-05	1.1444178461030867
2591.9999999981274	0.0	29739083644.946632	29739083644.946632	0.00012978362335243267	68.20920703175179	4.17157392374023e-06	-10.931010383386582	0.6509583255927919	78741.10018994077	0.0	843897818.8200152	843897818.8200152	0.0005495839096081891	735600.5450366029	1.7079472626087867e-05	0.8027476106372987	0.0	1160357820.4926853	1160357820.4926853	0.0008161921765217652	-1161744.600443093	1.07649617291121e-05	1.1761501817832842
2632.4999999971697	0.0	29739129689.24887	29739129689.24887	0.00015225536661311176	-60.31798807434914	4.217033250316729e-06	-10.86082268370607	0.7628176296030439	79484.81808669651	0.0	843904176.1793981	843904176.1793981	0.0005685705160294382	1061263.889707107	1.7652978251243892e-05	0.8263177863452811	0.0	1160356118.0207472	1160356118.0207472	0.000786425695836069	-1159831.5001924955	1.0749533720562939e-05	1.1332290671608356
2672.999999996212	0.0	29739163017.361565	29739163017.361565	0.00019000397316724552	184.63384376230508	4.254093429167972e-06	-10.839456869009584	0.9531018720301234	80279.3855235643	0.0	843901867.2259611	843901867.2259611	0.0005250986918200974	1188787.0602740466	1.782125245450982e-05	0.7686168917567772	0.0	1160354479.0232701	1160354479.0232701	0.0007730143100654659	-1159282.9332087948	1.0734791638711468e-05	1.1138836790945843
2713.4999999952543	0.0	29739129690.456867	29739129690.456867	0.00021860719324145927	192.2862155626461	4.219310755405793e-06	-10.876797124600639	1.094932943023125	79789.59624430166	0.0	843902753.2914879	843902753.2914879	0.0013045873768718556	992242.767952332	1.742954800890539e-05	1.8934036072793765	0.0	1160352882.1048002	1160352882.1048002	0.0006003177363759842	-1158572.208249711	1.0721728873581034e-05	0.8650431583716582
2753.9999999942966	0.0	29739113746.520187	29739113746.520187	0.00014119655527158108	-85.8335939267647	4.191411192342389e-06	-10.929313099041533	0.6969298033524761	79400.72901197698	0.0	843906471.5452465	843906471.5452465	0.0002579175325993693	1106463.3862493844	1.7492567053603496e-05	0.3603124998862186	0.0	1160351313.5318098	1160351313.5318098	0.0007976499959532729	-1159515.4585637036	1.070734230782889e-05	1.1492482611891637
2794.499999993339	0.0	29739123727.90149	29739123727.90149	0.00014736995464645719	66.54496926596465	4.201539457476442e-06	-10.915035942492013	0.735996999432436	79552.17399787602	0.0	843899318.2805672	843899318.2805672	0.00039820717033051036	1085809.603149038	1.7189170789154792e-05	0.5729606182647901	0.0	1160349746.670745	1160349746.670745	0.0007787515632866405	-1162462.6383427912	1.0697487942232093e-05	1.1222484853546104
2834.999999992381	0.0	29739100481.840134	29739100481.840134	0.0001452514531632185	160.5991242250607	4.032419388622337e-06	-10.942392172523961	0.724537966593746	76549.14215322115	0.0	843900581.1581577	843900581.1581577	0.0004916925317428696	957228.5332832555	1.560221176168763e-05	0.7047158489540472	0.0	1160348159.0191035	1160348159.0191035	0.0008797629449650717	-1164447.1219044481	1.0704149005284407e-05	1.2677361407505696
2875.4999999914235	0.0	29739112406.11315	29739112406.11315	0.00013310850589509817	-2.6695411276331567	3.940643895095901e-06	-10.936401757188499	0.6656293309669583	74890.396419728	0.0	843910320.2138706	843910320.2138706	0.0005438632795731172	1073111.3861005565	1.491811797109319e-05	0.7897721003867736	0.0	1160346548.5361214	1160346548.5361214	0.0009677527383160549	-1167334.9721537132	1.0696719837768573e-05	1.3945934043698505
2915.9999999904658	0.0	29739110786.707497	29739110786.707497	0.0001283729027154591	88.35363638390854	4.007902485388119e-06	-10.925419329073483	0.6401901842137807	76079.25618106549	0.0	843899771.0425797	843899771.0425797	0.0005272041283970106	1017218.7994185253	1.5375663237999814e-05	0.7610209540239687	0.0	1160344962.223424	1160344962.223424	0.0012204359824860306	-1171713.9833439076	1.069420784640708e-05	1.7586440415602664
2956.499999989508	0.0	29739043022.678	29739043022.678	0.00013059364058295195	-1.0059402625879148	3.98274056371025e-06	-10.95457268370607	0.653164794816038	75584.8344168285	0.0	843899849.9824675	843899849.9824675	0.0005180829316701786	1223226.926422392	1.5229205478427997e-05	0.7526330146494832	0.0	1160343308.5073113	1160343308.5073113	0.0010120257827463098	-1171117.2109076807	1.0764734198179636e-05	1.4579913286337662
2996.9999999885504	0.0	29739059931.726208	29739059931.726208	0.00013422992013564485	128.80974112823893	3.991741720462542e-06	-10.93290734824281	0.6724573461704155	75529.85247837938	0.0	843901243.0256621	843901243.0256621	0.0005718319005371573	1007117.7453459644	1.4890447786457265e-05	0.8346074663681191	0.0	1160341630.69106	1160341630.69106	0.0010541449151836883	-1174609.97844999	1.0751106910556914e-05	1.5189516303983068
3037.4999999875927	0.0	29739015014.84445	29739015014.84445	0.00012744556538710818	67.39015765810089	4.009566917846003e-06	-10.987919329073483	0.6386614124209226	75676.79393058301	0.0	843894956.0941906	843894956.0941906	0.0005383461440031668	1083041.2537664426	1.5014080311176643e-05	0.786907017080115	0.0	1160340028.7548518	1160340028.7548518	0.0009962375804878473	-1172029.605328209	1.0899399165394659e-05	1.4354153020115878
3077.999999986635	0.0	29739024128.191147	29739024128.191147	0.00013030290706439094	132.6917864366504	4.0034946587178636e-06	-10.95916533546326	0.6534492119265024	75548.32591241712	0.0	843893108.2535896	843893108.2535896	0.00046693410181716886	1047398.7144987275	1.497630662604978e-05	0.6835954806305854	0.0	1160338250.026905	1160338250.026905	0.0010082969756244758	-1170075.034405204	1.101872427712819e-05	1.4521780684636942
3118.4999999856773	0.0	29738999957.593113	29738999957.593113	0.00011248688502996313	119.7028296244219	3.987898586151869e-06	-10.990115814696486	0.5604895202996198	75339.43880445273	0.0	843892054.0221794	843892054.0221794	0.00045680828378399203	1238654.5048381547	1.4707278398341923e-05	0.6553403392006779	0.0	1160336672.6049168	1160336672.6049168	0.0011056384574303863	-1175354.451481213	1.1128585179126853e-05	1.5928218637406182
3158.9999999847196	0.0	29738956725.21503	29738956725.21503	0.00022101264474914525	0.014347086514851172	4.048572891633937e-06	-11.033646166134185	1.1056832940717138	76334.72373955954	0.0	843882449.8186489	843882449.8186489	0.00032174954382919275	1135049.7138520102	1.4624222002382988e-05	0.46216940935746265	0.0	1160335044.299266	1160335044.299266	0.0009630239652348	-1164297.477004116	1.1431762490624794e-05	1.3876244401243798
3199.499999983762	0.0	29738907243.201084	29738907243.201084	0.00010649264303511903	189.60809836162892	4.082953577277319e-06	-11.097244408945686	0.5344597248752213	76774.80346007524	0.0	843880483.877941	843880483.877941	0.00024462725621453014	1144007.8830072312	1.5596934391223864e-05	0.35196636581304713	0.0	1160333646.9037743	1160333646.9037743	0.001330280181836386	-1186914.5704525306	1.1235070550611102e-05	1.9219185478072711
3239.999999982804	0.0	29738912401.852985	29738912401.852985	0.00014908082829645625	204.03036659002527	4.2080320609806465e-06	-11.103134984025559	0.7497116690418131	79103.43156447366	0.0	843886240.5315831	843886240.5315831	0.00024407083243648073	1130722.5346503584	1.5433324208123567e-05	0.35410632448933205	0.0	1160334343.9513655	1160334343.9513655	0.0032430505821345735	-1174429.1404225938	1.2068011219226613e-05	4.683626615105082
3280.4999999818465	0.0	29738922191.142063	29738922191.142063	0.00028976606422818115	565.7181958726381	4.144860599332753e-06	-11.108426517571885	1.4574785546547555	78222.62643278737	0.0	843893313.501371	843893313.501371	0.001354096155724035	1259226.7664416253	1.477254062193131e-05	1.9688270207132426	0.0	1160336342.3578203	1160336342.3578203	0.008277949214388111	-1305205.9270449644	1.2073496639040857e-05	11.969447850584727
3320.999999980889	0.0	29738918420.28694	29738918420.28694	0.0010078811523346915	137.8335495264159	4.178323457444468e-06	-11.13927715654952	5.046637384637379	78841.44779234918	0.0	843892244.8357397	843892244.8357397	0.0006037258951306209	1073620.036921905	1.503205590088691e-05	0.8658377807418989	0.0	1160341138.3343563	1160341138.3343563	0.0011042734998885516	-1180086.4887712875	1.2170066098826892e-05	1.5961577565445282
3361.499999979931	0.0	29738904315.94019	29738904315.94019	0.002595449898833857	281.123131049619	4.134270163244997e-06	-11.16583466453674	13.066800802132205	77981.09907550686	0.0	843896976.8374104	843896976.8374104	0.0005683443489316773	1267637.9230757586	1.595093106429203e-05	0.8238082382120347	0.0	1160341727.8962986	1160341727.8962986	0.002180528446389213	-1371816.1489142133	1.1209892898530098e-05	3.162140546354976
3401.9999999789734	0.0	29738956574.934875	29738956574.934875	0.0009246433216207194	542.2907122963306	4.130094227917563e-06	-11.105930511182109	4.654256879231907	77800.90753485446	0.0	843905402.8710339	843905402.8710339	0.0004585855758928172	1140766.8258398855	1.56534016341081e-05	0.6570829424841703	0.0	1160346640.608518	1160346640.608518	0.0008562555534862887	-1279606.3855213104	1.1512843293632798e-05	1.25086381539529
3442.4999999780157	0.0	29738939438.558483	29738939438.558483	0.0014487313839836812	113.55746208509117	4.05044502180262e-06	-11.146964856230031	7.320412756099493	76459.48554095253	0.0	843904313.4261428	843904313.4261428	0.000607994779118547	1139032.624947316	1.4998332792056695e-05	0.8760993572095193	0.0	1160348357.255777	1160348357.255777	0.0011852593125157604	-1193305.9077402214	1.1293377323530973e-05	1.7353092961087164
3482.999999977058	0.0	29738895024.552277	29738895024.552277	0.0012177447028650441	270.04388749602424	4.002423558432859e-06	-11.17142571884984	6.16394333161689	75439.18414981278	0.0	843884460.2304081	843884460.2304081	0.0007591720491367997	1223232.7710293594	1.5296391914059634e-05	1.0995210639086945	0.0	1160351049.9633822	1160351049.9633822	0.0013345435695711612	-1302493.8140103193	1.0746301882143729e-05	1.9521327150320709
3523.4999999761003	0.0	29738828396.417137	29738828396.417137	0.0009499356889162151	314.22065527813857	4.0388534511934846e-06	-11.24630591054313	4.813419372423106	76032.51712957105	0.0	843874170.8125937	843874170.8125937	0.0006830458527131921	1306628.4003795432	1.5166265479851466e-05	0.9933760598443785	0.0	1160354973.4674482	1160354973.4674482	0.0010698126482271042	-1282673.522835618	1.1189529359297215e-05	1.5644724719255307
3563.9999999751426	0.0	29738792915.089096	29738792915.089096	0.000753297695411125	248.69521720253982	4.00512777697553e-06	-11.293130990415335	3.817662364581628	75623.1697006564	0.0	843874546.6388448	843874546.6388448	0.0006704081014934102	1028564.5331825255	1.5089569031171536e-05	0.9732595907825452	0.0	1160356728.5177903	1160356728.5177903	0.0009103231920703443	-1220874.9023576183	1.0729280416701944e-05	1.3303359233431384
3604.499999974185	0.0	29738778491.37329	29738778491.37329	0.000644226461821893	104.534930778419	4.000425420567901e-06	-11.299920127795527	3.2634960531890953	75432.94361316983	0.0	843864353.3934219	843864353.3934219	0.0008844635242195116	1151363.2968229582	1.4800320706545807e-05	1.2799769750887704	0.0	1160358220.0797539	1160358220.0797539	0.0011817498995286644	-1220222.131278395	1.1046942985882143e-05	1.7296952348951893
3644.999999973227	0.0	29738792466.540028	29738792466.540028	0.00041986841395659616	2.4060908644637635	3.989671188059601e-06	-11.273262779552716	2.1274041012792377	75294.77751104688	0.0	843856253.9435301	843856253.9435301	0.0006800401606620046	1085384.9955062293	1.5052195253025842e-05	0.9840677187237469	0.0	1160358235.6198983	1160358235.6198983	0.00317422681535773	-1166359.3963065024	1.0942502057172147e-05	4.6465430062692965
3685.4999999722695	0.0	29738764241.117382	29738764241.117382	0.000528797250090563	511.78821735750313	3.933776985796879e-06	-11.307108626198083	2.674766014622285	74402.5768275619	0.0	843842188.970138	843842188.970138	0.00041611442135108	1412785.55467202	1.4345316841297282e-05	0.6011232327541853	0.0	1160361462.7579117	1160361462.7579117	0.001678678543129853	-1337716.852856244	1.0887254661497628e-05	2.4562340099846027
3725.999999971312	0.0	29738703070.295372	29738703070.295372	0.0008008683624297634	-137.6357949998969	3.965838359528065e-06	-11.385583067092652	4.051327173113183	74851.76465736511	0.0	843828650.491387	843828650.491387	0.00040534395352006245	1176036.219916382	1.444256797043628e-05	0.5866074700440737	0.0	1160363478.7466943	1160363478.7466943	0.0007658387590391808	-1198060.365239542	1.0877115882768192e-05	1.119521439648706
3766.499999970354	0.0	29738664077.39537	29738664077.39537	0.0005565850015234403	290.20730895276364	3.948482534535458e-06	-11.3995607028754	2.82639608491713	74491.96999477489	0.0	843827475.1743197	843827475.1743197	0.0003442168282711514	1026478.8825841649	1.5050290291865873e-05	0.5041409843657584	0.0	1160363192.6155305	1160363192.6155305	0.0005845499209907168	-1167273.6597049164	1.0672821674648866e-05	0.8535529153769568
3806.9999999693964	0.0	29738683745.546112	29738683745.546112	0.0005253644383349573	245.08062995492344	4.002400678903125e-06	-11.378893769968052	2.6641269235546385	75586.54248285327	0.0	843831360.0081768	843831360.0081768	0.0003896608409113785	1116175.8502769968	1.535035125420893e-05	0.5686423722218381	0.0	1160362839.4003398	1160362839.4003398	0.0005650831642980875	-1174376.6925335093	1.0696720813569061e-05	0.824765122302859
3847.4999999684387	0.0	29738670604.782722	29738670604.782722	0.0004577216223157953	280.7609682715638	4.113295452924417e-06	-11.374001597444089	2.323524333375006	77544.93036786024	0.0	843821900.1010082	843821900.1010082	0.0004533975241639615	1130287.7481947541	1.583989036542492e-05	0.664298166082997	0.0	1160362421.8544164	1160362421.8544164	0.00034436237979841426	-1151986.9823065826	1.1107464908194697e-05	0.5025933283825558
3887.999999967481	0.0	29738620312.408417	29738620312.408417	0.0006925274453590024	350.5449127308895	4.181986964067112e-06	-11.421126198083067	3.5146196916587717	78911.63234004122	0.0	843810726.3008344	843810726.3008344	0.0003408684619774963	1107790.7315289658	1.5973476541630563e-05	0.4987666749786046	0.0	1160360664.7185826	1160360664.7185826	0.00019798370096738146	-1124316.4288883577	1.1212185449560046e-05	0.28885976188904494
3928.4999999665233	0.0	29738546786.87255	29738546786.87255	0.0029305100795197665	168.31475025193637	4.205648999977021e-06	-11.499600638977636	14.816364637098406	79240.64638503385	0.0	843819873.0143813	843819873.0143813	0.00012512232384282118	840737.954506946	1.6643421285645552e-05	0.18137162731118506	0.0	1160358240.5910292	1160358240.5910292	0.00016879024034943327	-1115713.0952236936	1.1178826958704389e-05	0.2459990638319111
3968.9999999655656	0.0	29738574937.940163	29738574937.940163	0.0007507820686860859	-140.31558360383096	4.372263039224481e-06	-11.500199680511182	3.768275609607623	82356.04365340696	0.0	843820861.2613759	843820861.2613759	7.617915806691408e-05	1057988.8153579296	1.8270010483078143e-05	0.10918414587427921	0.0	1160355666.4172335	1160355666.4172335	0.00013219977775174257	-1119766.699880823	1.1131437044205983e-05	0.19264466470047725
4009.499999964608	0.0	29738545799.44637	29738545799.44637	0.00028180470726320793	-154.82949952357387	4.396724716740883e-06	-11.50189696485623	1.4198128595842108	82724.68604667456	0.0	843813806.0330503	843813806.0330503	0.00011207394107257925	807393.79657293	1.8755105663185767e-05	0.1609757794625457	0.0	1160353098.466735	1160353098.466735	0.0003507853659639174	-1125005.6586016284	1.1046417022102576e-05	0.510937953320791
4049.99999996365	0.0	29738572923.13086	29738572923.13086	0.00012552825758396855	182.11829768892613	4.360266862378977e-06	-11.498801916932907	0.6335199297834623	82201.784044003	0.0	843820861.2636299	843820861.2636299	7.158141488566554e-05	1098004.5110658081	1.8674529355633964e-05	0.10351845549813965	0.0	1160350752.3335528	1160350752.3335528	0.0005193593420734634	-1138686.5249361428	1.0855781515339599e-05	0.7557051280910172
4090.4999999626925	0.0	29738572481.65101	29738572481.65101	0.0001691095389527727	-196.29293458987544	4.3907636014373264e-06	-11.53214856230032	0.8527107315019345	82716.06515469929	0.0	843824322.8846717	843824322.8846717	0.00015404814680803025	1195243.6567930938	1.939302235298588e-05	0.22270526449906727	0.0	1160348840.8037605	1160348840.8037605	0.000380547419594346	-1155897.12222677	1.0683859767953334e-05	0.5531107243853838
4130.999999964388	0.0	29738553974.960003	29738553974.960003	0.00022874920412654576	230.1925699228645	4.419150083673531e-06	-11.53873801916933	1.1550654060852508	83125.46342548396	0.0	843814634.827396	843814634.827396	9.889001815638996e-05	1012501.1853330334	1.9384069490920565e-05	0.14339632125085347	0.0	1160347161.4001963	1160347161.4001963	0.0005621779590425787	-1155680.9879260347	1.0667291111011315e-05	0.817112533601249
4171.4999999665	0.0	29738507108.93253	29738507108.93253	0.0001873389506821574	292.42938392324936	4.317003657781953e-06	-11.581469648562301	0.9385348960254278	81364.41564891688	0.0	843822638.7555885	843822638.7555885	0.00023522797473583064	1072842.71904692	1.8695767967815002e-05	0.333988069340052	0.0	1160345613.8326542	1160345613.8326542	0.0003669375129792234	-1144401.0163589688	1.0653971004014647e-05	0.5331081180460089
4211.9999999686115	0.0	29738501335.94922	29738501335.94922	0.00039121820744341567	131.7112667783088	4.285625683498255e-06	-11.626198083067093	1.9611738683465558	80863.90137160101	0.0	843831142.9134477	843831142.9134477	7.722822830406162e-05	912187.5315402118	1.782746253016886e-05	0.11052367807110834	0.0	1160344259.2181706	1160344259.2181706	0.00016128460280176942	-1144205.6724628122	1.0676636289710923e-05	0.23410317923464108
4252.499999970723	0.0	29738548502.65809	29738548502.65809	0.00029695811918367226	4.161689231109687	4.283989656324585e-06	-11.567891373801917	1.4897898619558085	80826.35499593642	0.0	843844253.019113	843844253.019113	9.109131102350368e-05	986281.4010448011	1.8157716125811e-05	0.13215931000967623	0.0	1160342710.473686	1160342710.473686	0.00015017482136166834	-1137251.394601868	1.0766960369398186e-05	0.2178638824685141
4292.999999972835	0.0	29738590792.204773	29738590792.204773	0.00036356216209171413	-2.318878488702424	4.396045593475915e-06	-11.544329073482428	1.820471276270684	83002.26328994535	0.0	843840354.7213879	843840354.7213879	0.0001340221647252436	1044273.0726227992	1.9096163106687646e-05	0.1915622154216059	0.0	1160341023.9476209	1160341023.9476209	0.00021070186961243153	-1141731.989607402	1.071146134742405e-05	0.3057115341220147
4333.499999974947	0.0	29738542696.50639	29738542696.50639	0.00011804826342001945	4.686078733871156	4.5283536565910996e-06	-11.62789536741214	0.5884595675466885	85073.38870313074	0.0	843825284.0296729	843825284.0296729	5.830218946945659e-05	1205462.428650997	2.0503039174793343e-05	0.08273929730966881	0.0	1160339442.4116497	1160339442.4116497	9.851088915855714e-05	-1146839.1568966582	1.0671929683550152e-05	0.14274293316159697
4373.999999977059	0.0	29738505122.175835	29738505122.175835	0.00020707314628492165	274.7921133795415	4.384765160540052e-06	-11.655750798722044	1.0383062576738213	82711.87019603961	0.0	843820347.4466949	843820347.4466949	5.834903135963462e-05	1069959.3864992543	1.888288075537132e-05	0.08408020751774566	0.0	1160337997.924807	1160337997.924807	0.0002604555110878938	-1154143.1006600866	1.0577324938339111e-05	0.3777843722010137
4414.499999979171	0.0	29738461345.040924	29738461345.040924	0.0002035880005150652	-56.70091565569077	4.305055605294617e-06	-11.696385782747603	1.020874213591981	81090.18753481627	0.0	843827860.3831502	843827860.3831502	4.6666661377680205e-05	815491.051893953	1.821726036081485e-05	0.06758304996228241	0.0	1160336560.4164948	1160336560.4164948	0.00012624334938511034	-1148053.9452512022	1.0770242551699793e-05	0.18289449397445642
4454.999999981283	0.0	29738470814.858074	29738470814.858074	9.90168886534844e-05	33.22309235197997	4.299273962681209e-06	-11.679712460063898	0.496251204171556	81015.28279343547	0.0	843824042.0159078	843824042.0159078	4.5913092618218466e-05	1028451.3781967292	1.8336093049564143e-05	0.06635057637396305	0.0	1160334912.1058095	1160334912.1058095	0.00014705298474151907	-1155498.52803224	1.0678478687413552e-05	0.212995526858286
4495.499999983394	0.0	29738448139.600563	29738448139.600563	0.0001468269683400103	110.25117363934547	4.2594192991113036e-06	-11.731529552715655	0.7387858777564531	80470.18735081382	0.0	843826156.4798199	843826156.4798199	7.48983677522212e-05	1147180.3768404913	1.7602597243297717e-05	0.10893819210738116	0.0	1160333997.056818	1160333997.056818	0.0002837064267437396	-1175714.0316385985	1.0651623318776917e-05	0.4113920520545497
4535.999999985506	0.0	29738448966.96712	29738448966.96712	0.00014279724790642993	5.110229049422935	4.24876469029368e-06	-11.73302715654952	0.7166829941459636	80215.46984940369	0.0	843822873.3344179	843822873.3344179	8.931925819696402e-05	854878.137554516	1.692449363777378e-05	0.12886040111674354	0.0	1160332752.0618818	1160332752.0618818	0.00024014874133344036	-1161051.578700074	1.090808032853039e-05	0.34810657221136476
4576.499999987618	0.0	29738437146.893635	29738437146.893635	0.0001243770122607736	-62.856554173912855	4.206577704656189e-06	-11.718949680511182	0.6252313779350265	79247.45227204484	0.0	843834410.5716918	843834410.5716918	6.655851831265554e-05	687883.4363995227	1.757082603548645e-05	0.09654866426758837	0.0	1160331148.786854	1160331148.786854	0.0005322537155163743	-1167478.2144781742	1.0665568232476914e-05	0.7719220897572461
4616.99999998973	0.0	29738510396.226654	29738510396.226654	0.00015155125529951952	-78.91578551359927	4.220110066738748e-06	-11.644668530351439	0.7619342609723511	79480.75845176258	0.0	843842801.5620272	843842801.5620272	0.00011061541743937874	992068.7018708613	1.776854716763115e-05	0.16107705342464707	0.0	1160330015.2797537	1160330015.2797537	0.0003621351512395938	-1167348.1427639488	1.0596161469026734e-05	0.5248793258827769
4657.499999991842	0.0	29738561301.722183	29738561301.722183	8.80236785784389e-05	157.34375536589565	4.2472960411417886e-06	-11.574281150159745	0.44291658288752556	79998.65277263155	0.0	843838363.5153694	843838363.5153694	4.721184779867094e-05	1182479.3729590732	1.757503238567254e-05	0.0689818076619394	0.0	1160328562.8790665	1160328562.8790665	0.0004776342079240466	-1143730.0137352953	1.0745321993111566e-05	0.6923760253567618
4697.999999993954	0.0	29738535112.691628	29738535112.691628	0.00020083086928584734	410.4125812529537	4.185613069628793e-06	-11.59944089456869	1.009900592503947	79029.4417249214	0.0	843833819.0808792	843833819.0808792	0.0005464806216695849	935786.0127726493	1.6556773233706592e-05	0.7942760779209468	0.0	1160327205.4838824	1160327205.4838824	0.0003915823918040097	-1141242.711999845	1.0771427023040398e-05	0.5676086466099032
4738.4999999960655	0.0	29738474247.721863	29738474247.721863	0.00013992394421498752	-81.83590864185462	4.170175200162826e-06	-11.731230031948881	0.6973489461566291	78718.11844822529	0.0	843837880.5024726	843837880.5024726	0.00011444212230907739	722369.5994506127	1.6751018900479132e-05	0.1630822727632185	0.0	1160325602.05164	1160325602.05164	0.00020016767723589378	-1130249.0766616822	1.0974297478746389e-05	0.2900119852533652
4778.999999998177	0.0	29738483318.813343	29738483318.813343	0.00023957493573134695	87.53778288393906	4.257300319054031e-06	-11.680211661341852	1.1950098223173113	80298.5810786928	0.0	843840189.78585	843840189.78585	8.787666119756741e-05	982717.3607912131	1.7856609845609e-05	0.12420371158922332	0.0	1160323759.4150581	1160323759.4150581	0.0004178106548340522	-1139233.0440589264	1.0816108916373746e-05	0.6054925126355406
4819.500000000289	0.0	29738563186.275883	29738563186.275883	0.00012530946762648727	88.54525250657724	4.229650011521703e-06	-11.58915734824281	0.6255092575492457	79783.12356983217	0.0	843847754.8885591	843847754.8885591	6.347144322992197e-05	1108696.8760280446	1.7379743134624242e-05	0.09018599074042297	0.0	1160322397.558875	1160322397.558875	0.0004521701722316469	-1152562.1504487768	1.0667465458398639e-05	0.6554520547079433
4860.000000002401	0.0	29738540226.232063	29738540226.232063	9.707707288259667e-05	-32.23874648412252	4.270680092839124e-06	-11.624900159744408	0.4818090242026865	80594.53443077368	0.0	843843518.7944674	843843518.7944674	4.062050955040788e-05	702157.3641255634	1.7355587008894664e-05	0.05792509936704972	0.0	1160320991.1249537	1160320991.1249537	0.0005800696299292202	-1144413.5949163307	1.0933157143143115e-05	0.8405925957890779
4900.500000004513	0.0	29738517600.618156	29738517600.618156	0.00014486221353920303	27.194025531492514	4.227988294717442e-06	-11.61651357827476	0.7239254458145425	79759.42431090708	0.0	843857464.9610143	843857464.9610143	8.495724341551064e-05	663083.0434320982	1.7314899354754972e-05	0.12222565575785228	0.0	1160319191.058229	1160319191.058229	0.0004743580886648668	-1157603.4223263254	1.0856856047943976e-05	0.6873876934021117
4941.000000006625	0.0	29738610295.436764	29738610295.436764	0.00011850854551433452	-15.359058412364146	4.2405658331263135e-06	-11.526457667731629	0.594016352325177	79860.96599728023	0.0	843866150.7079268	843866150.7079268	7.658375977273249e-05	1179602.3982984782	1.7226112051986004e-05	0.1105040216099182	0.0	1160318435.5354524	1160318435.5354524	0.0004085583204466571	-1201918.1974137598	1.0875581971893907e-05	0.5925227858830672
4981.500000008737	0.0	29738661119.002975	29738661119.002975	0.00015666390014051256	257.6166874891353	4.264474827573095e-06	-11.461861022364218	0.7868616530622057	80174.4484992106	0.0	843858063.1995034	843858063.1995034	0.0001845818229711595	1157713.4741383365	1.6919554650341767e-05	0.2680363554755626	0.0	1160318141.2364318	1160318141.2364318	0.00038267826191163866	-1153069.5797739043	1.1123466730373056e-05	0.5548520223534968
5022.000000010848	0.0	29738639741.829014	29738639741.829014	0.0001300081928130355	158.73399089489277	4.113507603650821e-06	-11.500499201277956	0.654335549916794	77314.40302604782	0.0	843870811.9928039	843870811.9928039	0.00022833345467481445	821218.9218587358	1.6501656045296806e-05	0.3323355098640138	0.0	1160316553.7238593	1160316553.7238593	0.00036548182287946153	-1145665.4533378151	1.0694546440551278e-05	0.5303500224793092
5062.50000001296	0.0	29738610503.945236	29738610503.945236	0.00010632495188369328	108.5817763938444	4.1239477705229e-06	-11.514077476038338	0.5345235473926016	77551.03221191943	0.0	843856541.3080916	843856541.3080916	7.96401247271558e-05	958918.9855215368	1.638221470469257e-05	0.11580519512375194	0.0	1160315450.513601	1160315450.513601	0.0003291067222088085	-1130583.4678422785	1.0842442483811096e-05	0.4777153263951082
5103.000000015072	0.0	29738579725.344196	29738579725.344196	9.067229697937673e-05	112.59377911711508	4.1122747945535405e-06	-11.530551118210862	0.4566251388781397	77444.79796439255	0.0	843858875.593574	843858875.593574	4.936179226851077e-05	643224.3579925823	1.6231812137004112e-05	0.07166447172716164	0.0	1160313815.0576463	1160313815.0576463	0.0004386392074931615	-1124776.2362520408	1.0844287152239354e-05	0.6374664466604337
5143.500000017184	0.0	29738621082.143784	29738621082.143784	0.00020045451374834454	103.93754661133207	4.109814750381053e-06	-11.487819488817891	1.0060904487173705	77515.6500939971	0.0	843870071.8386519	843870071.8386519	0.000749976881390599	1078773.3958465187	1.6522085116525775e-05	1.0776660279359767	0.0	1160312554.9793038	1160312554.9793038	0.0003703854503815627	-1138449.9385820108	1.0749674541010001e-05	0.5383402882646062
5184.000000019296	0.0	29738671523.545364	29738671523.545364	0.00018291964604608707	-44.06588638980493	4.230500561311206e-06	-11.438498402555911	0.916971945610209	79750.14335160941	0.0	843862831.036293	843862831.036293	5.349559656813706e-05	1098081.2130306275	1.704612902433033e-05	0.07639172945045541	0.0	1160310874.0049884	1160310874.0049884	0.0007018623171000037	-1135678.781604777	1.1092643899751882e-05	1.020868530077023
5224.500000021408	0.0	29738634232.712204	29738634232.712204	0.00010846917623489297	372.18938162021067	4.192825729795835e-06	-11.50579073482428	0.5422698386804462	78935.42141923845	0.0	843863164.7455027	843863164.7455027	5.857947029114035e-05	1009337.3169517972	1.7023670637738203e-05	0.08268437552160894	0.0	1160309596.63477	1160309596.63477	0.0010164072684116874	-1193481.4682671893	1.0925068599984188e-05	1.478375755288728
5265.0000000235195	0.0	29738590345.066967	29738590345.066967	0.00012823838602531428	37.19840978859723	4.183866877176379e-06	-11.544329073482428	0.6408801030607321	78613.83540370244	0.0	843867525.2718177	843867525.2718177	0.00029659266889157335	965820.1281113834	1.6426744371454312e-05	0.4251882770280212	0.0	1160310219.7011547	1160310219.7011547	0.0005694386631944924	-1188023.8426649282	1.138259903029411e-05	0.8282650055892237
5305.500000025631	0.0	29738650291.49231	29738650291.49231	0.00014027864947870904	279.87993563998685	4.209228163785487e-06	-11.453873801916933	0.7038294388059755	79220.84099703845	0.0	843873953.3051729	843873953.3051729	0.00017313686138564722	1120128.0903580086	1.7219562277966746e-05	0.2499916706012636	0.0	1160309406.116518	1160309406.116518	0.00035385541647906617	-1133586.6941428739	1.0908900024805207e-05	0.5146857402046923
5346.000000027743	0.0	29738650643.012352	29738650643.012352	0.00010326369862037632	162.56175649814153	4.186560636342681e-06	-11.41194089456869	0.5194237778316547	78833.3879093834	0.0	843867613.6233236	843867613.6233236	7.800354761266612e-05	1153773.2757520424	1.6398272119150965e-05	0.11301813278795843	0.0	1160308025.0029578	1160308025.0029578	0.00037117173994595537	-1112634.5418750916	1.1101378981343247e-05	0.5401406840862377
5386.500000029855	0.0	29738610674.561867	29738610674.561867	8.023655721268682e-05	432.6785004914771	4.235564263378102e-06	-11.471445686900958	0.4037406868385093	79502.89746492876	0.0	843863107.8800908	843863107.8800908	5.982204782952872e-05	1014903.0070147695	1.6655583592556322e-05	0.0862324728602463	0.0	1160306186.0037627	1160306186.0037627	0.00037902685117518304	-1103205.975728454	1.1389803009917225e-05	0.5515855278101696
5427.000000031967	0.0	29738541720.433327	29738541720.433327	8.927958657903831e-05	-54.916418543796766	4.274779047187966e-06	-11.53214856230032	0.44941125058096215	80266.45205886241	0.0	843865518.9407963	843865518.9407963	5.2358154197422255e-05	631831.3432406953	1.6956227055971804e-05	0.07565424241470245	0.0	1160303830.416819	1160303830.416819	0.0005408904571438195	-1103200.0417323932	1.1512587232223559e-05	0.7873275701529298
5467.500000034079	0.0	29738572236.308807	29738572236.308807	7.50698844418927e-05	-248.00812734403237	4.283909938481532e-06	-11.485223642172524	0.3780846406339825	80561.11112320404	0.0	843870173.698236	843870173.698236	2.9977712790585278e-05	937976.5724289768	1.785234744466415e-05	0.04335433476425036	0.0	1160301540.26475	1160301540.26475	0.0007407299062009371	-1143522.8524256716	1.0975199041128105e-05	1.0783633429799382
5508.000000036191	0.0	29738642538.087616	29738642538.087616	0.00011569289365093312	276.4394368549465	4.27600323895493e-06	-11.414037539936102	0.5823088706377456	80373.11988171923	0.0	843872968.1550881	843872968.1550881	0.00017119423014059677	1097437.3617575723	1.7653930110055674e-05	0.2470875982585424	0.0	1160300395.8321648	1160300395.8321648	0.0009634433553730207	-1148448.4617876878	1.0988958673375304e-05	1.4022290996179636
5548.5000000383025	0.0	29738623000.93209	29738623000.93209	9.789239532486596e-05	110.34582221010623	4.214591569457988e-06	-11.455171725239616	0.49447693596819353	79271.80433882165	0.0	843870510.6876072	843870510.6876072	8.017854400953117e-05	1040327.0465891581	1.6946311457064885e-05	0.11717362627603924	0.0	1160299121.8720634	1160299121.8720634	0.0010024177649920166	-1161414.2362286723	1.1022948964296314e-05	1.4589868321393997
5589.000000040414	0.0	29738566689.723606	29738566689.723606	0.00010320562086660803	153.3333880683988	4.126748017918611e-06	-11.497404153354633	0.5209344323028104	77720.71302210065	0.0	843869944.9511431	843869944.9511431	4.0768912789866505e-05	1036936.2054507929	1.6271961671554334e-05	0.05925548972053919	0.0	1160298306.8949518	1160298306.8949518	0.0013526349734321653	-1170834.9597042094	1.1133632415899386e-05	1.9707828574155222
5629.500000042526	0.0	29738590785.39152	29738590785.39152	0.00012800225875718376	253.09997983668265	4.24716584270328e-06	-11.484125399361023	0.6466909975570598	79731.73863339817	0.0	843866704.5841477	843866704.5841477	5.0777382601785986e-05	1182789.6290108964	1.679291966595775e-05	0.07390925256786185	0.0	1160297290.976387	1160297290.976387	0.00274968623550573	-1198041.1681636788	1.1413572582803186e-05	4.004525883096072
5670.000000044638	0.0	29738560358.677654	29738560358.677654	0.0002587870644599801	542.6296476478649	4.268717229927799e-06	-11.541433706070288	1.306152721137961	79865.89947206763	0.0	843874119.3717527	843874119.3717527	0.00031737220893701375	1107552.1534993718	1.6346547840444534e-05	0.46249369265107676	0.0	1160299759.5698483	1160299759.5698483	0.0024944055494977198	-1330639.7681494625	1.195071422204148e-05	3.634238451023635
5710.50000004675	0.0	29738548447.150963	29738548447.150963	0.00026410771234656707	-140.56467400551577	4.347484766618601e-06	-11.548123003194888	1.3346825683697572	81550.73147255267	0.0	843872130.1184895	843872130.1184895	0.00019646492937196118	1086815.4683365633	1.7650890390390543e-05	0.28630663626483865	0.0	1160301031.3781066	1160301031.3781066	0.00037479439685289225	-1144706.27412273	1.1662731021387359e-05	0.5462894473837591
5751.000000048862	0.0	29738581353.275486	29738581353.275486	9.92005295491165e-05	233.78749593320663	4.330045691354322e-06	-11.488119009584665	0.5011637290376255	81451.54356266806	0.0	843863055.6143999	843863055.6143999	0.00017593636399315643	938355.7890944679	1.7373547816152468e-05	0.2563259746909447	0.0	1160299363.026177	1160299363.026177	0.00043123128890484093	-1125005.1285001067	1.1239030948660227e-05	0.6285951060643624
5791.5000000509735	0.0	29738504103.865658	29738504103.865658	0.00010147179716370918	158.0178047795511	4.2726144991480204e-06	-11.566393769968052	0.5135828723079711	80422.53680556364	0.0	843872093.1369019	843872093.1369019	0.00018267190778354446	681112.005918425	1.727537163266576e-05	0.2673570335781956	0.0	1160297412.2532976	1160297412.2532976	0.0003806811877507453	-1128656.608181132	1.1349322116503282e-05	0.5551074768196175
5832.000000053085	0.0	29738558989.02782	29738558989.02782	0.00013027299846021825	-151.2485248265645	4.33170943323888e-06	-11.494708466453675	0.6588382288376162	81455.19336551148	0.0	843878894.207595	843878894.207595	4.040692249532795e-05	1035945.5890226539	1.772795011358945e-05	0.05884456673050887	0.0	1160294750.5581646	1160294750.5581646	0.00041739088955208137	-1120437.143458426	1.1545711705946478e-05	0.6090429382069267
5872.500000055197	0.0	29738597734.603313	29738597734.603313	8.92865866225555e-05	25.786830465280897	4.229077401861484e-06	-11.451277955271566	0.4524568654501564	79627.50639653445	0.0	843868910.210021	843868910.210021	3.779046481675452e-05	1178440.5702009457	1.6824208335890437e-05	0.05528708214987831	0.0	1160292762.2073808	1160292762.2073808	0.0006790693602002982	-1172646.0814596266	1.1197633060902351e-05	0.9914092942674886
5913.000000057309	0.0	29738565279.995987	29738565279.995987	9.51412997312155e-05	348.19186468362625	4.169752648660246e-06	-11.485922523961662	0.4820280038503384	78371.77653091092	0.0	843868523.4791975	843868523.4791975	0.00011506386560852887	1177501.7946310914	1.6272614107680357e-05	0.16867191870573012	0.0	1160292840.6527317	1160292840.6527317	0.0008698979088158536	-1228674.970712129	1.1382315039595838e-05	1.2694781285359682
5953.500000059421	0.0	29738523456.88492	29738523456.88492	0.00010506180557712549	134.24931455723666	4.2840845338038e-06	-11.523562300319488	0.5326385559685641	80504.20035245224	0.0	843861116.9945832	843861116.9945832	0.0002804173944935966	946383.5152194672	1.6574993950803354e-05	0.4107760479557409	0.0	1160293252.615821	1160293252.615821	0.0004989571243903712	-1148201.9167383816	1.1820978369728385e-05	0.7282746705282571
5994.000000061533	0.0	29738480521.133194	29738480521.133194	0.0001119629238996889	288.90246213564353	4.322260897974467e-06	-11.59564696485623	0.5640684559594096	81335.27430192244	0.0	843871582.9217912	843871582.9217912	0.0001906406842975345	954063.4172344082	1.7052432133571374e-05	0.27350331457880817	0.0	1160291314.4839947	1160291314.4839947	0.00044310642902126363	-1110110.0406524409	1.1950741338240032e-05	0.6466128683559612
6034.500000063645	0.0	29738511714.62702	29738511714.62702	0.00022093022370283055	62.27475963317179	4.510326447499086e-06	-11.558905750798722	1.1101436380576661	84653.950053848	0.0	843864581.0717492	843864581.0717492	0.00014150782241559296	862003.2237508238	1.798359561177923e-05	0.20097769566669085	0.0	1160288653.6499314	1160288653.6499314	0.0007570668103712275	-1092888.8672259217	1.2161244300493805e-05	1.104912519294357
