3.2539753037467922
Time 	 Eb 	 Ea 	 Ep 	 phi_d 	 phi_z 	 KED 	 MLD 	 K 	 E_k 	 Eb_D 	 Ea_D 	 Ep_D 	 phi_d_D 	 phi_z_D 	 KED_D 	 K_D 	 Eb_U 	 Ea_U 	 Ep_U 	 phi_d_U 	 phi_z_U 	 KED_U 	 K_U 
944.9999999967719	29738268664.425564	3050329.6796195507	29741318994.105183	0.0005212519725437395	-1430.1061256427088	5.620820126972419e-06	-8.714756389776358	2.639791917517842	105753.86624326545	2072574752.0338504	37710.35037386604	2072612462.3842242	0.00159228575182141	1724487.2920736396	1.650222307118016e-05	3.628608935639988	2849615076.0838203	9023.472607171163	2849624099.5564275	0.002916144141127959	-1648383.863063019	9.572692250094698e-06	6.648708778939393
985.4999999965816	29738001271.167763	3232431.5108344853	29741233702.678596	0.00034171755205203436	-944.1776951255586	5.649722473191164e-06	-8.797923322683706	1.7305437918435753	106110.71950584024	2072554482.0979104	38497.1143353167	2072592979.2122455	0.0012545691138169152	1732513.7534977635	1.6820298642484113e-05	2.8618875923130376	2849603334.666413	8957.304960653186	2849612291.9713736	0.002744499261659471	-1646573.8333851963	9.441172203804118e-06	6.25642540469046
1025.999999996429	29737957517.168236	3196158.4974439745	29741153675.66568	0.00023092565866110064	-312.4255505150771	5.615683889925878e-06	-8.886581469648561	1.1667985943229926	105462.5495195566	2072535714.0568419	42186.06668945867	2072577900.123531	0.000675463306407925	1721155.7161069843	1.675959952117845e-05	1.5302528305320646	2849591713.5052147	8851.333273259923	2849600564.838488	0.002787350606467523	-1640997.4297808367	9.303590006062274e-06	6.353063972999204
1066.4999999970062	29737796303.825905	3272967.46667257	29741069271.292572	0.00023071447085426698	-1243.758915123135	5.533231040835688e-06	-9.003294728434504	1.169332519209632	103954.09866597423	2072518077.01082	41938.24739089655	2072560015.2582107	0.0006617576359183625	1735995.603396974	1.6421087469606283e-05	1.5154835898010808	2849579723.7592077	8802.872248852625	2849588526.6314564	0.002405146775432198	-1660584.8382447215	9.146711482385162e-06	5.481085112759049
1106.9999999975832	29738073577.82272	2916500.004553795	29740990077.82727	0.00041686376065587266	-2388.8603311872835	5.582790842404829e-06	-9.091653354632587	2.1128026792643055	104666.51184848721	2072499971.453916	44719.439779821776	2072544690.8936963	0.000848906366008862	1756806.5147364084	1.6984009959690487e-05	1.9412813970784193	2849566956.235692	8914.722840541042	2849575870.9585323	0.003863893515138279	-1698547.9787046614	8.974208814339739e-06	8.804031342031523
1147.4999999981603	29737944736.56088	2959507.0825107996	29740904243.643387	0.00044065708128652943	-3319.822443182165	5.498252390564127e-06	-9.199181309904153	2.2293886818679236	102998.62077376831	2072481199.5506606	44733.467171206605	2072525933.0178318	0.000919746240246869	1766973.1481747841	1.6649108068132306e-05	2.0972207755342294	2849554635.4177265	8996.630345895886	2849563632.048072	0.004124076325800946	-1690338.993183128	8.837650952764762e-06	9.395576662999858
1187.9999999987374	29738432051.599026	2390970.156405598	29740823021.75543	0.0003880174106985016	21.57841321562744	5.403202581855964e-06	-9.308306709265176	1.9630239162975665	101587.00133395397	2072464870.4859724	48489.57125545386	2072513360.0572278	0.0006822668010189983	1791895.0544038394	1.6131828945994165e-05	1.554398823883357	2849543256.959104	8944.756371500902	2849552201.7154756	0.003329104736205868	-1671830.35948766	8.719453800156675e-06	7.583398172979378
1228.4999999993145	29738432936.655125	2329222.714861244	29740762159.369987	0.00010798651592572854	-1682.8016183134307	5.305449062144106e-06	-9.39486821086262	0.5444321137370751	99871.77846291772	2072449407.0103178	50487.51470428472	2072499894.525022	0.00019171797612439672	1685479.1397287173	1.57036833854914e-05	0.43415808950363677	2849532092.8057303	9011.657366100699	2849541104.4630966	0.0008447740250714672	-1660554.6413241613	8.601849948239627e-06	1.92241638597488
1268.9999999998915	29738554143.827324	2104020.5050835907	29740658164.332405	0.00032568375028145676	-1226.551830431126	5.395920391171508e-06	-9.505291533546325	1.6300747554259896	101329.22082152982	2072424887.31179	49767.066129006445	2072474654.377919	0.0006256743716253005	1730647.4670489838	1.6462721573412376e-05	1.3889508218728777	2849521076.7405677	8921.735660663806	2849529998.4762287	0.0006226103214363754	-1657128.5458699206	8.480282558087183e-06	1.4175471126829455
1309.5000000004686	29738614270.31395	1983856.2557694616	29740598126.56973	0.0002191321697325018	3091.330889081935	5.254410288143089e-06	-9.633785942492013	1.0852203378583594	98968.5734834741	2072410873.5271888	54339.67381608905	2072465213.2010052	0.001198660222138183	1756629.6721741983	1.5667866654750373e-05	2.631428673941583	2849510012.3698845	9066.954825568479	2849519079.32471	0.00012369174665142248	-1657101.0212714677	8.367178128197664e-06	0.28136105365882225
1350.0000000010457	29738705626.98076	1806792.6043484511	29740512419.5851	0.0002410620307433648	-3218.45285108906	5.153301196816798e-06	-9.740115814696486	1.1980488819081174	97097.35936601477	2072374642.5025065	52414.448747260496	2072427056.9512534	8.211811219940228e-05	1801733.0598094135	1.5231769020017248e-05	0.18051477578529918	2849498978.9848185	9164.601278527174	2849508143.586097	9.610255367010917e-05	-1670971.4380959119	8.247782714434181e-06	0.21861065559662635
1390.5000000016228	29738779192.91069	1609513.2127006652	29740388706.12339	0.00012438226985593515	5347.588596382606	5.186605346213301e-06	-9.853134984025559	0.6051778362161783	97503.92808319876	2072370709.4787047	50046.2514711311	2072420755.730176	9.476831649818734e-05	1734804.0939368769	1.5485297877080544e-05	0.20210837425238218	2849487972.4721317	9411.969304270577	2849497384.441436	9.042370705368951e-05	-1690472.7371273097	8.131198883010034e-06	0.2055550287462313
1431.0000000021998	29738815313.681458	1519231.7282194495	29740334545.40968	0.00031890934546342905	-5907.470612102783	5.132045045658688e-06	-9.957168530351439	1.5809671229377162	96369.26017918834	2072339887.817331	50014.095335632795	2072389901.9126666	0.0004291009570010072	1785283.1427966878	1.5484964824899688e-05	0.9463196507629229	2849477248.8058643	9551.679213539697	2849486800.485078	8.772638341306495e-05	-1705281.3959683375	8.024004287711182e-06	0.1994293789476582
1471.500000002777	29738884037.29145	1342905.451202929	29740226942.742653	0.00023114184123472365	-1601.8588486222025	5.074227505505299e-06	-10.086361821086262	1.1486036402744806	95368.38684883624	2072311508.2055907	48752.71725950203	2072360260.92285	0.0006615272157274052	1713153.8791083153	1.5144627174005585e-05	1.4628474748982256	2849466615.3196054	9826.555826780852	2849476441.875432	7.680100712492188e-05	-1717136.4715015334	7.926832534271752e-06	0.17443674202820536
1512.000000003354	29738994873.514557	1114550.6534523666	29740109424.16801	0.00015815654140908484	-2732.131181178461	5.095496700898957e-06	-10.16753194888179	0.7885138183625227	95857.96431293689	2072292685.708737	45345.932982548606	2072338031.641719	8.005965316880381e-05	1812657.4675580095	1.5481317834272396e-05	0.17835258174452848	2849456305.8979053	10107.796443291474	2849466413.694349	7.359064680725571e-05	-1722152.9585778913	7.839273215191235e-06	0.1670957734804007
1552.500000003931	29739083101.733036	957736.4816370606	29740040838.21468	0.00014594624502425424	7085.905355762634	5.067444125560384e-06	-10.231230031948881	0.7316277722003567	94899.92326141198	2072290568.7048821	46698.8219362502	2072337267.526818	9.273855373848573e-05	1843460.0541406015	1.5324173251008033e-05	0.2089959711119657	2849446448.5371666	10330.904290010221	2849456779.441457	0.00019557843813814918	-1713689.8900214084	7.763740409482782e-06	0.44404453140564476
1593.0000000045081	29739421949.006332	573710.598470062	29739995659.6048	0.00019201146483517192	-6066.838637556748	4.886020642844642e-06	-10.266373801916933	0.9570565810026435	91789.62745961515	2072257717.3039799	45385.55966280168	2072303102.8636425	6.709463217228835e-05	1638928.665167974	1.4354861940556784e-05	0.14860474702055587	2849437155.7306356	10631.077416225335	2849447786.8080516	0.00027234129939966554	-1705353.2965799142	7.692145541134781e-06	0.6180667319818184
1633.5000000050852	29739287278.76314	599275.3927169889	29739886554.155853	0.00012635135795366738	862.8286139208582	4.920895523267715e-06	-10.34085463258786	0.6253084179227976	92346.09160229625	2072256477.522118	45213.02806585422	2072301690.5501842	0.00021412154615764266	1568225.945418673	1.4471285653395663e-05	0.46888011398946045	2849428136.0427675	11022.311937636228	2849439158.354705	8.408259089932811e-05	-1703747.3290010397	7.620548101475173e-06	0.19063144926926967
1674.0000000056623	29739378428.803925	476582.410815686	29739855011.214745	0.00015414815488756586	-8054.943477575926	4.754390052107853e-06	-10.418929712460065	0.7700508759414412	89576.70396900462	2072252690.3439152	48290.703436261974	2072300981.0473516	7.226551154477666e-05	1715520.9590202742	1.3768390301151136e-05	0.1615954265045166	2849419297.1500053	11354.30989894783	2849430651.4599047	0.00011903195847820668	-1726374.153667986	7.539498807701233e-06	0.26981067979803675
1714.5000000062394	29739429052.17285	384268.68769428134	29739813320.860542	0.0001743759946788856	-3661.5033252632497	4.890380675302248e-06	-10.430211661341852	0.8734021629150719	91876.60212238287	2072221614.449579	41992.31646136148	2072263606.7660403	0.00011774085089267524	1632243.4181833218	1.4485777527223547e-05	0.263492976100716	2849410351.1976047	11777.73228985723	2849422128.929894	0.00029455286680344934	-1755266.9814256239	7.459955551756783e-06	0.6675517210024665
1755.0000000068164	29739368168.147507	344126.79447486997	29739712294.941986	0.0001114789456465003	-2736.0081826275773	4.886979486268218e-06	-10.51138178913738	0.5578350364341194	91402.80845422449	2072232478.5908825	43689.022007342886	2072276167.6128895	0.00010066238716978371	1498046.3791557276	1.4675245318898306e-05	0.22550675609187387	2849402030.8683357	12215.535536613315	2849414246.4038725	0.00036384964969348	-1755926.7217833733	7.397507993535476e-06	0.8242567128972216
1795.5000000073935	29739364032.112144	359002.6433107555	29739723034.755455	0.000126707152070048	-7944.196345122937	4.772808725697664e-06	-10.487020766773163	0.6360972683842744	89878.66471215426	2072222693.6899033	47833.7536712843	2072270527.4435744	0.0001236585700035794	1657739.2137303406	1.4214417368841624e-05	0.2799876525920613	2849394731.5001545	12467.184493131004	2849407198.684648	0.0005860662247903476	-1740671.7842318479	7.346503032814214e-06	1.3270895310032162
1836.0000000079706	29739670836.802826	-1432.9047534614801	29739669403.89808	0.00023300875707148855	412.9328862452228	4.690970255663564e-06	-10.563298722044728	1.1635744482825812	88580.45773553578	2072196739.0425856	53073.44433627883	2072249812.4869223	0.0004322540988082174	1598104.533368395	1.3677771067230496e-05	0.9747590353386089	2849388120.895133	12764.354026964866	2849400885.24916	0.00018524419991544958	-1729258.0916334253	7.3175752940486845e-06	0.4189546466393174
1876.5000000085477	29739793782.74576	-201978.42442038658	29739591804.321346	0.0003788048219689333	14.7726445232973	4.666807904677602e-06	-10.655451277955272	1.8607104762931699	88107.34279304478	2072207378.19594	54469.00350753963	2072261847.1994479	0.00042145855375021256	1588772.6184986741	1.3721419054867026e-05	0.9111524285558603	2849381599.1679945	12978.984062871894	2849394578.152057	0.0002623643848068449	-1737853.8738308097	7.269291452471177e-06	0.5935288157320322
1917.0000000091247	29739724162.26858	-116850.44205775857	29739607311.826523	0.0003600348971081936	159.13988802958877	4.846452740653596e-06	-10.70257587859425	1.7472508736664245	91117.4409329496	2072190666.2527406	51192.62272142083	2072241858.8754618	0.002900474756236497	1728223.8154659548	1.4840927110700292e-05	6.155355947735359	2849374689.727803	13530.805306360591	2849388220.533109	0.00012405647021369154	-1751128.4815332578	7.222031862986925e-06	0.2798764090371168
1957.5000000097018	29740018110.483074	-509721.47754366696	29739508389.005527	0.0002459717483124981	104.18894070441183	4.71286420990649e-06	-10.778953674121405	1.2005963516795402	88670.50114080269	2072177626.295863	42812.92439751746	2072220439.2202606	5.1178799864191445e-05	1561166.8914867796	1.3775627767793657e-05	0.10933075587091615	2849367444.9228935	13612.852570904419	2849381057.775464	0.00010802448289725613	-1763777.9195365217	7.182783430022949e-06	0.24371431479472955
1998.0000000102789	29739502696.753075	3916.340805694461	29739506613.093872	0.00022943586798786697	247.6727011443137	4.5749771248945835e-06	-10.799920127795527	1.13655688636124	86173.02406348186	2072193298.5415664	49958.932375598466	2072243257.4739418	0.00014793097990558807	1644239.010899059	1.3246980389249363e-05	0.3266293423950651	2849360154.5164375	13804.980341728775	2849373959.496779	0.0001323218048374286	-1777453.0341824382	7.145451918445466e-06	0.2990468850507195
2038.500000010856	29739381999.473858	99240.96960519254	29739481240.44346	0.00030069256536290816	-82.50844361734102	4.5366762531171864e-06	-10.83326677316294	1.4907335297302882	85460.86816437918	2072178142.2862685	44963.2312187869	2072223105.5174873	0.0006212111699745062	1512259.8382099604	1.2940510437699666e-05	1.3788868839946613	2849352932.408796	14134.414535418153	2849367066.8233304	0.00011054159987939594	-1783261.0929381489	7.115309068865902e-06	0.24980718997421314
2079.000000010258	29739421652.59999	8495.375270932913	29739430147.97527	0.00011410473154444328	136.3474760885673	4.580639480461504e-06	-10.854832268370608	0.5659748611420327	86038.24775042216	2072165169.133696	39294.57581115537	2072204463.7095075	4.005398544747337e-05	1719742.774520694	1.3418251109676964e-05	0.08910542977588692	2849346184.7339406	14462.766637453808	2849360647.500578	9.301546048248388e-05	-1791179.3588469992	7.088773653533224e-06	0.21011115848817402
2119.5000000093005	29739505064.455303	-125719.15174077453	29739379345.303566	0.0001606872258830563	166.12626779139975	4.52475321442906e-06	-10.867911341853036	0.8017657060931153	84977.49566100589	2072153683.3536637	43510.59403883409	2072197193.9477026	4.9464519740632855e-05	1788192.152329538	1.3021950805007817e-05	0.1114578534545454	2849339898.3777976	14740.041856210679	2849354638.4196544	0.00017536882291427895	-1798528.525432764	7.064480111206579e-06	0.3960481395407775
2160.000000008343	29739499052.49487	-139927.46406839788	29739359125.0308	0.0001657321900576013	56.895232839715945	4.506603620035885e-06	-10.888478434504792	0.8271564108836121	84595.97400936746	2072164645.4217408	40877.648959991515	2072205523.0707011	8.842803209365724e-05	1550442.8775305531	1.2782361491693823e-05	0.19869791963584432	2849333714.53454	15025.262937196996	2849348739.7974772	0.00023699551070639622	-1802252.210600195	7.039462830912358e-06	0.5351557449036483
2200.500000007385	29739490669.523193	-175887.54785734415	29739314781.975334	0.00013815312293509655	191.3180327553065	4.514651167255697e-06	-10.874201277955272	0.6918218483457422	85001.49754629273	2072149177.2779202	44640.0338429003	2072193817.3117638	7.666267754775376e-05	1485757.3647283525	1.2966033065799462e-05	0.1742377250725987	2849327177.0639057	15336.038236713035	2849342513.1021423	0.0002813063002037928	-1812243.8042076882	7.018071034818553e-06	0.6350702140168437
2241.0000000064274	29739552328.25856	-243685.2540345639	29739308643.00453	0.00018333104259075594	-45.21764690743187	4.486957516422272e-06	-10.859325079872205	0.9179436537768246	84588.66438995521	2072150690.4044623	42931.84731946955	2072193622.251782	0.00017270733755945708	1778093.4345751978	1.277599758897096e-05	0.3918857773177386	2849320880.4595222	15725.700079907661	2849336606.159602	0.0001854490283642601	-1829811.04948206	6.990426804082495e-06	0.41858672933075136
2281.5000000054697	29739780828.460957	-501197.99561990803	29739279630.465336	0.00011523039837772768	40.76412257588598	4.5093741006332774e-06	-10.905151757188499	0.5774840916406316	85001.88417160753	2072130489.82512	39279.86811908148	2072169769.693239	7.071692328191669e-05	1857339.9745386376	1.2656087785250247e-05	0.16030479297808273	2849314521.104901	16208.67706897715	2849330729.7819705	0.00021260779653639746	-1852200.0593285682	6.971606339086873e-06	0.47980613653183335
2322.000000004512	29739394965.459248	-195117.6037784517	29739199847.855473	0.0001396383154412189	-120.49073175681897	4.442374970080073e-06	-10.98482428115016	0.6990237952097236	83791.68971042271	2072130561.0973325	36035.32051615976	2072166596.417849	0.00010804880368312657	1450911.4936816534	1.2465677409838303e-05	0.24522554231844604	2849308071.81179	16833.59533093497	2849324905.4071217	0.00025325224152575364	-1869616.578203807	6.955268893765305e-06	0.5714524718173128
2362.5000000035543	29739367526.62432	-190820.9348551929	29739176705.68947	0.00013976511777200078	152.1561809998881	4.342102424957302e-06	-10.952276357827476	0.7009266696492973	81903.62129441436	2072130135.7006845	37853.01749229198	2072167988.718177	0.00018886888372798664	1662666.777273303	1.1939388331085054e-05	0.4311664641122186	2849302201.619114	17440.664583724923	2849319642.2836976	0.00024200681297033766	-1866666.5439278788	6.943626932578196e-06	0.5460104365551973
2403.0000000025966	29739339809.10431	-159846.2574467063	29739179962.846867	0.00014920215821293833	148.61438588571525	4.361007718540457e-06	-10.957767571884984	0.748813236171167	82177.77419458407	2072120220.801138	42453.77569961129	2072162674.576838	0.00017926206767647203	1625354.575021979	1.1900191813956482e-05	0.41032767918457175	2849297291.5177507	17879.98370935861	2849315171.50146	0.00024821130346730535	-1858981.3446860022	6.934509981789686e-06	0.5599264899077567
2443.500000001639	29739511411.025867	-375931.73352843523	29739135479.29234	0.0001308493000633153	15.62800421434555	4.302827701618019e-06	-10.974341054313099	0.6559827118297478	81214.33140523458	2072133952.9334009	42582.49451559037	2072176535.427916	0.00010807052470908455	1457496.1443847804	1.1704308856401548e-05	0.24685891449834138	2849293030.6536846	18136.521427707048	2849311167.175112	0.00023366887591757946	-1867325.9237138915	6.917552690980755e-06	0.5270538330210697
2484.000000000681	29739453660.542694	-274910.20640179515	29739178750.33629	0.00011659350324244424	23.462973178140402	4.266379914908519e-06	-10.88738019169329	0.5849750186928407	80763.28275828455	2072139137.9622293	41475.75304265786	2072180613.7152717	8.576574949979941e-05	1874644.095032538	1.1438517557942832e-05	0.1962138349212954	2849287982.677638	18611.991427540546	2849306594.6690655	0.00023295228678145338	-1880293.01828472	6.901335374038746e-06	0.5253938323161681
2524.4999999997235	29739519874.97713	-311608.5236194432	29739208266.45351	0.00013482289625994497	162.87607204099086	4.245989117951474e-06	-10.817891373801917	0.67642186892514	80165.76095480777	2072134527.9848976	42261.688415848184	2072176789.6733136	0.00011077649512362454	1910404.9194389202	1.1168859707636043e-05	0.2533611161449343	2849283150.3748736	19036.884515402835	2849302187.2593894	0.000236832392271357	-1888576.7429627737	6.889406269251028e-06	0.5341049471403823
2564.999999998766	29739418885.052376	-283372.756472677	29739135512.295906	0.0001476981429783117	95.87297960741422	4.221188894748586e-06	-10.887480031948881	0.7411198775035084	79643.77571496362	2072117398.11338	40650.10878781276	2072158048.2221675	0.0001462677679240085	1529517.0457861596	1.0879209645691878e-05	0.3346547964621149	2849278521.777729	19427.32344174338	2849297949.10117	0.0002507976833306701	-1888314.8633502615	6.882507317936756e-06	0.5655825454378616
2605.499999997808	29739402226.673645	-317464.3544292301	29739084762.319218	0.000125637159164874	-33.117356930805144	4.180967681920722e-06	-10.923522364217252	0.6298914729885495	78969.79478280197	2072141491.3459368	42120.84009579476	2072183612.1860325	0.00017122764762407427	1429866.526421251	1.1038158686074389e-05	0.39018085251260065	2849274073.3325715	19801.941440848863	2849293875.274012	0.0002653566855638228	-1882845.0899890643	6.8753131107998375e-06	0.5984169521337194
2645.9999999968504	29739394368.25305	-243666.1695404649	29739150702.08351	0.0001287280345347155	80.71538182499124	4.235703677195332e-06	-10.838658146964857	0.6454668947223104	79838.98533395973	2072145835.4434638	41134.10469942935	2072186969.548163	0.00014029478781540241	1847127.657189393	1.1401583551586825e-05	0.3197315928855027	2849269828.451807	20153.819876872934	2849289982.271684	0.00026228833907546124	-1878714.924033501	6.864833843913136e-06	0.5914713626127761
2686.4999999958927	29739532598.724308	-376122.68682560325	29739156476.03748	0.0002093220235420527	143.0066428955355	4.233913239413928e-06	-10.847044728434504	1.049931354246324	80040.43799460944	2072135711.7157874	44077.69446708751	2072179789.4102547	0.00013837099114194084	1848625.035588894	1.1199316528846976e-05	0.3169633433568924	2849265704.370417	20497.421325896867	2849286201.791744	0.00025751053989588675	-1876966.8969149801	6.856487876348041e-06	0.5806898982312648
2726.999999994935	29739850188.12027	-736870.7046886384	29739113317.415585	0.00015779251360391653	95.35301816167105	4.211449421096015e-06	-10.899361022364218	0.7849177928721108	79580.16037790227	2072139937.402262	46988.85290739242	2072186926.2551694	0.00014235909226242646	1669066.0500412504	1.1246119904869017e-05	0.32052120973507403	2849261566.4864855	20945.274786442053	2849282511.7612724	0.00013391476218950848	-1875621.4534496826	6.847188057009741e-06	0.3017313828414763
2767.4999999939773	29739842426.59431	-719136.8130473198	29739123289.78126	0.00027236147995231817	-154.4768161855863	4.187574115769848e-06	-10.914436900958467	1.3511517983189325	79290.60846030325	2072144687.0167186	43007.40773650631	2072187694.424455	9.943575361221616e-05	1810743.965226146	1.111448395916733e-05	0.21918006067331275	2849257633.5306873	21216.538268175438	2849278850.0689554	0.00019000084115818687	-1880316.3486660824	6.838694081585939e-06	0.4284524557267551
2807.9999999930196	29739472880.606808	-356013.31755048037	29739116867.28926	0.00011687603646615906	151.6397321678989	4.153360731047429e-06	-10.908346645367413	0.5835284963588674	78726.9924173562	2072141942.1078396	39308.18825364346	2072181250.2960927	9.666148734439081e-05	1739296.271180293	1.0693072861879464e-05	0.2173910610807118	2849253570.580525	21563.860414532013	2849275134.44094	0.00023571515506551444	-1887453.0125121467	6.834943594165204e-06	0.5315439689118431
2848.499999992062	29739644492.854385	-555732.6354958713	29739088760.218887	0.00013526868024245643	150.7350795397502	3.976945905583658e-06	-10.97444089456869	0.6759764344952378	75567.92189976935	2072152155.4902456	42309.86594165954	2072194465.356187	0.00010888521881381053	1612743.4475452788	9.693796719658143e-06	0.24638762777882017	2849249383.8755426	21958.43246812583	2849271342.308011	0.0002947427023185863	-1893485.1688428128	6.841071599247494e-06	0.664610029313855
2888.9999999911042	29739623465.8976	-488753.19617661834	29739134712.701416	0.00014275360489994482	94.43997971058087	3.973011428893306e-06	-10.90625	0.7138895054140487	75433.4768261289	2072149314.6771839	41729.17161829117	2072191043.848802	0.00014198931692149425	1893123.0838029967	9.743210887152953e-06	0.32280631590530556	2849245185.7119193	22348.080637878273	2849267533.792557	0.0002820160532108863	-1902124.0163064287	6.828208108279903e-06	0.6359622187067245
2929.4999999901465	29739677960.448837	-593885.4520193338	29739084074.996815	0.00011796521052331571	110.43299129509919	3.990974232300013e-06	-10.948083067092652	0.5892482181701791	75781.84380295218	2072139382.3791547	40845.285332556814	2072180227.664487	0.00013545534038293943	1686589.5139888884	9.818410419838888e-06	0.30704869780904764	2849241168.258268	22669.448457904622	2849263837.7067256	0.0002680343058820518	-1909548.6286919063	6.848340603099106e-06	0.6043332987951198
2969.999999989189	29739651215.1075	-599253.4858827591	29739051961.621613	0.00013755060565395368	-17.500356128864915	3.992764567643468e-06	-10.933107028753994	0.6885877633151216	75700.82670497429	2072135216.3080392	39448.38059589127	2072174664.6886349	0.00012099304437587045	2070905.5241341365	9.673733779436518e-06	0.2759835275846876	2849236822.852358	23037.153124219738	2849259860.0054817	0.0003094574399210841	-1911932.2030096692	6.879356676456558e-06	0.6976488503204136
3010.499999988231	29739881358.869892	-820963.6993107498	29739060395.17059	0.00013603508137833604	120.57983658675764	3.971786137934198e-06	-10.941593450479234	0.6816001334602726	75095.65098744669	2072140546.171792	40050.69553232565	2072180596.8673239	0.00013002679343364045	1646061.0506634987	9.564787335951547e-06	0.29704123116201914	2849232883.4888864	23273.987731941976	2849256157.4766183	0.00031398183239959604	-1915575.0327720698	6.883738920712447e-06	0.7079162790854382
3050.9999999872734	29739939290.767246	-935804.9078271241	29739003485.859417	0.0001249114653619667	52.684147121093375	4.024616896431498e-06	-11.006988817891374	0.6261532452258627	75841.91581895889	2072137557.966569	38418.77541638142	2072175976.7419853	0.00012731711711400865	1867639.074172422	9.673195691046826e-06	0.29117143201061346	2849228983.821598	23456.71098720352	2849252440.5325856	0.0003210831734824523	-1907947.5258706943	7.003620240737833e-06	0.7236962219543106
3091.4999999863157	29739939890.601448	-950028.0185487717	29738989862.582897	0.00013111536189143024	194.11119986117242	3.986348949218741e-06	-10.995806709265176	0.6573703596060774	75291.25155886196	2072132441.9627337	39295.84432377945	2072171737.8070576	9.020077164008744e-05	1889127.7087680562	9.514447359692924e-06	0.20650326911833147	2849224624.756992	23764.57100445358	2849248389.327996	0.00029892047753471104	-1910764.0792357705	7.052926854691925e-06	0.6737278604898974
3131.999999985358	29739804390.81245	-813375.2373438479	29738991015.575104	0.00011819876143083164	54.501076478319845	4.003162079354207e-06	-11.00469249201278	0.5897855890830994	75711.47888760446	2072118201.3536975	40103.361998002976	2072158304.7156951	7.779544447033212e-05	1993126.9524559171	9.374455175548702e-06	0.1741178571152757	2849220650.3033466	24106.635468652006	2849244756.9388156	0.0002333699585223881	-1912052.969745468	7.150456289379364e-06	0.5260461290604038
3172.4999999844003	29739509240.31538	-574134.1054258645	29738935106.209946	0.000155307854845754	12.965224944267984	4.082530636145474e-06	-11.054512779552716	0.7778444758942759	76825.96946626874	2072114089.7676668	33985.98120195139	2072148075.748869	8.700265753632352e-05	1799107.3601348116	9.637148913407705e-06	0.19645162434516306	2849213426.897478	25668.79434036859	2849239095.691819	0.00030273623358820115	-1889110.4676554203	7.313163232079272e-06	0.6828622083808071
3212.9999999834426	29739703747.28851	-799992.0171200335	29738903755.271393	0.0001263990040698828	268.1510093062693	4.096686950436865e-06	-11.107228434504792	0.6349117868787865	77017.01376848595	2072118277.2118478	32931.81611131248	2072151209.0279593	5.789086703279954e-05	1875238.3945874828	9.936171512795925e-06	0.13075572080587264	2849206900.1211815	28138.68707381515	2849235038.8082547	0.00043089010369868523	-1922029.1465132753	7.268927728689985e-06	0.9736262174751401
3253.499999982485	29739383705.606823	-468314.10964679724	29738915391.497177	0.00017629825285480583	237.12237897358975	4.217636597028357e-06	-11.09285143769968	0.8859522271120002	79424.78999970653	2072126961.1468096	35776.65242139087	2072162737.799231	7.00008381010129e-05	1896950.753752279	9.840013750790853e-06	0.1583123716131742	2849198723.9420004	32811.00096289907	2849231534.9429636	0.0010340758419102106	-1959984.6602360192	7.78302028142637e-06	2.3363115694131578
3293.9999999815273	29739355465.568604	-432193.74131596094	29738923271.827293	0.00026355650726639027	527.7781862076358	4.1365682841549825e-06	-11.127695686900958	1.3212001334425156	78007.42871985857	2072122645.2052464	43317.55673142988	2072165962.7619777	0.00025629833924605325	2040154.474273206	9.284980440716625e-06	0.5785565261090513	2849199914.8858576	35022.293130681384	2849234937.1789885	0.004760288696200973	-2126945.341988652	7.830582991206683e-06	10.770791247487693
3334.4999999805696	29739663104.226288	-749365.6485089362	29738913738.577785	0.0021759604076097396	93.08540083051126	4.157820200870085e-06	-11.139676517571885	10.874600165169733	78369.239304377	2072126900.4783275	40064.01167740673	2072166964.4900048	0.00029067434317283514	1820114.984580574	9.767797823789357e-06	0.6524624568425355	2849191822.2778172	42910.05326313804	2849234732.3310795	0.11652505634758584	-1977562.5285149105	7.650533312221072e-06	261.46979241489237
3374.999999979612	29739083517.87152	-178384.45455750826	29738905133.416958	0.0007905389452504588	438.5644996987184	4.131562713072255e-06	-11.167332268370608	3.979966873625699	77774.29212530739	2072127964.9751937	49131.219009170774	2072177096.194203	0.00464800616225707	2314832.363257548	1.0340443870801035e-05	10.485308382658731	2849204370.2379975	38376.93110472941	2849242747.169102	0.005638507159570074	-2416628.556745454	7.1877829754289856e-06	12.818538454795087
3415.499999978654	29739085486.802402	-123163.54707545042	29738962323.255325	0.0013173087229958812	373.377804795515	4.082471716784142e-06	-11.118610223642172	6.631306257915856	76970.58473704995	2072095217.8254004	67591.61065755435	2072162809.4360576	0.004832086029057349	2028406.613441334	9.866394819779396e-06	10.820642876178244	2849229970.983362	30675.921289784368	2849260646.9046526	0.0011820673597487748	-2129289.5516439686	7.305644307232255e-06	2.7053229923234827
3455.9999999776965	29739225091.947403	-279126.6956256777	29738945965.251774	0.001309930232052627	47.96196985987485	4.027516808976657e-06	-11.13927715654952	6.634264794154906	75936.7408246999	2072082560.0079353	63160.48399844672	2072145720.4919336	0.0024291914402677006	2080613.0217773437	9.79634058203283e-06	5.506419173023626	2849226662.55354	33391.16846045153	2849260053.7220006	0.006744475557973786	-2066670.2301913132	7.070387163320098e-06	15.438495385131032
3496.4999999767388	29739047964.756752	-183495.23483730853	29738864469.521923	0.0011178724338704515	425.8731233043781	4.002153346501442e-06	-11.205770766773163	5.6587724702346565	75483.36434655097	2072050403.9344463	63431.14063754934	2072113835.0750842	0.0009223086222177578	2214312.64811501	9.775704874399885e-06	2.0927495116953385	2849240562.706909	30619.729881389067	2849271182.4367905	0.01396100312007992	-2289551.292704748	6.952247431556987e-06	31.949669600437918
3536.999999975781	29738730460.577057	85643.39271530509	29738816103.969772	0.000893246590769485	61.59195085562129	4.058622631733918e-06	-11.262480031948881	4.525146571574905	76416.85214912557	2072011230.9196284	67673.60401667142	2072078904.5236452	0.0013350156276566287	2161334.1197696007	9.870341764414866e-06	3.031270230417694	2849264066.563134	22781.565109206364	2849286848.128243	0.0011093675951257096	-2109293.168881206	7.050566987568797e-06	2.53872074233975
3577.4999999748234	29738963293.245102	-155584.51692952216	29738807708.728172	0.0007209165632837099	212.0338766047874	3.973348463665214e-06	-11.272164536741213	3.653909304286751	75034.60422519382	2072015430.606084	67007.72758264001	2072082438.333667	0.000953738889663724	1782306.4441770897	9.61328844944454e-06	2.1681806663821956	2849269821.8988786	21424.427803427447	2849291246.3266816	0.000495413459582512	-2032555.0064976586	6.850950106458311e-06	1.1332304888634885
3617.9999999738657	29738971708.524063	-192475.50867661834	29738779233.015385	0.0005182947719102765	107.25760537346477	4.015539015597093e-06	-11.289536741214057	2.6267289329140744	75689.15335379125	2072010812.6344147	59910.793518327875	2072070723.4279323	0.0004557236765848003	1861696.9023001282	9.460458519335541e-06	1.0342113585763764	2849272692.288252	21382.544005506672	2849294074.8322573	0.0005883358995305764	-1947296.520641235	7.160834922856568e-06	1.3469046113076415
3658.499999972908	29738781643.40529	-19230.299306616187	29738762413.105984	0.00044500822539596317	0.7224144423214653	3.937196712217151e-06	-11.307507987220447	2.257194565290927	74440.30825548508	2072007308.7153873	52379.60626767971	2072059688.3216553	0.0001393251389934546	2024080.9840626349	9.549180915920245e-06	0.3164446116610185	2849265678.2117558	25102.656024887456	2849290780.8677807	0.0020431626729140516	-2013803.3941094638	6.8179155300343e-06	4.677380000561356
3698.9999999719503	29738915793.566433	-166546.4441381246	29738749247.12229	0.0007154373558928042	334.2624737064747	3.945890222073704e-06	-11.318390575079873	3.623813073540443	74662.35851680087	2071967126.5046375	53937.97477778909	2072021064.4794152	0.0005319106795100325	2174616.768401444	9.091379647739583e-06	1.2077248029526335	2849285806.610697	19176.746203281447	2849304983.3568997	0.0010541277744175064	-2107821.250763497	7.040595922557872e-06	2.4137842581908324
3739.4999999709926	29738805429.218292	-125586.4661177546	29738679842.75217	0.0007431298785571438	57.984196425838626	3.99101802774403e-06	-11.395966453674122	3.7554981274170327	75433.48070124842	2071953388.8251276	50451.97644636453	2072003840.801574	0.0009696919947263097	1809398.704057912	9.571812013076103e-06	2.1885987096674087	2849294491.606597	15981.956335545983	2849310473.562932	0.00027528621242897916	-1958902.3184395025	6.906377090182338e-06	0.6294809007604217
3779.999999970035	29738774743.88771	-117760.79506289959	29738656983.092648	0.0005562873346368626	259.4397613103752	3.939967423341271e-06	-11.403853833865815	2.823829836612033	74357.22424056141	2071956241.5860753	51895.794733334566	2072008137.3808086	0.0009462812107674667	1814979.5904449376	9.66319322393354e-06	2.1668114197824213	2849294442.4288	15598.920866276138	2849310041.3496666	0.00021664049616709543	-1899261.6401048559	6.795412820216158e-06	0.4952267728703716
3820.499999969077	29738863461.549194	-180922.5663300455	29738682538.98287	0.0004900995294901372	286.50961497374954	4.041613086122702e-06	-11.374700479233226	2.486830264649953	76268.33414615334	2071953045.6809914	54311.32557492261	2072007357.0065663	0.0009049151363162397	1796216.4372085852	9.96030700683341e-06	2.0696137604428695	2849295397.484577	14901.14704703237	2849310298.631624	0.00017712686358867073	-1885166.213177963	6.921286811491573e-06	0.4045236998635071
3860.9999999681195	29738815044.05526	-184716.5305606872	29738630327.524704	0.000457664386142511	235.64425751255501	4.154541377836749e-06	-11.416533546325878	2.3235245288631448	78322.48285897306	2071931903.9802237	51373.29461844126	2071983277.2748423	0.0005919562690528534	1868210.7831467262	1.037679342691946e-05	1.3552346784449156	2849295246.2166243	14174.536675754469	2849309420.7533	0.00010630388577820347	-1831854.7677641236	7.136069410953173e-06	0.24291099374302774
3901.499999967162	29738964933.167385	-367217.66109356284	29738597715.506294	0.0008394052663027477	331.1393067010405	4.1833154397468595e-06	-11.445487220447284	4.253401099272838	78940.4723563507	2071917066.1119268	49354.846661244985	2071966420.958588	0.0033606435205252422	1579183.9714087136	1.0320477536089198e-05	7.6569852940122445	2849290035.92402	14617.49654598534	2849304653.4205656	8.839382286929582e-05	-1792979.8539341635	7.161942740329188e-06	0.20179750401194166
3941.999999966204	29739079470.293312	-542271.5829049647	29738537198.710403	0.0015300974173215994	-65.38050582250295	4.2494272214517725e-06	-11.50748801916933	7.705952106644761	80038.16713291247	2071932627.7254941	55468.16045906348	2071988095.8859532	0.003973597389934635	1595687.5766685593	1.118585431476739e-05	8.95430245593044	2849282889.0307198	15606.15666944161	2849298495.187389	8.781896078026958e-05	-1786177.0693732128	7.132369333123685e-06	0.20022940993412086
3982.4999999652464	29739235792.514748	-651564.5580210984	29738584227.95673	0.00026213581791492067	-148.4778597668082	4.453688343281279e-06	-11.480531150159745	1.3170765351390532	83792.82458955384	2071933771.0028107	47295.577718455344	2071981066.580529	0.00012790454546801407	1595297.367717074	1.2205347763522626e-05	0.2867951484275311	2849275201.2638555	16675.116557226516	2849291876.3804126	0.00010868868013417553	-1797482.380100734	7.100545081713509e-06	0.2478899075071285
4022.9999999642887	29739107195.61491	-563098.9697922766	29738544096.645123	0.00020252409575638209	-15.457874178299917	4.395683381763331e-06	-11.513478434504792	1.0205775109149322	82712.05554049842	2071950115.7638597	40200.924971429864	2071990316.6888309	5.621572663505865e-05	1610305.175698991	1.2026098866030366e-05	0.1265628575278027	2849267368.327279	17886.932481990196	2849285255.259761	0.0001510085651678296	-1812969.502007565	7.022511617070995e-06	0.34414852476884317
4063.499999963331	29738961341.799927	-372372.589645505	29738588969.21028	0.00016146808237184796	191.12343253048527	4.377111076777552e-06	-11.4866214057508	0.8134131627034714	82504.27954120604	2071952195.3558285	47821.13277555908	2072000016.488604	4.482801436797211e-05	1793189.675793477	1.216472439240999e-05	0.10096887850798153	2849260469.192298	18974.68569749547	2849279443.877996	0.00015706768284011946	-1846660.0061580474	6.895623412164508e-06	0.35749307765197963
4103.99999996298	29739110114.647484	-535938.0048156381	29738574176.64267	0.00017888846070627327	-227.13898216190466	4.440380117913381e-06	-11.530151757188499	0.9028719209489385	83547.72356515727	2071949197.6121411	44235.24057099339	2071993432.8527122	5.3942953037346584e-05	1874050.8429671288	1.267017793277859e-05	0.12217980319736714	2849255177.279513	19692.530386445113	2849274869.8098993	0.00015854320313095396	-1875483.2229211312	6.8043508740187515e-06	0.3605631008742144
4144.499999965092	29738990620.861816	-457862.00433807075	29738532758.85748	0.00021127082703250514	460.739965819711	4.407543233111716e-06	-11.563198881789138	1.0656678504446815	82915.57680675432	2071942936.5008533	42590.60772569664	2071985527.108579	5.532737611414466e-05	1653063.898788955	1.2480587538707354e-05	0.1252534010340695	2849250664.906931	20209.126937976107	2849270874.033869	0.0001477102055866109	-1856863.4719313919	6.829799895116512e-06	0.33603750956593414
4184.999999967204	29739185934.342575	-676283.2212220655	29738509651.121353	0.0001806872102904623	163.1581493692126	4.264824222296035e-06	-11.611421725239616	0.9058719464367392	80436.39719066236	2071939389.1126943	49721.6071078584	2071989110.719802	6.125636504856802e-05	1737607.372956003	1.1655203882875356e-05	0.13661524345209347	2849246784.5821924	20577.339228587225	2849267361.9214206	0.00014295611781005494	-1841760.6633731392	6.794602815974123e-06	0.32491641529594467
4225.4999999693155	29739111369.25947	-603848.2271937579	29738507521.032276	0.00042715753275107996	88.1437965572203	4.27200357579178e-06	-11.623702076677317	2.137033482248253	80617.35786366466	2071966450.9109702	53766.99273249227	2072020217.9037027	0.001915351124682416	1421146.4482224286	1.1537461357172678e-05	4.285976533522648	2849243293.0184207	20895.75656027696	2849264188.7749815	0.00010688336607681326	-1835811.9620527576	6.849107273663361e-06	0.24274329907325523
4265.999999971427	29738936260.93884	-360098.25771699846	29738576162.681126	0.0002931918579648619	142.39296410484258	4.331146079925804e-06	-11.550019968051119	1.468082710704201	81696.12914364648	2071977148.43621	54043.34926815633	2072031191.7854786	0.0001524364907972951	1790097.7185053956	1.1955223156147573e-05	0.34098241014960806	2849238734.3873396	21418.247098220512	2849260152.6344385	0.00012671802113114035	-1830068.0229197182	6.871103764028631e-06	0.287793547250679
4306.499999973539	29739081058.53289	-515005.71382066613	29738566052.81907	0.00020038677681152384	-155.77375094957915	4.435529907274459e-06	-11.56908945686901	1.000596879407728	83555.35038365971	2071969976.1482685	48851.28742672247	2072018827.435695	0.00013168042597704285	1738719.1794975009	1.247041359676424e-05	0.2924654737093267	2849233903.509615	22087.952961071394	2849255991.462576	8.864082110167188e-05	-1843559.8063456614	6.837472658192027e-06	0.20108852255631948
4346.999999975651	29739164954.414818	-633261.2658781409	29738531693.148937	0.0001271195681474589	89.91916252600564	4.497810810908058e-06	-11.650658945686901	0.6355402304741254	84628.00588661383	2071954455.4682193	40700.962598014856	2071995156.430817	4.731593648108691e-05	1957813.217441645	1.2887369479725417e-05	0.1056438362192925	2849229557.8204045	22586.449288953794	2849252144.269694	0.00010811188117459628	-1852287.3740209253	6.7962806126580786e-06	0.24523098265912596
4387.499999977763	29739099863.107597	-618650.20959948	29738481212.897995	0.00021037021939142593	297.8519643735012	4.3455057339592e-06	-11.678614217252397	1.0567568223065924	81968.73476688005	2071954673.6162207	44581.624295983	2071999255.2405167	0.0008362185257864462	1575572.2734053452	1.1978421400381244e-05	1.8932447844004274	2849225872.4627967	22906.843329169318	2849248779.306126	0.00014947605201567397	-1862026.6927764947	6.7769385998121e-06	0.3392451211907185
4427.999999979875	29739072110.64518	-616617.2959740162	29738455493.349197	0.00015639591509290066	-219.35633433599887	4.303602182853143e-06	-11.708067092651758	0.781524905341673	80919.03931627955	2071966705.8560972	43242.24549600575	2072009948.1015933	0.0003490730923808256	1414267.3433366807	1.1742504412694204e-05	0.7867863307816992	2849221100.4734178	23686.753492918793	2849244787.2269106	7.821490084954853e-05	-1852658.0923452268	6.901878804008423e-06	0.17733975028499066
4468.499999981987	29739365483.30675	-889323.4094057382	29738476159.897346	0.00010326958378820832	304.46092055215183	4.282255172781245e-06	-11.671126198083067	0.518777790031889	80783.22558906756	2071953945.7440467	38755.480140568216	2071992701.224187	3.8315825190651604e-05	1734289.3817404318	1.1742776440406732e-05	0.08680709746066066	2849216885.430229	24157.94281244278	2849241043.373042	0.00013277891112698387	-1881631.7720872757	6.791757105998041e-06	0.30119162792649457
4508.999999984098	29739537943.244553	-1089559.0416087955	29738448384.20294	0.00014528679729195027	-87.93664216377041	4.233542757742578e-06	-11.734524760383387	0.730806872196526	80024.09275186434	2071952598.7626185	41975.219394832144	2071994573.9820135	3.8581767229945335e-05	1850630.0506488818	1.1023835983482344e-05	0.08762270133053537	2849215238.801477	24000.023291623682	2849239238.8247676	0.00016551275650422576	-1895230.5089199184	6.849377533836852e-06	0.3753931439087802
4549.49999998621	29739214382.617413	-770164.4590741694	29738444218.15834	0.0001385150608430885	79.80462255651148	4.231619485307868e-06	-11.738917731629392	0.6965093534088163	79855.90614331156	2071969558.6855755	39500.23150603636	2072009058.9170814	5.854719686811434e-05	1187983.4095413946	1.1096864272635391e-05	0.13323542666044047	2849211075.570136	24477.07951432047	2849235552.6496506	0.00015092863979538745	-1880679.0099262442	6.927288326153408e-06	0.34237640736233804
4589.999999988322	29739249790.082253	-810250.452666998	29738439539.629578	0.00011620602540611244	-165.58043270875282	4.223359277480573e-06	-11.711661341853036	0.5849053391395503	79563.0075773313	2071992374.297814	40664.11712814588	2072033038.4149423	3.0353691537207834e-05	1437983.7965105486	1.1331332424022225e-05	0.06930480129629317	2849207112.6200666	24908.189852743875	2849232020.8099184	0.00018331429981313207	-1900845.6643611905	6.77121563740934e-06	0.4160618104830076
4630.499999990434	29739292515.433025	-754884.8422204703	29738537630.590805	0.00013328916408982057	33.14981494068188	4.244366453245584e-06	-11.608526357827476	0.6698499796034192	79847.55199434332	2072005045.8243635	38737.99159324262	2072043783.8159564	4.748202652133038e-05	1740295.721961199	1.1368516051825896e-05	0.1083766969836232	2849204492.8886914	24941.01586120622	2849229433.9045525	0.00015445336901462128	-1876122.0090806452	6.821280131426925e-06	0.3503216890805887
4670.999999992546	29739303707.69529	-730639.6679575891	29738573068.02733	8.888035384467734e-05	216.20219836278073	4.225500787537409e-06	-11.564097444089457	0.4470188862592967	79734.9261202962	2071993293.7972512	35636.721900705714	2072028930.5191517	1.9879907887330707e-05	1845912.5091878406	1.1017164535800696e-05	0.045425403224400786	2849200462.8832984	25333.09557248722	2849225795.9788713	0.0001747558409282986	-1845298.6894069256	6.849673403880911e-06	0.39634945928250787
4711.499999994658	29739395364.632515	-881513.1064253078	29738513851.526093	0.000202223441729191	304.9767134629585	4.144816196868438e-06	-11.625499201277956	1.0136541487563797	78250.5467531545	2071986844.8170958	40547.694452664815	2072027392.5115485	0.0001173666875877415	1375717.2615947449	1.0541761824580692e-05	0.26547079414244457	2849197014.060529	25649.149634358007	2849222663.2101645	0.00010811538616814044	-1830449.235590159	6.9327281116315145e-06	0.2451258140540516
4751.9999999967695	29739333196.27266	-862156.1091562511	29738471040.1635	0.00013341611642629436	-149.14205164895472	4.209606625353059e-06	-11.730830670926517	0.664563047619016	79415.61761955505	2071996960.1969833	38290.70694281068	2072035250.9039257	3.3729986236404394e-05	1382862.7476775402	1.1041942139396966e-05	0.07470604695772295	2849191651.950631	26373.569273357276	2849218025.519904	0.0001184517046356183	-1823610.9722874465	6.995908603691451e-06	0.2684414346428784
4792.499999998881	29739495583.221024	-982425.5411322415	29738513157.679897	0.00019989205981652404	210.172546716734	4.254941724598496e-06	-11.645567092651758	0.9984586833204315	80271.16649497414	2072023042.7636254	37334.866456023185	2072060377.6300817	4.2877448471736035e-05	1624254.4708897492	1.1351075174861377e-05	0.09534598937504478	2849186463.0352497	27064.486249285746	2849213527.5214987	0.00017937863110485043	-1845497.1114618476	6.8615479734897304e-06	0.4066906603624254
4833.000000000993	29739540991.001667	-970714.8419645132	29738570276.159706	0.00014835761109504347	43.71834702831525	4.234728458129265e-06	-11.585762779552716	0.7373076644503179	79976.50045808828	2072015531.3960679	39711.38226858806	2072055242.778337	3.5958628392503726e-05	1614142.670641834	1.1039148581334826e-05	0.07970368440013818	2849183103.6236415	27393.144154291596	2849210496.7677956	0.00012834094974833963	-1856114.5683675006	6.8467925049134185e-06	0.2910023078410799
4873.500000003105	29739545314.28718	-1033366.9190232456	29738511947.36816	0.00010035986638216637	45.17431899948066	4.281772293130651e-06	-11.662739616613418	0.4991458098550677	80783.94679833335	2072026749.6258337	35570.09422445204	2072062319.7200582	3.310849695257479e-05	1074882.9650613707	1.1194563729366672e-05	0.07401137029419405	2849177968.987026	28141.067588555623	2849206110.054615	0.00017241513812616476	-1849445.5991027453	7.020827544279014e-06	0.3906410482903079
4914.000000005217	29739473374.18919	-939626.4175786376	29738533747.771614	0.00013198145933974312	-119.98230898887573	4.2362208428287e-06	-11.58905750798722	0.6595438176199712	79833.48433496401	2072058095.5588012	38038.09348190809	2072096133.6522832	5.930002324260873e-05	1504458.1902525183	1.1003685109545441e-05	0.13332090870435986	2849173001.132822	28935.74158573197	2849201936.874408	0.00020268284493568976	-1895281.3644294646	6.9171527808626944e-06	0.4597526642842866
4954.500000007329	29739708795.21338	-1065298.8643392026	29738643496.349037	0.00010477192203779249	183.0425702297573	4.253041376375647e-06	-11.489317092651758	0.5238146859233094	79987.07731021808	2072064696.8662682	36495.4803666356	2072101192.3466346	3.6240217119691745e-05	1958336.1321873679	1.1007851644143607e-05	0.08126917898444654	2849172550.139996	28596.358134273905	2849201146.4981303	0.00017306600283798157	-1956551.724784732	7.084121835243226e-06	0.39259894386433536
4995.000000009441	29739482177.148365	-844630.0440557897	29738637547.104317	0.00015441864035895772	129.74018832458694	4.216517803477879e-06	-11.486122204472844	0.7763627981903639	79298.86605267247	2072059271.6233468	38949.58924603694	2072098221.2125926	6.654035699662039e-05	1742088.4699526802	1.0608607277024305e-05	0.1514760012107595	2849172206.7990117	27976.256610660348	2849200183.0556226	0.0001700820569838616	-1865044.340486847	6.991059355711465e-06	0.3858154614044379
5035.500000011552	29739616515.464485	-959571.2584032641	29738656944.206085	0.00014625895027247315	108.77086630102916	4.089282961849433e-06	-11.476437699680512	0.7358674333473576	76894.94968660708	2072065441.882392	39152.362238779664	2072104594.2446303	5.91427618727566e-05	1474542.423764681	1.0534762349451576e-05	0.1344698703280984	2849168500.9448757	28342.397816715762	2849196843.3426924	0.00016902374960922603	-1844981.9694346364	6.819287735104622e-06	0.38386836501242055
5076.000000013664	29739386769.36448	-792424.4465248883	29738594344.91796	0.00013561114322667382	109.63381173112715	4.117125442569928e-06	-11.521066293929712	0.6826570178192248	77432.15541799102	2072059981.2296484	32880.20161220222	2072092861.431261	4.068486071457327e-05	1289938.8752000683	1.0260269372959089e-05	0.09259773911196353	2849165311.857773	28561.374957751483	2849193873.2327304	0.00015856649793156066	-1803087.6672397703	6.986901003711513e-06	0.3599459311111212
5116.500000015776	29739487311.66488	-915968.7990711705	29738571342.8658	0.00012285783437204518	177.57706093670944	4.115638867778513e-06	-11.540035942492013	0.6191207067044072	77560.6167890566	2072074259.6758823	30292.400719445195	2072104552.076602	4.7231697559468916e-05	1388074.9748672962	1.0557969552367073e-05	0.10736100451091654	2849160535.714922	29205.326998521574	2849189741.0419207	0.00021942381424291938	-1809934.415056404	6.8785066883791125e-06	0.49892262197616916
5157.000000017888	29739542501.978817	-898991.2823476195	29738643510.69647	0.00017688176067280793	-104.61327471416043	4.1362295671909675e-06	-11.46875	0.8868901451523715	78052.70220459069	2072086327.5144846	33732.26556683006	2072120059.7800512	6.141178302455493e-05	1840039.911861657	1.0474034133917889e-05	0.13806025177051515	2849156789.9128113	29671.028354576552	2849186460.9411654	0.00015712049148582227	-1824208.0203352566	6.972336274162327e-06	0.35723229069536755
5197.50000002	29739592618.911385	-933794.886405915	29738658824.024982	0.0001622908922825462	176.0857096137352	4.262742776730815e-06	-11.454672523961662	0.8139369269038066	80296.8259002501	2072080650.1968334	26390.004178769417	2072107040.2010121	4.0442361168205386e-05	1764753.734459621	1.1170300757551555e-05	0.09032980488425907	2849150340.308833	30822.63379215309	2849181162.942626	0.0002568602573289403	-1851619.0147491952	7.060503564332045e-06	0.5841887560615494
5238.000000022112	29739598982.820816	-979229.610433668	29738619753.21038	0.00014065249952594584	276.71503438587183	4.156829452515663e-06	-11.534644568690096	0.7044392184143177	78259.82171562868	2072074312.1076317	32674.550906690303	2072106986.6585383	6.12350753782701e-05	1629229.2836858337	1.0692887540525397e-05	0.13646869757470015	2849148418.5899296	31004.785617445825	2849179423.375547	0.0002579166311805088	-1953756.2150546096	7.0138089320094955e-06	0.5868453241266954
5278.5000000242235	29739663502.67832	-1062049.1149299443	29738601453.563393	0.00013957278985487456	39.039307329994294	4.200640781019088e-06	-11.532348242811501	0.700160651793135	78873.85641788323	2072085420.041007	34569.24173544324	2072119989.2827427	0.00012225247416800927	1677649.645142207	1.085747297499789e-05	0.2760681343731472	2849154562.4560194	28799.799366487186	2849183362.255386	0.0001328428879589427	-1880160.765174575	7.1120341686243684e-06	0.3023701725455464
5319.000000026335	29739696009.75025	-1033260.1908762306	29738662749.559372	0.00012122126221531764	309.9523166795502	4.197420709423551e-06	-11.422623801916933	0.6088429042342877	78926.5795072164	2072083547.3929467	37152.75024001417	2072120700.1431866	4.983459389805753e-05	1832326.9926792148	1.0891422675356015e-05	0.112807879384729	2849151605.9799542	28926.742396316487	2849180532.7223506	0.00013117041362929388	-1815928.1572960648	6.981152934923216e-06	0.29858119167814273
5359.500000028447	29739656804.638386	-1026013.6507689059	29738630790.987617	0.00010673973715074355	253.77417760903433	4.201078762063546e-06	-11.440694888178914	0.5374075920513286	79012.99300183084	2072074616.5275774	34557.90162150026	2072109174.4291995	2.5024262679177658e-05	1679794.699423698	1.0461394178174923e-05	0.05676984631327887	2849147276.008462	29416.36438885494	2849176692.3728514	0.00013159785253680616	-1771262.2718121414	7.168237669624288e-06	0.29947836906304837
5400.000000030559	29739471626.641613	-886193.9340118469	29738585432.707596	7.370167415397633e-05	372.79295040968043	4.266496960561149e-06	-11.491813099041533	0.3711241375739423	80081.94921279466	2072060265.9657683	36723.15461682761	2072096989.1203852	2.149020886824617e-05	1518886.7240993073	1.081578372972251e-05	0.048679291050775335	2849140776.2441893	30450.404268010985	2849171226.6484575	0.00018171010074436128	-1762645.3979394063	7.3263740997673755e-06	0.413426882233342
5440.500000032671	29739247470.103157	-719774.8478627428	29738527695.2553	0.00011739705986352762	-184.6500030263843	4.284581192270883e-06	-11.536541533546325	0.5907623955271232	80533.09310060095	2072092040.4440808	30708.538410874782	2072122748.9824913	4.4097534718406944e-05	1167405.600180599	1.1061168020206463e-05	0.09953038527780686	2849131635.2581472	32071.647044251207	2849163706.9051914	0.0002137695770131529	-1781179.4802642532	7.277919846731157e-06	0.48630647904122903
5481.000000034783	29739474484.41025	-874600.5787259564	29738599883.831528	7.63531420785472e-05	28.569364955538326	4.298622994225448e-06	-11.465155750798722	0.3844242422997123	80755.35915297864	2072108115.8483438	24948.734106453365	2072133064.5824502	1.7010099919335848e-05	1727819.1876877258	1.1686809703001945e-05	0.03853898063153439	2849125719.0559206	33034.26635054452	2849158753.322272	0.00020923980383254705	-1851434.8172943955	6.980011313177266e-06	0.4764678960039255
5521.500000036895	29739493221.745472	-844302.0481427312	29738648919.697323	0.00011771216813042752	225.0632432794163	4.25742331043605e-06	-11.425918530351439	0.5934119813435103	79976.64827783592	2072103659.6922646	30180.923979203213	2072133840.6162438	5.50677820234896e-05	1790930.9002937807	1.1111243402833719e-05	0.12506807888784374	2849121705.009259	33558.36615006626	2849155263.3754096	0.0002668730524821449	-1849962.8954264412	7.057648836200889e-06	0.6070783236330349
5562.000000039006	29739401311.140366	-791945.3441107051	29738609365.79626	8.877013465295161e-05	123.34826992478945	4.194035277764284e-06	-11.46116214057508	0.448400269373822	78977.20322766043	2072094925.5865946	28342.527537708866	2072123268.1141322	2.559617082559981e-05	1611343.0062939788	1.0771642415424136e-05	0.05859972781936669	2849118579.7267747	33969.09815122862	2849152548.8249254	0.0003483181193096458	-1881907.882132236	7.03606450013e-06	0.7926964897393662
5602.500000041118	29739430707.679886	-859175.4647164047	29738571532.21517	0.00012134585293991586	130.40772894496072	4.165496773696723e-06	-11.49151357827476	0.6125766929573022	78302.44455664091	2072101268.8637319	27559.19790487643	2072128828.0616364	2.7569394860819358e-05	1803900.321784087	1.0558265544136816e-05	0.06273656926281453	2849113947.218539	35099.18821682967	2849149046.406756	0.0004947655889484521	-1888081.8751252247	7.205563380792666e-06	1.1255043573942947
5643.00000004323	29739431049.23359	-848243.4438934625	29738582805.7897	0.00014457906157648993	519.7283075241412	4.2638890375027216e-06	-11.496106230031948	0.7300934207005778	79993.18648593882	2072090857.2511065	28812.02858922118	2072119669.2796955	3.018432866997021e-05	1925626.4759941965	1.07190936817399e-05	0.06875012295840376	2849110188.26219	36526.66580674052	2849146714.927996	0.0009164560695276387	-2020529.2540480762	7.322015341722034e-06	2.0873634877129823
5683.500000045342	29739318698.515186	-758877.6140823365	29738559820.901108	0.00039136836433911173	231.2276183269628	4.293317272184918e-06	-11.53704073482428	1.9771535764254193	80438.20763319568	2072074048.1881557	43721.234593400965	2072117769.4227493	0.0026076924494758532	1653953.9369912273	1.071838063392252e-05	5.951994251329367	2849130829.7863817	30521.892491918054	2849161351.678875	0.0003941427596809941	-1948749.437812952	7.659997413028132e-06	0.8984857942103064
5724.000000047454	29739226243.882923	-670383.7432720662	29738555860.13965	0.0002483486552543789	-69.30838145044885	4.3150183950890106e-06	-11.522663738019169	1.256267590258693	81184.24759544572	2072072312.8456168	40972.211863519624	2072113285.0574806	0.00036320439932100595	1862245.1608326589	1.1223292461131185e-05	0.8313316789006322	2849132815.423194	29047.25820824783	2849161862.681402	0.00015701945121020477	-1842413.1871036855	7.349103693993945e-06	0.3580773747890707
5764.500000049566	29739288425.744583	-714198.2256218642	29738574227.51896	0.00010853144381163734	267.240295175145	4.330126561481053e-06	-11.493710063897764	0.5487123812426616	81349.05044913162	2072062209.7436728	35476.85160231707	2072097686.5952752	4.20361427171427e-05	1401947.0269066258	1.1318544193106933e-05	0.09584270299016909	2849127345.7442684	29767.958587092347	2849157113.7028556	0.00014346358544730877	-1814884.6249370042	7.162810956023266e-06	0.3272019804060783
5805.0000000516775	29739202346.26669	-688488.4223101288	29738513857.844376	0.0001331383798250735	4.930885281855304	4.309900655039258e-06	-11.551617412140574	0.6737696618952778	80966.65153225521	2072092860.3390548	36411.62881908403	2072129271.967874	4.806960446731617e-05	1377612.687419619	1.1251566480814598e-05	0.1100224492715427	2849120370.5155816	30878.301578456536	2849151248.81716	0.00014938393093321577	-1813761.5423449008	7.33600539742395e-06	0.34060790697630716
5845.500000053789	29739231185.367493	-647414.1714536697	29738583771.19604	9.791488047404926e-05	-143.82384764099578	4.297695901449938e-06	-11.463158945686901	0.49541373901631275	80911.15750233394	2072106130.6475248	31181.223911185283	2072137311.871436	2.0039665232297527e-05	1826898.6769664579	1.1201832499816249e-05	0.045710275131512434	2849110163.4250073	32724.501293321835	2849142887.9263005	0.0001838515221685563	-1832247.573196847	7.283879070810136e-06	0.4195644282680408
5886.000000055901	29739319395.396767	-737317.4419638665	29738582077.954803	8.718381204081722e-05	227.58658323088014	4.197204719755814e-06	-11.474840255591054	0.44175672012592104	79022.23206127799	2072098657.6077437	28005.624686988536	2072126663.232431	2.481210765755442e-05	1877358.9383439342	1.0593189594532909e-05	0.05685137517523243	2849106257.221986	33328.371421606746	2849139585.593407	0.00023286468348732308	-1924375.2951227676	7.139696952055267e-06	0.5318927976132518
5926.500000058013	29739557624.161156	-1000624.0447835475	29738557000.11637	9.93919820237124e-05	259.6323169208262	4.213692830897583e-06	-11.49420926517572	0.5035937261399452	79121.22345161015	2072079080.7887878	31740.374907143178	2072110821.1636949	5.5916374391124634e-05	1864697.091159386	1.037776045147612e-05	0.12809589117595296	2849110330.4151554	32030.545153130774	2849142360.960308	0.00021576766873062522	-1962226.6328107081	7.487149180063832e-06	0.4926129051731721
5967.000000060125	29739441109.20818	-935130.3961658776	29738505978.81201	0.00011262464439175291	337.06871183893566	4.289927096165168e-06	-11.53973642172524	0.5713803675647543	80707.82006659517	2072069606.5738907	33758.37485471531	2072103364.9487455	6.463560390468794e-05	1500205.4179074932	1.0675755871144821e-05	0.14822286381881747	2849111314.8471055	31114.880510814954	2849142429.727617	0.00015498543196382529	-1837155.3238069983	7.584707033879505e-06	0.35383165870596095
6007.500000062237	29739598643.738308	-1113679.7768400908	29738484963.961468	0.00010716549015139421	71.32559012469449	4.344928387116031e-06	-11.600539137380192	0.5393156354017367	81785.61611989643	2072082458.793356	38823.23199393391	2072121282.02535	5.279677098040027e-05	1589591.8793333226	1.0932332286583397e-05	0.11801501169286438	2849103890.620599	32191.68683850509	2849136082.307437	0.00012070021513486856	-1766492.789307985	7.704945405252168e-06	0.27558860618375297
6048.000000064349	29739456530.98622	-957233.4243414551	29738499297.56189	0.00013542385703098749	224.59961997502722	4.548278785689174e-06	-11.570886581469649	0.6815400758017995	85376.41736017753	2072096208.749218	31391.521905526282	2072127600.2711234	5.741308915291662e-05	1219525.3148189057	1.1624668370167945e-05	0.12812336047281817	2849094297.7115283	34086.00002259086	2849128383.711551	0.0002544053396374174	-1758935.4911328435	7.825887139420858e-06	0.580611706174266
